2.2906642,5.500353,-10.699495,,0
2.289573,5.513473,-10.697294,,0
2.2784204,5.591766,-10.681033,,0
2.2678907,5.6932535,-10.6626005,,0
2.2645316,5.7392163,-10.655203,,0
2.2644181,5.74802,-10.654143,,0
2.2644038,5.7491207,-10.654011,,0
2.2613854,5.7686725,-10.649793,,0
2.2572048,5.8068466,-10.642712,,0
2.2530668,5.841719,-10.636027,,0
2.2489996,5.8710895,-10.630006,,0
2.2439406,5.9058766,-10.622711,,0
2.2360477,5.94591,-10.612921,,0
2.2272198,5.986958,-10.602386,,0
2.2193696,6.0236897,-10.592994,,0
2.2144241,6.0496736,-10.586759,,0
2.2124686,6.058306,-10.584476,,0
2.2124403,6.0605073,-10.584211,,0
2.208373,6.0898776,-10.57819,,0
2.20201,6.1542916,-10.566707,,0
2.198438,6.216761,-10.557322,,0
2.1959715,6.2650104,-10.55027,,0
2.1926267,6.3098726,-10.543005,,0
2.189282,6.354735,-10.53574,,0
2.185073,6.39511,-10.528394,,0
2.1827767,6.430154,-10.522932,,0
2.1805656,6.458595,-10.518265,,0
2.1793466,6.481619,-10.514872,,0
2.1781275,6.504643,-10.511478,,0
2.1777442,6.534355,-10.507901,,0
2.17729,6.5695696,-10.503661,,0
2.1768358,6.604784,-10.499421,,0
2.1781666,6.6445713,-10.495873,,0
2.178548,6.686474,-10.491449,,0
2.1790147,6.7217736,-10.487821,,0
2.1786172,6.7525864,-10.484111,,0
2.1782482,6.781198,-10.480666,,0
2.176944,6.810825,-10.476478,,0
2.1746194,6.848069,-10.470751,,0
2.1722238,6.890816,-10.464361,,0
2.1698425,6.9324627,-10.458104,,0
2.168439,6.969793,-10.452989,,0
2.1679277,7.009409,-10.448218,,0
2.1664248,7.054442,-10.442175,,0
2.1658,7.102862,-10.436345,,0
2.1679382,7.1515384,-10.432348,,0
2.171904,7.201486,-10.4294405,,0
2.174085,7.246861,-10.425841,,0
2.176294,7.2900352,-10.422507,,0
2.176704,7.329737,-10.418348,,0
2.1780205,7.370625,-10.414668,,0
2.1802156,7.4148993,-10.4112015,,0
2.183303,7.46146,-10.40808,,0
2.1891534,7.5082774,-10.406792,,0
2.1968315,7.556366,-10.406593,,0
2.2035887,7.604369,-10.405784,,0
2.2104452,7.644669,-10.405902,,0
2.2155592,7.677095,-10.4057255,,0
2.219809,7.7050333,-10.405468,,0
2.2231379,7.7328863,-10.404599,,0
2.2263958,7.7662416,-10.403069,,0
2.2278118,7.799426,-10.400315,,0
2.2292705,7.8293095,-10.39796,,0
2.2298365,7.8569064,-10.395258,,0
2.2294674,7.885518,-10.391813,,0
2.2272422,7.9150596,-10.387013,,0
2.225017,7.944601,-10.382214,,0
2.2209358,7.975072,-10.37606,,0
2.2159052,8.007658,-10.36903,,0
2.2089334,8.047776,-10.359851,,0
2.2009695,8.093311,-10.349398,,0
2.1939976,8.13343,-10.340219,,0
2.1880887,8.162629,-10.332975,,0
2.1841068,8.185397,-10.327749,,0
2.1800966,8.210366,-10.322258,,0
2.1769505,8.239822,-10.316848,,0
2.1746259,8.277067,-10.311121,,0
2.1713235,8.318628,-10.304253,,0
2.1680071,8.36129,-10.297253,,0
2.1647475,8.3995495,-10.290782,,0
2.15966,8.436538,-10.283222,,0
2.154516,8.477928,-10.275132,,0
2.1493292,8.522619,-10.2666445,,0
2.1432073,8.568326,-10.257414,,0
2.1388705,8.618605,-10.248875,,0
2.1363046,8.674557,-10.240895,,0
2.1346455,8.731695,-10.233395,,0
2.133879,8.79112,-10.22624,,0
2.1331265,8.849443,-10.219217,,0
2.1342585,8.904637,-10.213815,,0
2.1354475,8.955429,-10.208941,,0
2.1357296,9.005035,-10.20359,,0
2.136026,9.053541,-10.198372,,0
2.1354296,9.09976,-10.192807,,0
2.1347766,9.150381,-10.186712,,0
2.1331174,9.20752,-10.179212,,0
2.1305656,9.262371,-10.171365,,0
2.1272776,9.302832,-10.164629,,0
2.124174,9.328986,-10.159616,,0
2.1220057,9.354126,-10.155347,,0
2.119809,9.381467,-10.150812,,0
2.1185472,9.407792,-10.147021,,0
2.1181498,9.438604,-10.1433115,,0
2.1177096,9.472718,-10.139204,,0
2.1191115,9.507003,-10.136318,,0
2.1222558,9.549162,-10.133727,,0
2.126165,9.603512,-10.13029,,0
2.1283457,9.648887,-10.126691,,0
2.12979,9.679871,-10.124203,,0
2.129435,9.707382,-10.120891,,0
2.1281593,9.734808,-10.116967,,0
2.1268408,9.765535,-10.112646,,0
2.1264434,9.796348,-10.108936,,0
2.12606,9.82606,-10.105359,,0
2.1257193,9.852471,-10.10218,,0
2.1253502,9.8810835,-10.098735,,0
2.1266668,9.921971,-10.095055,,0
2.1288192,9.969547,-10.09119,,0
2.1310427,10.0116205,-10.087988,,0
2.1316655,10.034816,-10.085816,,0
2.1325154,10.040403,-10.085765,,0
2.1342297,10.050478,-10.085794,,0
2.1410577,10.0929785,-10.085648,,0
2.1504357,10.152243,-10.085346,,0
2.1564705,10.184754,-10.085781,,0
2.1573489,10.188141,-10.085995,,0
2.1600976,10.189498,-10.087695,,0
2.1857564,10.201795,-10.10361,,0
2.2269862,10.222147,-10.129117,,0
2.26184,10.236399,-10.15101,,0
2.2940023,10.244891,-10.171732,,0
2.3234441,10.249826,-10.191019,,0
2.3501515,10.252304,-10.208737,,0
2.3750172,10.254611,-10.225234,,0
2.396199,10.256577,-10.239286,,0
2.4201436,10.258799,-10.255172,,0
2.4496138,10.261533,-10.274723,,0
2.4827678,10.264608,-10.296719,,0
2.5223687,10.268283,-10.322991,,0
2.565653,10.272299,-10.351708,,0
2.6098585,10.276401,-10.381036,,0
2.654064,10.280502,-10.410363,,0
2.6945999,10.283161,-10.437379,,0
2.731466,10.284378,-10.462084,,0
2.7673972,10.28661,-10.486045,,0
2.8005655,10.288586,-10.508173,,0
2.831906,10.289289,-10.529212,,0
2.8660095,10.29025,-10.552084,,0
2.9037683,10.293753,-10.577135,,0
2.9433692,10.297427,-10.603408,,0
2.9838908,10.301187,-10.630292,,0
3.0216496,10.304689,-10.655343,,0
3.0557246,10.307851,-10.67795,,0
3.0879436,10.311942,-10.699203,,0
3.1247246,10.319762,-10.723112,,0
3.166139,10.325809,-10.750341,,0
3.2075815,10.329654,-10.777836,,0
3.2499452,10.333584,-10.805942,,0
3.2932296,10.3376,-10.834659,,0
3.336514,10.341616,-10.863376,,0
3.3807337,10.344617,-10.892836,,0
3.4230974,10.348547,-10.920941,,0
3.4590285,10.350779,-10.944902,,0
3.4931319,10.351739,-10.967774,,0
3.5253935,10.352529,-10.989424,,0
3.5530503,10.352891,-11.0080185,,0
3.5816422,10.352239,-11.027357,,0
3.6093132,10.3515005,-11.046084,,0
3.6388261,10.350933,-11.066033,,0
3.668339,10.350366,-11.085982,,0
3.694154,10.350557,-11.103355,,0
3.7181554,10.348377,-11.119771,,0
3.7430634,10.347383,-11.136665,,0
3.7698276,10.345459,-11.154914,,0
3.796606,10.342435,-11.173295,,0
3.8215427,10.33924,-11.1904545,,0
3.8427956,10.335703,-11.20517,,0
3.8548105,10.333512,-11.2135105,,0
3.8668113,10.332422,-11.221719,,0
3.8935754,10.330499,-11.239967,,0
3.912958,10.328992,-11.253196,,0
3.9166558,10.328233,-11.255773,,0
3.91667,10.327132,-11.255905,,0
3.917591,10.327218,-11.256516,,0
3.929592,10.326128,-11.264725,,0
3.9480393,10.325636,-11.277209,,0
3.957263,10.32539,-11.283452,,0
3.9738827,10.3236265,-11.2948475,,0
3.9886463,10.322793,-11.304889,,0
4.000633,10.3228035,-11.312964,,0
4.0199866,10.323498,-11.325928,,0
4.028275,10.324266,-11.331427,,0
4.0319586,10.324608,-11.333871,,0
4.043024,10.3245325,-11.341335,,0
4.0577874,10.323699,-11.351377,,0
4.0762205,10.324307,-11.363729,,0
4.0891423,10.323303,-11.372547,,0
4.0909843,10.323474,-11.373769,,0
4.0965242,10.322886,-11.377567,,0
4.114051,10.3223095,-11.3894415,,0
4.127879,10.322491,-11.398739,,0
4.1297355,10.321561,-11.400093,,0
4.1306562,10.321647,-11.400704,,0
4.139894,10.3203,-11.40708,,0
4.1638956,10.31812,-11.423495,,0
4.1777525,10.3161,-11.433058,,0
4.1842275,10.314497,-11.4376,,0
4.2008615,10.311633,-11.449128,,0
4.2110205,10.310372,-11.456114,,0
4.2165747,10.308684,-11.460045,,0
4.231381,10.304549,-11.470483,,0
4.2387767,10.303032,-11.475636,,0
4.2396975,10.303118,-11.476247,,0
4.2406325,10.302103,-11.476991,,0
4.240661,10.299902,-11.477256,,0
4.242588,10.29347,-11.479273,,0
4.2435656,10.289154,-11.480413,,0
4.2454786,10.283823,-11.482298,,0
4.2474055,10.277391,-11.484315,,0
4.2493324,10.27096,-11.486332,,0
4.2512593,10.264528,-11.488349,,0
4.253186,10.258097,-11.490366,,0
4.2589674,10.238801,-11.496417,,0
4.2666616,10.214174,-11.504353,,0
4.2724996,10.190477,-11.510934,,0
4.279287,10.164664,-11.518391,,0
4.28606,10.139952,-11.525715,,0
4.29194,10.112953,-11.532693,,0
4.2968855,10.086969,-11.538928,,0
4.30278,10.05887,-11.546039,,0
4.3096666,10.025354,-11.554423,,0
4.3184237,9.989808,-11.564295,,0
4.328144,9.951046,-11.575174,,0
4.3380065,9.901279,-11.587379,,0
4.3460555,9.849141,-11.598627,,0
4.3512707,9.802249,-11.60738,,0
4.354559,9.761788,-11.614116,,0
4.356855,9.726745,-11.619577,,0
4.3572664,9.694832,-11.62342,,0
4.3576355,9.66622,-11.626864,,0
4.357084,9.637523,-11.629699,,0
4.354676,9.609755,-11.631178,,0
4.3514037,9.577499,-11.632576,,0
4.346474,9.530767,-11.634475,,0
4.337054,9.474805,-11.634378,,0
4.3275194,9.427646,-11.633223,,0
4.3214703,9.3962345,-11.632655,,0
4.316285,9.369311,-11.632169,,0
4.310236,9.3379,-11.631601,,0
4.3059435,9.313263,-11.631461,,0
4.3043427,9.294384,-11.632492,,0
4.3019066,9.268817,-11.633706,,0
4.2977705,9.232075,-11.635024,,0
4.2945695,9.194318,-11.637085,,0
4.2912974,9.162063,-11.638483,,0
4.290575,9.146571,-11.639727,,0
4.2906175,9.14327,-11.640124,,0
4.2907453,9.133366,-11.641316,,0
4.285688,9.096538,-11.642023,,0
4.2744823,9.036002,-11.641235,,0
4.263248,8.977668,-11.6401825,,0
4.255513,8.933981,-11.639851,,0
4.250371,8.903756,-11.639762,,0
4.246107,8.876918,-11.639887,,0
4.2427354,8.852366,-11.640358,,0
4.2401147,8.841105,-11.63985,,0
4.240129,8.840005,-11.639982,,0
4.2401576,8.837804,-11.640247,,0
4.2392507,8.836617,-11.639769,,0
4.2392793,8.834416,-11.640034,,0
4.2340093,8.8140955,-11.638753,,0
4.2199273,8.762108,-11.635072,,0
4.208537,8.7158785,-11.632562,,0
4.205066,8.69903,-11.632105,,0
4.2050805,8.697929,-11.632237,,0
4.205095,8.696829,-11.63237,,0
4.2050805,8.697929,-11.632237,,0
4.205066,8.69903,-11.632105,,0
