0.34424925,0.17785454,-0.42211723,-105.69100205579804,22686.767578125,-58.49800219042816,20806.884765625,
0.34461755,0.17628305,-0.42220083,-102.78441612756025,70410.15625,-58.53621589639218,20806.884765625,
0.34401888,0.17531848,-0.4223324,-102.76114423825956,70858.7646484375,-58.55240894190089,20785.5224609375,
0.34342033,0.17435376,-0.4224634,-103.10174669339888,22985.83984375,-58.46243704235662,20764.16015625,
0.34438777,0.17374715,-0.42241648,-104.14924184528972,69534.3017578125,-58.47205654859161,20785.5224609375,
0.34378895,0.1727817,-0.42254072,-102.03178455119422,24310.302734375,-58.476560551775016,20785.5224609375,
0.34319,0.17181663,-0.42266718,-102.86361528745948,69705.2001953125,-58.535665155713446,20806.884765625,
0.3425908,0.17085136,-0.42279103,-104.02838441812324,69790.6494140625,-58.437159115828415,20806.884765625,
0.343558,0.17024443,-0.42274377,-103.2943721618583,69384.765625,-58.41152722960277,20785.5224609375,
0.34295815,0.16927959,-0.42286766,-102.7709392636595,70281.982421875,-58.58673087714344,20806.884765625,
0.34235692,0.16831484,-0.42298546,-102.93464509262641,69363.4033203125,-58.60940503237071,20785.5224609375,
0.3433233,0.16770655,-0.42293805,-102.1111152388807,23989.8681640625,-58.50218216631825,20785.5224609375,
0.34272334,0.16674094,-0.4230554,-104.1247549897393,70004.2724609375,-58.5650387475951,20785.5224609375,
0.3446707,0.1547651,-0.42366964,-104.58049728663583,70111.083984375,-58.51383534951178,20785.5224609375,
0.3479309,0.14060758,-0.4243944,-103.59853938597,70132.4462890625,-58.72411460201701,20785.5224609375,
0.34988236,0.1286356,-0.42506805,-106.15463646314362,70388.7939453125,-58.75939969240761,20785.5224609375,
0.3526775,0.12016488,-0.42539456,-104.3336977716149,23519.8974609375,-58.54644656632017,20764.16015625,
0.35622925,0.108556435,-0.42586267,-102.88728700087348,69555.6640625,-58.726713509201495,20785.5224609375,
0.36249056,0.09260619,-0.42637205,-105.44251444715569,22985.83984375,-58.858458019427545,20785.5224609375,
0.36971638,0.06942708,-0.42730853,-104.33544454823179,23092.6513671875,-59.016897884562205,20785.5224609375,
0.37914363,0.040969484,-0.428404,-101.95641370659196,70410.15625,-58.95561499377962,20742.7978515625,
0.38656723,0.011204012,-0.4297883,-103.02979218312798,69726.5625,-59.051477915660904,20785.5224609375,
0.39394692,-0.021068312,-0.43136114,-104.09260167040033,23968.505859375,-59.06389038872223,20764.16015625,
0.39908692,-0.05058118,-0.43293557,-105.15464859619479,22879.0283203125,-58.956285407655386,20806.884765625,
0.4050705,-0.076551504,-0.43418762,-104.46675555633719,24288.9404296875,-58.95119882566944,20764.16015625,
0.4107517,-0.100936756,-0.43533707,-106.10460830683478,69555.6640625,-59.10615679457401,20806.884765625,
0.41553435,-0.12472856,-0.43653578,-101.80173857193942,23904.4189453125,-58.850604492328635,20764.16015625,
0.42011085,-0.15359749,-0.43810007,-103.28699007423587,23498.53515625,-58.91071057212902,20764.16015625,
0.4256017,-0.1855711,-0.4397951,-104.27580214736429,70602.4169921875,-59.008531596179694,20828.2470703125,
0.43069944,-0.21598226,-0.44141778,-103.64474361301474,24395.751953125,-58.816571401895246,20785.5224609375,
0.43597016,-0.24383853,-0.44287226,-104.65232735667405,23498.53515625,-59.37944576395604,20806.884765625,
0.4399795,-0.26702148,-0.4441262,-104.96615092359461,23327.63671875,-59.110299934024475,20785.5224609375,
0.44315034,-0.28708968,-0.44524366,-104.64385738414643,69812.01171875,-58.34948237501355,20785.5224609375,
0.4458087,-0.30814615,-0.44645643,-103.29904921136715,69982.91015625,-58.557636180935816,20785.5224609375,
0.44996035,-0.33130354,-0.44771904,-104.59860876949168,70516.9677734375,-58.23212854622347,20785.5224609375,
0.4540736,-0.3569981,-0.44914988,-104.07180726101906,22366.3330078125,-57.727720690855826,20764.16015625,
0.45726094,-0.38212767,-0.4506518,-101.42352809225132,70623.779296875,-57.56618041757469,20764.16015625,
0.46051267,-0.40725,-0.45213708,-104.15037013613599,23498.53515625,-57.3411536426443,20806.884765625,
0.4628268,-0.43181783,-0.4536619,-102.7661021371739,23455.810546875,-57.1142959239267,20785.5224609375,
0.46521726,-0.45637894,-0.45517713,-104.92987812647402,23455.810546875,-56.905583490069105,20785.5224609375,
0.46818602,-0.4824724,-0.45677558,-104.41181332646136,70025.634765625,-56.395488641085024,20785.5224609375,
0.47180673,-0.50754654,-0.4582211,-105.0235014894971,23455.810546875,-55.36748434414882,20785.5224609375,
0.47763458,-0.528567,-0.45917284,-103.25350397485164,70004.2724609375,-54.99151130512409,20785.5224609375,
0.48311073,-0.5454669,-0.45986873,-103.4919605533972,70581.0546875,-54.592374778604096,20785.5224609375,
0.48816207,-0.5582598,-0.4603284,-103.98478156601482,22900.390625,-54.19011142205686,20785.5224609375,
0.49173027,-0.5715363,-0.46095148,-102.79898330574886,70004.2724609375,-53.992308201679464,20785.5224609375,
0.49686307,-0.5842962,-0.4614245,-102.7341211444938,69876.0986328125,-53.72002985997794,20785.5224609375,
0.50049514,-0.5975546,-0.46206337,-104.56213676911173,70474.2431640625,-53.472042660095426,20785.5224609375,
0.5046543,-0.6097864,-0.4625798,-102.56125765169118,69961.5478515625,-53.19234478852249,20785.5224609375,
0.506797,-0.62099504,-0.46320096,-103.83225390692509,69790.6494140625,-52.89737824250362,20785.5224609375,
0.510493,-0.63167804,-0.46366066,-104.5329314140183,69384.765625,-52.598566133507575,20785.5224609375,
0.51274633,-0.6454217,-0.4644639,-100.97472183724776,69384.765625,-52.10022231802253,20785.5224609375,
0.51666677,-0.6611632,-0.4652811,-102.17331853072557,24011.23046875,-51.57986323663664,20785.5224609375,
0.5213154,-0.68094504,-0.4663331,-102.09336368153522,70709.228515625,-51.03588194432825,20785.5224609375,
0.5280705,-0.6991092,-0.4671021,-103.72450633319906,69812.01171875,-50.67693525246697,20785.5224609375,
0.53331405,-0.71525186,-0.4678563,-105.46194917966696,70452.880859375,-50.34453512767308,20785.5224609375,
0.538983,-0.72778326,-0.46831784,-103.89441517831256,71136.474609375,-50.02728167306663,20785.5224609375,
0.54379034,-0.7423718,-0.46900326,-104.99747134988306,24331.6650390625,-49.59473066335613,20785.5224609375,
0.5509154,-0.7603956,-0.46973467,-104.176085044362,23605.3466796875,-49.14365835444045,20785.5224609375,
0.5584446,-0.78347206,-0.47080567,-103.85094766966672,70645.1416015625,-48.84704881197407,20785.5224609375,
0.5660831,-0.80651236,-0.47188222,-102.09873877869978,70281.982421875,-48.462591121268694,20785.5224609375,
0.5732284,-0.82801926,-0.47288448,-105.92698049283216,22900.390625,-48.183053960010014,20785.5224609375,
0.5792286,-0.8465117,-0.47377756,-105.06314594961506,69812.01171875,-47.91221786567654,20785.5224609375,
0.5842584,-0.86454433,-0.4747103,-104.42273239319056,23434.4482421875,-47.718621489487205,20785.5224609375,
0.5897862,-0.8814984,-0.4755428,-104.79357631995973,23861.6943359375,-47.49472111373937,20785.5224609375,
0.59539354,-0.8984266,-0.4763703,-104.13065067146582,70666.50390625,-47.247280838339314,20785.5224609375,
0.6017351,-0.91680497,-0.4772598,-103.30117928754879,69769.287109375,-47.135078760306655,20785.5224609375,
0.6072575,-0.9311399,-0.4779067,-103.33175056859106,70089.7216796875,-46.9401678546476,20785.5224609375,
0.6132417,-0.94438714,-0.4784447,-104.9875035274283,69833.3740234375,-46.87080751230287,20785.5224609375,
0.6176603,-0.95213854,-0.47869846,-103.79475959182456,69384.765625,-46.66703942179306,20785.5224609375,
0.6199636,-0.95907545,-0.4790517,-104.34454379906603,70773.3154296875,-46.642663373706064,20785.5224609375,
0.62306803,-0.963871,-0.47918463,-104.22570167037664,69427.490234375,-46.58714680539536,20785.5224609375,
0.6261826,-0.96865994,-0.47931924,-103.94362705782767,21832.275390625,-46.53637780232674,20785.5224609375,
0.62823844,-0.9730474,-0.47950286,-104.76000660838629,69641.11328125,-46.46467708589687,20785.5224609375,
0.6320701,-0.97927874,-0.47969848,-102.23798342972873,70025.634765625,-46.416410154367284,20785.5224609375,
0.63484305,-0.98511356,-0.47994643,-105.14747391688962,22601.318359375,-46.34180947494717,20785.5224609375,
0.6387108,-0.9913225,-0.48014528,-105.80315727844868,23135.3759765625,-46.29135614875974,20785.5224609375,
0.6433004,-0.9989738,-0.48040235,-103.46006808346031,70239.2578125,-46.21994221806354,20785.5224609375,
0.6457569,-1.005858,-0.480755,-103.32697564064779,23071.2890625,-46.12935488277767,20785.5224609375,
0.6486068,-1.0116557,-0.4809989,-102.88115561016002,70837.40234375,-46.099623171068494,20785.5224609375,
0.65039635,-1.0170746,-0.4812922,-102.05888290073906,22814.94140625,-46.019213854179206,20785.5224609375,
0.6522037,-1.0224878,-0.48158258,-104.99442365043055,22686.767578125,-45.946465321581925,20785.5224609375,
0.65692705,-1.0300574,-0.48183283,-104.12799016878986,70452.880859375,-45.835624907515594,20785.5224609375,
0.66133404,-1.0386883,-0.4821875,-104.24745127789151,69470.21484375,-45.7328943815623,20785.5224609375,
0.66686696,-1.0476499,-0.4824959,-102.61167072079965,69918.8232421875,-45.66242788410867,20785.5224609375,
0.6716983,-1.0551511,-0.48274553,-105.88763456814408,23434.4482421875,-45.54894893089872,20785.5224609375,
0.67590755,-1.0647991,-0.48321214,-102.74855194019688,22665.4052734375,-45.51102258708578,20785.5224609375,
0.68018013,-1.0744196,-0.48367003,-103.76276194397644,70132.4462890625,-45.43545128727277,20785.5224609375,
0.6849839,-1.0865164,-0.48429173,-105.08372005437758,69812.01171875,-45.38351319864566,20785.5224609375,
0.6917804,-1.1002936,-0.4849241,-104.41226035201352,23028.564453125,-45.237036878754836,20785.5224609375,
0.70000184,-1.1179129,-0.48578435,-104.29199337608273,24075.3173828125,-45.11326384378167,20785.5224609375,
0.7080908,-1.136559,-0.4867474,-105.46808583272863,69598.388671875,-45.01132944916847,20785.5224609375,
0.7158166,-1.1573269,-0.4879326,-103.69473837525268,22409.0576171875,-44.91268081174894,20785.5224609375,
0.7243969,-1.1804746,-0.48928276,-102.95106692094052,69619.7509765625,-44.84175508929641,20785.5224609375,
0.7333924,-1.2082058,-0.4910013,-104.78343270421092,23135.3759765625,-44.76999936638801,20785.5224609375,
0.7442818,-1.2396349,-0.49295825,-105.14632368048835,70111.083984375,-44.64951506665517,20785.5224609375,
0.75703835,-1.2758044,-0.49518034,-103.75397432339881,22943.115234375,-44.65541556448899,20785.5224609375,
0.77188927,-1.3155813,-0.4976717,-105.03625582213189,70602.4169921875,-44.59033024325648,20785.5224609375,
0.7867706,-1.357452,-0.5002716,-103.9964653487322,70410.15625,-44.55887076688737,20785.5224609375,
0.8012132,-1.4036992,-0.50345516,-103.4734515264849,70367.431640625,-44.52298603624912,20785.5224609375,
0.81464374,-1.4508045,-0.50669277,-103.61444570565615,69854.736328125,-44.52877448559881,20785.5224609375,
0.82679063,-1.492992,-0.5093397,-102.12334916212092,69406.1279296875,-44.52799318804082,20785.5224609375,
0.83910733,-1.5281552,-0.5113797,-102.60369825934715,69897.4609375,-44.48072843615935,20785.5224609375,
0.8498653,-1.5595347,-0.51318395,-104.30525834469077,23626.708984375,-44.47902086729143,20785.5224609375,
0.8589811,-1.5871612,-0.51481086,-104.59824695290197,70495.60546875,-44.45990810496306,20785.5224609375,
0.869129,-1.6171304,-0.5166179,-104.00476337210762,23327.63671875,-44.44817530521212,20785.5224609375,
0.8793935,-1.6481466,-0.5185255,-106.01414223220617,23156.73828125,-44.4408534768587,20785.5224609375,
0.88993406,-1.6790708,-0.5204227,-102.92753297316834,70474.2431640625,-44.41801537512218,20785.5224609375,
0.90197915,-1.708884,-0.5221948,-104.51271102776104,69982.91015625,-44.41226141410354,20785.5224609375,
0.9121638,-1.7361271,-0.5239429,-103.01163914847956,70153.80859375,-44.419587530723554,20785.5224609375,
0.92151827,-1.7609571,-0.52554584,-102.88350483772263,70153.80859375,-44.436075887249515,20785.5224609375,
0.92995584,-1.7845016,-0.52718973,-103.66981331172957,23135.3759765625,-44.42264285817756,20785.5224609375,
0.9385377,-1.8080028,-0.5287005,-104.5785106199904,70581.0546875,-44.411664019826546,20785.5224609375,
0.94644725,-1.8268204,-0.52983767,-102.23810972475673,69897.4609375,-44.40814020204658,20785.5224609375,
0.9557172,-1.8445047,-0.53083897,-103.28591013810454,70410.15625,-44.337004657933605,20785.5224609375,
0.9661343,-1.8666822,-0.5321649,-104.592690298458,70474.2431640625,-44.25454319003872,20785.5224609375,
0.98236483,-1.8979707,-0.5340696,-104.16348113137808,23263.5498046875,-44.3294915297225,20785.5224609375,
1.0058222,-1.9393518,-0.53653264,-103.27565555210086,23690.7958984375,-44.27716552326393,20785.5224609375,
1.0332803,-1.9838303,-0.5391068,-103.97001189874726,23562.6220703125,-44.330875276242516,20785.5224609375,
1.0612527,-2.0245423,-0.5413676,-102.3812201498474,70068.359375,-44.30265572861698,20785.5224609375,
1.0861238,-2.0593135,-0.5432531,-103.28363877349184,70196.533203125,-44.36105841547308,20785.5224609375,
1.109191,-2.0949829,-0.54539096,-103.60512879469651,69705.2001953125,-44.23477410356143,20785.5224609375,
1.1327915,-2.130301,-0.54753715,-102.1421423623734,70175.1708984375,-44.33510204129399,20785.5224609375,
1.1584855,-2.1696315,-0.5503831,-102.74310467089919,70132.4462890625,-44.4735456948287,20785.5224609375,
1.1877283,-2.2139263,-0.5536305,-103.35454005262017,23370.361328125,-44.427906709060814,20785.5224609375,
1.2210263,-2.2652893,-0.55746204,-102.84482601659954,70367.431640625,-44.32699965547819,20785.5224609375,
1.2589196,-2.3270414,-0.562701,-103.10875356457773,70175.1708984375,-44.34147655150814,20785.5224609375,
1.3018624,-2.402577,-0.57034206,-103.9427211426652,69897.4609375,-44.37440540147038,20785.5224609375,
1.3448724,-2.4836793,-0.5786357,-104.36343011652708,23135.3759765625,-44.35360260113157,20785.5224609375,
1.3839743,-2.5619304,-0.58640516,-103.30119066090083,69876.0986328125,-44.345742809663335,20785.5224609375,
1.416104,-2.6251957,-0.59225154,-105.5690918467465,69705.2001953125,-44.32863212233925,20785.5224609375,
1.4374833,-2.6705081,-0.5960468,-103.9377802700651,23391.7236328125,-44.40977617899536,20785.5224609375,
1.4492835,-2.6976519,-0.59811777,-103.68816362505548,69256.591796875,-44.33432177270764,20785.5224609375,
1.4534042,-2.7108872,-0.59918964,-103.37243049040454,69683.837890625,-44.34533090526987,20785.5224609375,
1.4540243,-2.7154016,-0.599555,-102.58936239051434,69320.6787109375,-44.34505441151413,20785.5224609375,
1.4528935,-2.7155592,-0.5996043,-103.58794990063372,69619.7509765625,-44.34882817055805,20785.5224609375,
1.4517666,-2.7157447,-0.59964836,-105.52587486172283,21810.9130859375,-44.34266512133692,20785.5224609375,
