-4.405612,-2.9428997,0.40361214,1.3577424441730357,0.0,-51.61831802547568,20892.333984375,-52.39771256229926,11663.818359375,-59.61629114068627,20999.1455078125,132783
-4.4047694,-2.9446018,0.40406284,2.362668138596741,0.0,-51.58207521086751,20913.6962890625,-52.2517657234636,11685.1806640625,-58.70308985956325,21020.5078125,133183
-4.4056177,-2.9429033,0.40360874,2.209431004414367,0.0,-51.494991636405764,20913.6962890625,-52.18413903057851,11663.818359375,-58.544434201647135,21041.8701171875,133603
-4.3973393,-2.9462206,0.40483767,2.123422182546682,0.0,-51.28257632347476,20913.6962890625,-51.98643480776259,11642.4560546875,-58.644367561870396,20956.4208984375,134843
-4.3846927,-2.9536834,0.4073524,2.051696812971783,0.0,-51.1775493687433,20892.333984375,-52.099910577804266,11642.4560546875,-58.38649730116647,20999.1455078125,134863
-4.372449,-2.9623735,0.41017184,1.7991600297795332,0.0,-51.22190481670138,20913.6962890625,-52.208732579803,11685.1806640625,-58.426880118936275,20999.1455078125,134883
-4.364535,-2.9711199,0.41274363,2.6128519406904345,0.0,-51.23693987204113,20913.6962890625,-51.981359694321306,11663.818359375,-58.62812930886719,20999.1455078125,134903
-4.3605566,-2.9765491,0.41426882,1.4342248289476398,0.0,-51.289625248433104,20913.6962890625,-51.95864352725216,11663.818359375,-58.45432750814034,20999.1455078125,134923
-4.3592215,-2.9790668,0.4149409,1.2423229874098336,0.0,-51.26705552177797,20913.6962890625,-51.905140139728545,11621.09375,-58.657648839761364,20999.1455078125,134943
-4.3591976,-2.9811904,0.4154432,1.003885800933204,0.0,-51.24095132451838,20913.6962890625,-52.21083732235401,11706.54296875,-58.375910779434,20977.783203125,134963
-4.358725,-2.9841528,0.41616768,1.5237511735342923,0.0,-51.27821452996496,20892.333984375,-52.184305873768146,11685.1806640625,-58.31733037922181,21063.232421875,135123
-4.3582525,-2.9871151,0.41689318,2.478345075868685,0.0,-51.23535111903596,20913.6962890625,-52.093394738038896,11685.1806640625,-58.472634369578515,21020.5078125,135143
-4.3577785,-2.990078,0.41761672,1.675449511095035,0.0,-51.22255432840208,20913.6962890625,-51.99253989174834,11663.818359375,-58.399907286888286,20977.783203125,135163
-4.356885,-2.9917562,0.41805843,1.7816581612697946,0.0,-51.20945265958752,20913.6962890625,-52.245872649148026,11706.54296875,-58.38642835940344,20977.783203125,135203
-4.35599,-2.993434,0.41849855,2.7280335652247705,0.0,-51.191239979464946,20892.333984375,-51.92215573967821,11685.1806640625,-58.452808893533536,20999.1455078125,135323
-4.355958,-2.9955573,0.41900152,1.199353112895101,0.0,-51.236877073801864,20913.6962890625,-52.008966370021035,11663.818359375,-58.6748719374756,20977.783203125,135383
-4.355926,-2.997681,0.41950387,2.8732727735150556,0.0,-51.24864484158144,20913.6962890625,-52.031141384115564,11706.54296875,-58.56363960538357,20999.1455078125,135403
-4.3558626,-3.0019274,0.4205109,0.9688940281558291,0.0,-51.22665893996966,20913.6962890625,-52.06727267337552,11663.818359375,-58.75562848864189,20977.783203125,135423
-4.353143,-3.0090816,0.42233893,2.8558538799975035,0.0,-51.22548642293282,20913.6962890625,-52.25213055399709,11685.1806640625,-58.935384535229986,21063.232421875,135443
-4.3512354,-3.0209284,0.4252417,0.9636812726453261,0.0,-51.224667816569024,20935.05859375,-51.97658874946058,11663.818359375,-58.91896443732135,21020.5078125,135463
-4.3479877,-3.0352902,0.42881384,2.8573135250393387,0.0,-51.20555820914237,20913.6962890625,-51.98425072497595,11685.1806640625,-58.73553750805555,20956.4208984375,135483
-4.346495,-3.0484276,0.43197337,0.98891283733738,0.0,-51.19587278220023,20935.05859375,-52.05651437802796,11663.818359375,-58.574817133941224,20999.1455078125,135503
-4.3463736,-3.0569263,0.43396437,2.7923819935332777,0.0,-51.257188859482866,20913.6962890625,-52.1790366194018,11642.4560546875,-58.754586211397566,20999.1455078125,135523
-4.3458366,-3.0641398,0.43567467,2.188879498892,0.0,-51.1824839859197,20913.6962890625,-52.00751850945573,11663.818359375,-58.67731307945503,21020.5078125,135543
-4.345308,-3.0713527,0.4373907,2.7283214416350683,0.0,-51.26024611709363,20892.333984375,-51.952502914930186,11685.1806640625,-58.6369648940255,20956.4208984375,135563
-4.344809,-3.0764422,0.4386043,1.8399478092778687,0.0,-51.150124258514,20913.6962890625,-51.997416577984204,11642.4560546875,-58.64235122970534,20999.1455078125,135583
-4.3443365,-3.0794075,0.43931806,2.4794433208621554,0.0,-51.22128902136636,20935.05859375,-52.2912239201705,11642.4560546875,-59.02446349676577,21041.8701171875,135603
-4.345178,-3.0819752,0.43988234,2.066347771361978,0.0,-51.205976365501336,20913.6962890625,-52.236589665442835,11685.1806640625,-58.29536920866132,20977.783203125,135623
-4.345574,-3.0853825,0.44066817,2.678965912788591,0.0,-51.23943588143595,20935.05859375,-51.89452935649442,11685.1806640625,-58.55181035385223,20999.1455078125,135643
-4.3476787,-3.0917995,0.44209012,1.6395112751296086,0.0,-51.12393522199742,20935.05859375,-51.97513215761531,11663.818359375,-58.63579277942388,20977.783203125,135663
-4.3497543,-3.1003385,0.44402543,2.4294417873173777,0.0,-51.23905098682301,20935.05859375,-52.325719509208454,11642.4560546875,-58.826627452169966,20977.783203125,135683
-4.3535066,-3.1140065,0.44712836,1.9425460567980113,0.0,-51.1480158524025,20913.6962890625,-52.169955258989035,11706.54296875,-58.605497937247215,20999.1455078125,135703
-4.358962,-3.1349,0.451958,2.6789639205331444,0.0,-51.18894343054783,20935.05859375,-52.042527827431186,11685.1806640625,-58.70471730649045,20999.1455078125,135723
-4.3669977,-3.1655598,0.45915684,1.9828904270923855,0.0,-51.16654874429518,20913.6962890625,-51.755115438664404,11642.4560546875,-58.62968546150471,20977.783203125,135743
-4.377196,-3.2026114,0.4678119,1.507913412225109,0.0,-51.14516789660692,20935.05859375,-52.1333675422009,11663.818359375,-58.46781365250884,20999.1455078125,135763
-4.387427,-3.2417936,0.47688568,1.7627329327103556,0.0,-51.126715075847656,20935.05859375,-52.24562911226308,11685.1806640625,-58.69495803906972,20935.05859375,135783
-4.393702,-3.2800717,0.48591024,2.140844191201168,0.0,-51.08540887403409,20935.05859375,-51.79065882046852,11642.4560546875,-58.452963124224844,20956.4208984375,135823
-4.399511,-3.3149846,0.49401698,1.299171454615369,0.0,-51.049728578227175,20935.05859375,-52.16563336033721,11663.818359375,-58.40244134366329,20956.4208984375,135843
-4.404043,-3.3418298,0.50018126,2.7253080338900078,0.0,-51.02453917248455,20913.6962890625,-52.280789082097805,11685.1806640625,-58.85313427000264,21020.5078125,135863
-4.407868,-3.353373,0.502719,0.9469037604004498,0.0,-51.11613298365449,20913.6962890625,-52.248645051043844,11642.4560546875,-58.441766356156684,20999.1455078125,135923
-4.4147587,-3.3675041,0.50573146,2.8543395255740354,0.0,-51.05476821951265,20935.05859375,-52.17024556080794,11685.1806640625,-58.89431090789431,20935.05859375,135943
-4.4282155,-3.3902013,0.5104211,2.578167769735451,0.0,-50.98342063618881,20935.05859375,-51.96187371200718,11685.1806640625,-58.79088711237026,20977.783203125,135963
-4.449114,-3.4197767,0.5162981,2.2445503015964774,0.0,-51.03159347305018,20935.05859375,-51.82220527389411,11663.818359375,-58.50212974774663,20935.05859375,135983
-4.473549,-3.4574237,0.5239434,1.1447979191351527,0.0,-51.03832566842278,20935.05859375,-52.06645590478294,11663.818359375,-58.60547081033645,20977.783203125,136003
-4.500191,-3.503559,0.53357583,2.758501792022508,0.0,-51.049479354577194,20935.05859375,-52.12573218505942,11685.1806640625,-58.8815810452227,20956.4208984375,136023
-4.5273013,-3.5551693,0.54467034,1.2966815151322264,0.0,-51.04859982371876,20956.4208984375,-52.029307709533086,11706.54296875,-58.606320616357806,20956.4208984375,136043
-4.5505376,-3.6100707,0.5569758,2.431432048362234,0.0,-51.00906074357879,20913.6962890625,-51.844706531535714,11663.818359375,-58.54637340296654,20977.783203125,136063
-4.571643,-3.6649241,0.5694255,1.3578809157889669,0.0,-51.04853927830962,20913.6962890625,-51.99911130155465,11663.818359375,-58.43953406630948,20956.4208984375,136083
-4.588429,-3.7154913,0.58100903,1.5234201410757442,0.0,-51.1047295273051,20935.05859375,-52.364188957188,11663.818359375,-59.11203471513902,20977.783203125,136103
-4.6008306,-3.755454,0.5900606,2.461822056153312,0.0,-51.081027241652166,20935.05859375,-52.03145613404685,11685.1806640625,-58.77753178935829,20956.4208984375,136123
-4.6070437,-3.7775772,0.59500587,2.430952235937847,0.0,-51.1281920818974,20977.783203125,-51.87988741173322,11663.818359375,-58.496952179553176,21020.5078125,136143
-4.6096973,-3.7852418,0.59667814,1.4339909662743622,0.0,-51.082569651243176,20935.05859375,-51.87907023067703,11642.4560546875,-58.50631496607022,20999.1455078125,136163
-4.6105847,-3.7877955,0.5972361,2.136268977814799,0.0,-51.08415101357583,20913.6962890625,-52.314295161508184,11685.1806640625,-59.02444957123861,21020.5078125,136183
-4.611474,-3.7903454,0.5978078,2.06695483363145,0.0,-51.07172625701611,20935.05859375,-52.111312275392685,11685.1806640625,-58.5181570417868,20977.783203125,136203
-4.611936,-3.7937417,0.59860456,1.6389302462070394,0.0,-51.06990067646456,20935.05859375,-51.84740894807759,11685.1806640625,-58.369147026049156,20999.1455078125,136223
-4.613705,-3.7967174,0.59923595,2.4146912865301946,0.0,-51.11833876732513,20913.6962890625,-51.85136980248893,11642.4560546875,-58.50241900161884,20977.783203125,136243
-4.615069,-3.8026607,0.60060483,1.3169987596109758,0.0,-51.06084705048719,20935.05859375,-52.17900402547231,11685.1806640625,-58.252756810419484,20956.4208984375,136263
-4.6213193,-3.816243,0.6035849,2.477952041948482,0.0,-51.05340768096538,20935.05859375,-52.119672863208145,11685.1806640625,-58.56284823292452,20999.1455078125,136283
-4.636383,-3.838327,0.60814196,1.5459574122285709,0.0,-51.08689746617803,20935.05859375,-51.92474771618146,11663.818359375,-58.611341297200795,20999.1455078125,136303
-4.6567516,-3.8693507,0.61454815,1.5088510969233637,0.0,-51.08618287657564,20935.05859375,-51.99087806891079,11642.4560546875,-58.695458769750644,20935.05859375,136323
-4.676659,-3.90124,0.6211967,1.448531067732861,0.0,-51.08499238304343,20935.05859375,-52.18879897386705,11663.818359375,-58.702528202688725,21020.5078125,136343
-4.692153,-3.9288745,0.62707764,2.610898719841392,0.0,-51.08349033137014,20913.6962890625,-52.13580845215947,11685.1806640625,-58.66605017578701,20977.783203125,136363
-4.701904,-3.948431,0.6312977,1.1451128789195422,0.0,-51.112042527415504,20935.05859375,-51.92348707077088,11663.818359375,-58.83830742354134,21020.5078125,136383
-4.7063327,-3.9569366,0.6331146,1.60234051565018,0.0,-51.157455393799395,20913.6962890625,-51.8017797748849,11642.4560546875,-58.47416202065344,20999.1455078125,136403
-4.707672,-3.9607627,0.6339592,1.1042903168861056,0.0,-51.06858620281056,20935.05859375,-52.12902129244041,11663.818359375,-58.439125302726936,20999.1455078125,136423
-4.709423,-3.961617,0.63407844,1.0663738154813025,0.0,-51.169840801406316,20935.05859375,-51.80763659585735,11642.4560546875,-58.71920337090759,21020.5078125,136463
-4.7098703,-3.9628913,0.6343632,1.6946408912530666,0.0,-51.15938752940555,20935.05859375,-51.72625326462526,11621.09375,-58.57798678194229,20999.1455078125,136483
-4.7120686,-3.9650207,0.6347613,2.223003172985109,0.0,-51.172594540874165,20913.6962890625,-52.23565303156044,11663.818359375,-58.67245022479966,20999.1455078125,136523
-4.7129636,-3.967569,0.6353314,2.630676436636004,0.0,-51.09443289159885,20935.05859375,-51.99221124491652,11663.818359375,-58.78264068550841,21020.5078125,136543
-4.719141,-3.9769294,0.63727456,2.8587664499300303,0.0,-51.11728582929545,20935.05859375,-51.797063156090445,11685.1806640625,-59.31224843378057,20956.4208984375,136563
-4.7301526,-3.9939742,0.6407554,1.0449927657251459,0.0,-51.17109591713073,20935.05859375,-52.21293857853928,11685.1806640625,-58.27082961422007,20956.4208984375,136583
-4.746835,-4.0191483,0.6458782,2.066277760799013,0.0,-51.015795821059164,20913.6962890625,-52.236620501027595,11685.1806640625,-58.710661990149646,20999.1455078125,136603
-4.7621617,-4.046871,0.6517814,2.6624925647995523,0.0,-51.19783666265546,20913.6962890625,-51.892832610932174,11663.818359375,-58.886293763554,20977.783203125,136623
-4.774812,-4.0733194,0.65752816,2.7133356672184283,0.0,-51.08335708578273,20913.6962890625,-51.81997316523325,11642.4560546875,-58.78841865400409,21020.5078125,136643
-4.7848177,-4.0963473,0.6626205,1.064890728854281,0.0,-51.066587978095185,20913.6962890625,-52.180750964810365,11685.1806640625,-58.55616435398389,20977.783203125,136663
-4.7926307,-4.1130037,0.66622865,1.8890363011287645,0.0,-51.08591687367788,20935.05859375,-52.228684117852794,11706.54296875,-58.77852373666027,20977.783203125,136683
-4.7960896,-4.12324,0.6685063,2.64599563720716,0.0,-51.10912866856801,20935.05859375,-51.909598644312865,11663.818359375,-58.73360353620097,20999.1455078125,136703
-4.79825,-4.129639,0.6699254,2.53227456069005,0.0,-51.110630367886294,20956.4208984375,-51.8431347075194,11642.4560546875,-58.558187823710185,20999.1455078125,136723
-4.798682,-4.130919,0.6702089,1.5827728947051054,0.0,-51.12413173293839,20913.6962890625,-51.94035387316652,11642.4560546875,-58.539315712349314,20892.333984375,136743
-4.7991085,-4.1322007,0.6704934,2.611992208281271,0.0,-51.10888320278531,20935.05859375,-52.05622253690676,11685.1806640625,-58.45794430416474,20999.1455078125,136863
-4.800377,-4.1360497,0.67134374,1.712771010202713,0.0,-51.08813950085667,20935.05859375,-51.955882112798605,11642.4560546875,-58.427554403071376,20999.1455078125,136883
-4.8028884,-4.1458693,0.6735595,2.463983852022972,0.0,-51.122241042157704,20913.6962890625,-51.996115753660284,11642.4560546875,-58.338574751527915,21020.5078125,136903
-4.80446,-4.161584,0.6773608,1.5611872002159,0.0,-51.16755065415908,20935.05859375,-52.16103989989557,11685.1806640625,-58.3332969885722,20913.6962890625,136923
-4.805087,-4.1831913,0.68274736,2.8233647005955156,0.0,-51.178068306869775,20913.6962890625,-52.16489067563085,11706.54296875,-58.53478074728532,21020.5078125,136943
-4.8052163,-4.2077646,0.6888471,2.3471823944824046,0.0,-51.18356299510745,20913.6962890625,-51.956541857936365,11642.4560546875,-58.931184007311934,21105.95703125,136963
-4.8040214,-4.230633,0.6944981,2.857594908565859,0.0,-51.08491873957859,20913.6962890625,-51.87791782272093,11642.4560546875,-58.67004925593995,20956.4208984375,136983
-4.802406,-4.2501154,0.6992595,1.616345679815213,0.0,-51.23398667284927,20913.6962890625,-52.030671406572196,11685.1806640625,-58.72872724498145,21063.232421875,137003
-4.8012514,-4.2666516,0.7032289,2.8710242184618275,0.0,-51.119691300398806,20913.6962890625,-52.15049302684175,11706.54296875,-58.534244213148895,21020.5078125,137023
-4.7992964,-4.278495,0.7061153,0.9487105379414273,0.0,-51.07810206984059,20913.6962890625,-51.89634509087192,11642.4560546875,-58.934473859091206,21041.8701171875,137043
-4.798239,-4.2886605,0.7085738,1.318726894297727,0.0,-51.0792403849031,20892.333984375,-51.89159751292134,11621.09375,-58.67854960463211,21041.8701171875,137063
-4.7972574,-4.294583,0.7100115,0.9837957196173523,0.0,-51.1232543948844,20913.6962890625,-52.00693808607407,11685.1806640625,-58.335630786854544,21041.8701171875,137083
-4.7954493,-4.2979326,0.71087754,2.5795565863773655,0.0,-51.12589002027281,20913.6962890625,-51.964223378873854,11685.1806640625,-58.37030800833289,21020.5078125,137103
-4.795861,-4.2992187,0.71116316,1.2232230174694823,0.0,-51.09588691806817,20913.6962890625,-51.847992668733994,11663.818359375,-58.484576790540885,21020.5078125,137123
-4.794955,-4.3008914,0.7115999,1.3003428236190904,0.0,-51.17102197551389,20913.6962890625,-51.896309037499776,11642.4560546875,-58.7051042371623,20977.783203125,137143
-4.794457,-4.3038497,0.7123256,1.5608467359187264,0.0,-51.06604618545081,20913.6962890625,-52.07677364271858,11663.818359375,-58.43975918863285,20977.783203125,137163
-4.7939095,-4.308929,0.7135606,2.52889982097361,0.0,-51.07742528215497,20913.6962890625,-52.04342249136075,11685.1806640625,-58.63674142592649,21020.5078125,137183
-4.7920394,-4.314389,0.71495205,1.5460455964550892,0.0,-51.132847360359335,20913.6962890625,-51.942677282149255,11663.818359375,-58.78807014534636,20977.783203125,137203
-4.7897105,-4.320682,0.7165665,1.508621080548671,0.0,-51.150822552437475,20913.6962890625,-51.95374683001273,11621.09375,-58.620581215602684,21020.5078125,137223
-4.786923,-4.3278065,0.71840715,1.6717542146862918,0.0,-51.13551809606673,20913.6962890625,-52.12979141629784,11706.54296875,-58.18136160045613,20935.05859375,137243
-4.7841344,-4.334933,0.72023886,2.444539678380436,0.0,-51.12701176269216,20892.333984375,-51.97317779820767,11706.54296875,-58.39642603584394,20999.1455078125,137263
-4.7822595,-4.3403916,0.72162914,2.4480248764616253,0.0,-51.2375702113532,20913.6962890625,-51.89237249828648,11663.818359375,-58.38076726148508,21020.5078125,137283
-4.781295,-4.3441825,0.722575,2.0706554204874985,0.0,-51.16161160029476,20913.6962890625,-51.928544199620816,11642.4560546875,-58.73593029554782,21063.232421875,137303
-4.7803817,-4.3458514,0.72301185,1.708698027453381,0.0,-51.15561691076227,20913.6962890625,-52.13682823323503,11685.1806640625,-58.078267460926,21020.5078125,137323
-4.779466,-4.3475194,0.72344816,2.3262271773958734,0.0,-51.20067109074547,20913.6962890625,-52.07135675892125,11685.1806640625,-58.264929822039434,20999.1455078125,137423
-4.7807245,-4.3492656,0.72380435,2.17216259807497,0.0,-51.171645923270425,20913.6962890625,-52.22168118083714,11685.1806640625,-58.1811937941001,20999.1455078125,137483
-4.778425,-4.3534303,0.7248924,2.1188367247557633,0.0,-51.15434963436181,20913.6962890625,-52.01234808178061,11685.1806640625,-58.44223122370125,21041.8701171875,137503
-4.7711616,-4.3646183,0.72801155,2.6302017477592674,0.0,-51.13292394208386,20913.6962890625,-51.87022521915206,11663.818359375,-58.52157970957384,20999.1455078125,137523
-4.756314,-4.383604,0.7334591,1.165952550403753,0.0,-51.14528024679464,20913.6962890625,-52.04539109269935,11663.818359375,-58.55472593451117,21020.5078125,137543
-4.7383018,-4.4084325,0.74051625,2.7917256635644563,0.0,-51.15749135688898,20913.6962890625,-52.114657979183846,11642.4560546875,-58.456880103708535,21041.8701171875,137563
-4.7163277,-4.436528,0.748649,1.1800871206292116,0.0,-51.10019786137254,20913.6962890625,-52.00245368903762,11685.1806640625,-58.357014701755794,20956.4208984375,137583
-4.6938567,-4.467467,0.75791174,2.645718724441724,0.0,-51.12394214546298,20913.6962890625,-52.02297890370932,11685.1806640625,-58.53840574428119,21041.8701171875,137603
-4.6717854,-4.497792,0.766032,1.10733928450113,0.0,-51.10656182839601,20913.6962890625,-51.9134627578018,11663.818359375,-58.833263592551496,20977.783203125,137623
-4.652427,-4.525153,0.7736983,2.8245067331559555,0.0,-51.13919920721532,20913.6962890625,-52.07240452530841,11642.4560546875,-58.594124615780416,21041.8701171875,137643
-4.6353083,-4.5483394,0.78017026,0.9637174321929247,0.0,-51.10924559734847,20913.6962890625,-52.015652398368736,11685.1806640625,-58.47172218725849,21020.5078125,137663
-4.6182337,-4.569424,0.7860463,2.8402397590027038,0.0,-51.07508180596373,20913.6962890625,-52.08666699781652,11706.54296875,-58.76154535597373,20977.783203125,137683
-4.600726,-4.5913153,0.7923074,2.0005417218130845,0.0,-51.14070287694194,20913.6962890625,-51.956646295245825,11685.1806640625,-58.83508481797462,21020.5078125,137703
-4.580581,-4.6139765,0.7988452,2.889165182280759,0.0,-51.10251386902825,20913.6962890625,-51.98526305955557,11642.4560546875,-58.76367520118326,21020.5078125,137723
-4.5577884,-4.6395583,0.8061892,0.9635476103871425,0.0,-51.138831319440136,20913.6962890625,-51.9978980677965,11685.1806640625,-58.582096148792616,21041.8701171875,137743
-4.5289097,-4.6702056,0.81635517,2.628823951409643,0.0,-51.15730510854269,20913.6962890625,-52.01770324877428,11706.54296875,-58.54835516981568,21020.5078125,137763
-4.4925127,-4.7109585,0.82911265,0.9886583233739714,0.0,-51.17004118176341,20913.6962890625,-51.93233502402802,11642.4560546875,-58.988209475659275,21020.5078125,137783
-4.449433,-4.7604575,0.8426916,1.2606992422922925,0.0,-51.17632984350835,20935.05859375,-51.91846130746875,11599.7314453125,-58.746973221126396,21020.5078125,137803
-4.402303,-4.8200774,0.8570591,0.983564630696272,0.0,-51.19775361990676,20913.6962890625,-52.08438235615995,11685.1806640625,-58.76664305741181,20977.783203125,137823
-4.353886,-4.8848476,0.8706191,2.595251018389823,0.0,-51.192572643630115,20913.6962890625,-52.08894456295469,11706.54296875,-58.671641381169614,20999.1455078125,137843
-4.3046556,-4.953863,0.8832848,2.2098706775061054,0.0,-51.196372528602616,20913.6962890625,-51.96928757061541,11663.818359375,-58.998602832080365,20999.1455078125,137863
-4.2573624,-5.023607,0.89758563,1.299937448382476,0.0,-51.21913117093709,20913.6962890625,-51.93714839355823,11642.4560546875,-59.20984361500682,21041.8701171875,137883
-4.21302,-5.089788,0.9147092,1.542003479548437,0.0,-51.20741386185094,20913.6962890625,-52.041478708491994,11706.54296875,-58.649106595408554,20935.05859375,137903
-4.174348,-5.1513276,0.9306371,2.4780528296733455,0.0,-51.26963855575919,20913.6962890625,-52.169894792279635,11685.1806640625,-58.54346154538466,20999.1455078125,137923
-4.1426697,-5.203485,0.9445335,1.3194380056723247,0.0,-51.22124683104306,20913.6962890625,-52.0028014491549,11642.4560546875,-58.851463712714285,20999.1455078125,137943
-4.1185966,-5.2455335,0.95610493,1.4525988282616593,0.0,-51.22741997299697,20913.6962890625,-52.091552775109946,11621.09375,-58.84647772231716,21020.5078125,137963
-4.098489,-5.2821565,0.9660842,1.3353254279995448,0.0,-51.22733432527585,20913.6962890625,-52.282822371535005,11685.1806640625,-58.18766632373264,20999.1455078125,137983
-4.0780253,-5.315331,0.9756009,2.4273467357825322,0.0,-51.253994834136584,20913.6962890625,-52.27982085669291,11685.1806640625,-58.48455571110799,21020.5078125,138003
-4.058026,-5.345545,0.984427,2.4970313084606883,0.0,-51.326695214285,20892.333984375,-52.015740058236005,11663.818359375,-58.34570588411877,20999.1455078125,138023
-4.0376215,-5.3723617,0.99253327,2.3468491272990066,0.0,-51.27054047714211,20913.6962890625,-51.987565273659186,11642.4560546875,-58.67874261040589,21105.95703125,138043
-4.017252,-5.3991823,1.0007137,1.2784113216575557,0.0,-51.20060023796797,20913.6962890625,-52.24264995256638,11642.4560546875,-58.40135119542996,21041.8701171875,138063
-3.9938824,-5.427677,1.0095671,2.376841088260599,0.0,-51.261754839252156,20913.6962890625,-52.28185695263334,11685.1806640625,-58.66050199300289,21020.5078125,138083
-3.9684088,-5.458269,1.0192451,2.580437207977943,0.0,-51.31424717277842,20913.6962890625,-52.05490734508353,11663.818359375,-58.644348823664565,21020.5078125,138103
-3.942134,-5.4926953,1.0299414,1.657845824624198,0.0,-51.31208718778061,20913.6962890625,-52.17544400716641,11663.818359375,-58.763907076886646,21041.8701171875,138123
-3.9132915,-5.530079,1.0415549,2.1900147598375765,0.0,-51.40904262749399,20892.333984375,-52.364414291404245,11663.818359375,-58.40892284988222,21020.5078125,138143
-3.8866708,-5.567509,1.0530325,1.9427884364449133,0.0,-51.34643932204378,20935.05859375,-52.36630954375574,11685.1806640625,-58.57509110410731,20977.783203125,138163
-3.8601022,-5.604993,1.0644557,2.580398080937438,0.0,-51.403058775282574,20913.6962890625,-52.32775656084015,11685.1806640625,-58.90416707030177,20999.1455078125,138183
-3.8352811,-5.6391535,1.0748396,1.4906620862806013,0.0,-51.49841862193852,20913.6962890625,-52.33513067858396,11642.4560546875,-58.88465968727468,21020.5078125,138203
-3.813489,-5.669549,1.0840248,2.3443563146992275,0.0,-51.58418701141761,20892.333984375,-52.48695447004761,11663.818359375,-58.779749782517115,21020.5078125,138223
-3.7938538,-5.6978903,1.0923665,1.9427493212022264,0.0,-51.551420342232234,20913.6962890625,-52.516767775040435,11685.1806640625,-58.71052905844167,21105.95703125,138243
-3.7767706,-5.7211633,1.0992713,2.678494096072932,0.0,-51.63983847665538,20913.6962890625,-52.41189440476441,11685.1806640625,-58.92127028739218,20977.783203125,138263
-3.7605073,-5.740647,1.1051136,1.281759943985368,0.0,-51.63415153368725,20913.6962890625,-52.536328429189524,11663.818359375,-59.03204646206461,21020.5078125,138283
-3.7476623,-5.7554784,1.1095718,1.2608018347764545,0.0,-51.56235202078635,20913.6962890625,-52.41838343547772,11642.4560546875,-59.15965175320032,20999.1455078125,138303
-3.7378058,-5.766502,1.112874,1.8892084703489789,0.0,-51.54701221674853,20913.6962890625,-52.55326512315358,11685.1806640625,-59.06591782164181,21020.5078125,138323
-3.7279158,-5.7754083,1.115643,2.5791081796304143,0.0,-51.612150019122154,20913.6962890625,-52.56426453979564,11663.818359375,-58.97365534740742,20999.1455078125,138343
-3.7197452,-5.7830386,1.1179934,2.0707983556491314,0.0,-51.5734079186904,20913.6962890625,-52.50746387734723,11642.4560546875,-59.087629902929926,21041.8701171875,138363
-3.711544,-5.788547,1.1198305,2.825095735802941,0.0,-51.623736166307935,20913.6962890625,-52.588561116024195,11621.09375,-59.29416167988535,21020.5078125,138383
-3.7042167,-5.794479,1.1217076,1.043336382700931,0.0,-51.597362186087,20913.6962890625,-52.760563046075305,11706.54296875,-58.8654083331172,21020.5078125,138403
-3.6968894,-5.8004093,1.123589,2.5785906728045265,0.0,-51.66817432814993,20935.05859375,-52.69290392960039,11663.818359375,-59.00195869280566,20999.1455078125,138423
-3.686535,-5.8080277,1.1260799,1.0873169875843047,0.0,-51.78503375013107,20913.6962890625,-52.654910579507785,11663.818359375,-59.23394667188734,20999.1455078125,138443
-3.6770575,-5.8160667,1.1286372,1.31845462901319,0.0,-51.779332197952755,20913.6962890625,-52.76345308116434,11621.09375,-59.42844492852125,21020.5078125,138463
-3.6662784,-5.8245316,1.1313645,1.5978366311598815,0.0,-51.838675665977576,20913.6962890625,-52.86438876696166,11663.818359375,-59.094090299112324,21020.5078125,138483
-3.6546187,-5.832566,1.1340421,2.309512337159241,0.0,-51.83682012363601,20913.6962890625,-52.955391844160246,11706.54296875,-59.00886815147088,21020.5078125,138503
-3.6421065,-5.8422866,1.1371977,1.8393264096366218,0.0,-51.93185048198611,20913.6962890625,-52.75559117635581,11685.1806640625,-59.26883222554743,20999.1455078125,138523
-3.626989,-5.8528514,1.1407039,1.413996271917909,0.0,-51.8682113518366,20913.6962890625,-52.852966172687125,11621.09375,-59.64487343525704,21020.5078125,138543
-3.61187,-5.8634157,1.1442063,1.5981376853640543,0.0,-51.94863397083279,20913.6962890625,-53.33697401002833,11685.1806640625,-59.21242419658422,21020.5078125,138563
-3.5967515,-5.873979,1.1477134,1.7819546331384706,0.0,-52.03744086907708,20913.6962890625,-53.107109743299,11685.1806640625,-59.55902589350417,21041.8701171875,138583
-3.5812063,-5.885382,1.1514697,1.9999508664922416,0.0,-52.046887329986035,20892.333984375,-53.10540270212251,11685.1806640625,-59.621111869989385,21020.5078125,138603
-3.5643559,-5.897199,1.1554135,2.1221186555700813,0.0,-52.20451725950315,20935.05859375,-53.417104329,11642.4560546875,-59.89307999821846,20999.1455078125,138623
-3.5470538,-5.907751,1.1590452,2.031846644386991,0.0,-52.341260441013155,20913.6962890625,-53.5653310948345,11663.818359375,-59.47116441148627,20977.783203125,138643
-3.5306334,-5.9187303,1.1627487,2.37760517669905,0.0,-52.29835916701405,20913.6962890625,-53.589619096379494,11685.1806640625,-59.614795285430475,20956.4208984375,138663
-3.512916,-5.930142,1.1666235,2.312759351971912,0.0,-52.3057856655888,20913.6962890625,-53.560772791825514,11663.818359375,-60.08918457064524,21084.5947265625,138683
-3.4956856,-5.9449506,1.1713156,1.675028168335214,0.0,-52.47064249202164,20913.6962890625,-53.74403009288565,11621.09375,-60.02530409663902,20999.1455078125,138703
-3.4784288,-5.9576445,1.1754825,1.5983001457649202,0.0,-52.513095169358486,20913.6962890625,-53.91502177118264,11663.818359375,-60.067878789978195,21063.232421875,138723
-3.4616334,-5.971618,1.1799439,1.3931756756200833,0.0,-52.537520031835825,20913.6962890625,-53.86448072849917,11685.1806640625,-59.92081578348995,20999.1455078125,138743
-3.4444191,-5.9864354,1.1846683,2.345852201760574,0.0,-52.600386308035574,20913.6962890625,-53.839535013429895,11685.1806640625,-60.13079773475926,21084.5947265625,138763
-3.4280586,-5.9995723,1.1889046,1.5639174277804417,0.0,-52.60332804075364,20956.4208984375,-54.13016619645114,11642.4560546875,-60.37770356808639,20956.4208984375,138783
-3.4108257,-6.0122924,1.1930894,2.611701582045991,0.0,-52.68666629182923,20913.6962890625,-54.372720665048035,11663.818359375,-60.17852759262614,20977.783203125,138803
-3.394897,-6.0245886,1.1971048,1.4119015044159136,0.0,-52.79971833130341,20913.6962890625,-54.53175436655576,11685.1806640625,-60.07262859734199,21084.5947265625,138823
-3.3854065,-6.0305305,1.1991482,2.5476937425687343,0.0,-53.31266331666839,20913.6962890625,-54.2775436795103,11663.818359375,-60.654341351069064,20999.1455078125,138843
-3.3836844,-6.0318036,1.1995684,1.4516057970101364,0.0,-53.03434609474867,20913.6962890625,-54.57440054429624,11642.4560546875,-60.350688567370284,20977.783203125,138863
-3.3815408,-6.0339246,1.200225,2.6941231561705212,0.0,-53.03243683291563,20913.6962890625,-54.875763577487675,11621.09375,-60.94128143784037,20999.1455078125,138883
-3.3703341,-6.041145,1.2027005,2.2925344379278614,0.0,-53.15077614734032,20935.05859375,-54.453208744985716,11663.818359375,-61.0145396237381,20956.4208984375,138903
-3.352743,-6.0568433,1.2077181,2.6955927399054875,0.0,-53.16909134135522,20935.05859375,-54.68098762766537,11685.1806640625,-60.61258747462262,20956.4208984375,138923
-3.3312945,-6.0759416,1.2138257,1.184437744437709,0.0,-53.216852850297514,20935.05859375,-54.94142635790748,11642.4560546875,-61.098667537556246,21020.5078125,138943
-3.3090136,-6.0967326,1.2204498,1.4881812333557876,0.0,-53.396947811386404,20913.6962890625,-55.08816206768294,11621.09375,-61.74967896358862,21105.95703125,138963
-3.2863224,-6.1183825,1.227311,1.2197542861977193,0.0,-53.42853314917876,20913.6962890625,-55.115641325099425,11663.818359375,-61.25870164334829,21041.8701171875,138983
-3.2645135,-6.140461,1.2342103,2.6624171466143003,0.0,-53.505122190925846,20935.05859375,-55.089393381258745,11685.1806640625,-61.073620017972374,20956.4208984375,139003
-3.2422993,-6.1633906,1.2413841,1.9108386235259236,0.0,-53.51188262401854,20913.6962890625,-55.0387105586124,11621.09375,-61.31698758538285,20999.1455078125,139023
-3.221388,-6.185893,1.2483805,2.562914144889954,0.0,-53.573533625379866,20913.6962890625,-55.56075967699071,11642.4560546875,-61.535199849908686,21020.5078125,139043
-3.2022038,-6.207124,1.2549583,2.0495849303889426,0.0,-53.5736659885839,20892.333984375,-55.45088409846264,11685.1806640625,-61.04810937382241,21041.8701171875,139063
-3.1843312,-6.227945,1.2613275,2.4296644525603592,0.0,-53.62335215588214,20935.05859375,-55.31515163900849,11663.818359375,-61.338341578792935,20870.9716796875,139083
-3.1698983,-6.2462277,1.266797,1.5644897346267226,0.0,-53.64505435051407,20913.6962890625,-55.255155912303444,11642.4560546875,-60.97135768811401,21063.232421875,139103
-3.1584873,-6.26281,1.2716423,2.3960446829059494,0.0,-53.660932802842325,20913.6962890625,-55.478527124770835,11642.4560546875,-61.57869871691499,21020.5078125,139123
-3.1496768,-6.2785406,1.2760887,1.7272074545517562,0.0,-53.6018884444632,20935.05859375,-55.39784185118093,11663.818359375,-61.38220768732526,20977.783203125,139143
-3.1430037,-6.292147,1.2798557,2.4297281818281355,0.0,-53.61538532646663,20913.6962890625,-55.19864316853581,11663.818359375,-61.30516769369522,20999.1455078125,139163
-3.1375873,-6.303207,1.2829107,1.8748931280627634,0.0,-53.53194810974148,20913.6962890625,-55.31944735000521,11642.4560546875,-61.24658162789284,20935.05859375,139183
-3.133059,-6.314688,1.2860111,1.5252295284644855,0.0,-53.70574212362746,20913.6962890625,-55.51764994810358,11642.4560546875,-61.70053822316716,21084.5947265625,139203
-3.1302502,-6.324884,1.2886993,1.9789724871485834,0.0,-53.55395111262809,20935.05859375,-55.34436020278755,11621.09375,-60.95287134934285,20956.4208984375,139223
-3.1275003,-6.3372,1.2919092,2.429645501517704,0.0,-53.536382441124786,20913.6962890625,-55.234589862686285,11685.1806640625,-61.22139115701731,21041.8701171875,139243
-3.125177,-6.3486643,1.2948967,2.3295491654986025,0.0,-53.42117574500183,20935.05859375,-55.00308466279535,11642.4560546875,-61.21934630372617,20956.4208984375,139263
-3.1241558,-6.3596935,1.2976931,1.5258315706986552,0.0,-53.488019592354604,20913.6962890625,-55.44468787232192,11642.4560546875,-61.14573325897773,20999.1455078125,139283
-3.1236126,-6.3719883,1.3007803,2.3604617377082895,0.0,-53.53417911625145,20935.05859375,-55.381828899536885,11642.4560546875,-61.17479455889031,20956.4208984375,139303
-3.1230855,-6.3842826,1.3038723,1.3746312057095573,0.0,-53.497655888657945,20935.05859375,-55.088133316284186,11663.818359375,-61.195622338922,20956.4208984375,139323
-3.1247478,-6.3965473,1.3068298,2.431043523340279,0.0,-53.42788593223824,20913.6962890625,-54.966363487661106,11663.818359375,-61.13055177957905,20977.783203125,139343
-3.125068,-6.407133,1.3094579,1.3754200386117688,0.0,-53.336480131315376,20913.6962890625,-55.28764415646691,11685.1806640625,-60.955184917145864,20999.1455078125,139363
-3.1262834,-6.4181285,1.3121357,2.611325442171524,0.0,-53.43830573430482,20935.05859375,-55.19794272740035,11663.818359375,-60.80513107675977,20935.05859375,139383
-3.127918,-6.428268,1.3145788,1.355306304166629,0.0,-53.42705252296366,20935.05859375,-54.94603018855599,11663.818359375,-60.995525007807586,20999.1455078125,139403
-3.129085,-6.4371448,1.3167288,2.017480422375187,0.0,-53.381923599910046,20913.6962890625,-54.77645432269764,11642.4560546875,-61.115395984859894,21063.232421875,139423
-3.1320314,-6.4468355,1.3189769,1.2217063602579306,0.0,-53.320890353736345,20935.05859375,-55.074333675159075,11642.4560546875,-61.05628141241975,20977.783203125,139443
-3.1353185,-6.453551,1.3204627,1.7638328880889769,0.0,-53.23596471511916,20935.05859375,-55.13047715151009,11663.818359375,-61.09416025321203,20999.1455078125,139463
-3.1381311,-6.4590006,1.3216637,2.3783988759556443,0.0,-53.24761612276248,20935.05859375,-54.793693849623196,11663.818359375,-61.07702735007897,20999.1455078125,139483
-3.1409497,-6.464447,1.3228658,2.1575301544563406,0.0,-53.259763836234185,20935.05859375,-54.5813692634963,11642.4560546875,-60.78975485926604,20892.333984375,139503
-3.1424031,-6.468226,1.3237351,1.2031128276164047,0.0,-53.25591259145078,20935.05859375,-54.94542375350922,11663.818359375,-60.607698393818765,20977.783203125,139523
-3.1442614,-6.471147,1.3243648,2.6935531500147163,0.0,-53.21842633624378,20935.05859375,-55.09055360190962,11685.1806640625,-61.23454280176301,21041.8701171875,139543
-3.1456354,-6.4728084,1.3247036,2.394799707852298,0.0,-53.118802199035045,20935.05859375,-54.73639554888133,11663.818359375,-60.83932783684223,20977.783203125,139563
-3.1466095,-6.4753256,1.3252825,2.663358295271018,0.0,-53.13806006675649,20913.6962890625,-54.48415896190589,11642.4560546875,-60.82732130187499,20999.1455078125,139583
-3.1484737,-6.4782434,1.3259109,1.2613459295091711,0.0,-53.135054405069155,20935.05859375,-54.837618368762875,11663.818359375,-60.75594061166807,20935.05859375,139603
-3.154383,-6.4840226,1.3270142,1.617099764280491,0.0,-53.079659342185394,20913.6962890625,-54.917617044330385,11685.1806640625,-60.96958017089684,20956.4208984375,139623
-3.1634514,-6.4922605,1.3285346,1.2202125413610563,0.0,-53.12472377990361,20935.05859375,-54.37155306855729,11663.818359375,-60.742710609352635,20999.1455078125,139643
-3.1748815,-6.5046725,1.3309487,2.7286401621206178,0.0,-52.927248722903855,20935.05859375,-54.02649778857829,11642.4560546875,-60.63936127668674,21020.5078125,139663
-3.1899555,-6.5208154,1.3340188,1.507893761205366,0.0,-52.75811312304665,20935.05859375,-54.088044156700235,11663.818359375,-60.46044561061841,20977.783203125,139683
-3.2104378,-6.5415096,1.3378024,2.7426169673778507,0.0,-52.60984116255395,20935.05859375,-53.9821014881307,11663.818359375,-60.57722728954637,20935.05859375,139703
-3.2336578,-6.565551,1.342192,1.123276933667259,0.0,-52.3082760171651,20935.05859375,-53.548696491179754,11663.818359375,-60.181870977540264,20999.1455078125,139723
-3.2583458,-6.593366,1.3474429,2.696311810336298,0.0,-52.19348366463734,20913.6962890625,-53.24235705254665,11663.818359375,-59.65571390134629,21084.5947265625,139743
-3.2830434,-6.621172,1.3526995,1.4710148113130814,0.0,-52.05139042163212,20935.05859375,-53.13329916868804,11642.4560546875,-59.614014177680154,20956.4208984375,139763
-3.3059902,-6.648152,1.3578712,1.6542829359129172,0.0,-51.934933095936834,20935.05859375,-53.35563180332755,11642.4560546875,-59.89026728186194,20999.1455078125,139783
-3.3271782,-6.674312,1.36297,2.4619885541604503,0.0,-51.8921238869345,20935.05859375,-52.89060961133142,11663.818359375,-59.733815928999306,20935.05859375,139803
-3.34612,-6.6983924,1.3677142,2.5312383240492964,0.0,-51.77830289525769,20913.6962890625,-52.58412694619915,11685.1806640625,-59.24354938690753,20956.4208984375,139823
-3.3623137,-6.7191434,1.3718177,1.5278213878031273,0.0,-51.84433054456182,20913.6962890625,-52.70114513556272,11642.4560546875,-59.330252770491335,20977.783203125,139843
-3.3775396,-6.7373643,1.3753506,1.5616268376758846,0.0,-51.70541719939645,20913.6962890625,-52.867780914661324,11621.09375,-59.48220626482487,20956.4208984375,139863
-3.3922877,-6.754314,1.3785979,2.428393938141734,0.0,-51.691385426441144,20956.4208984375,-52.59994977071769,11663.818359375,-59.52557351375164,20935.05859375,139883
-3.40695,-6.7691307,1.3813331,2.1919112646473566,0.0,-51.70946454565343,20913.6962890625,-52.44236789684615,11642.4560546875,-58.976995598235256,20977.783203125,139903
-3.4215238,-6.7818084,1.3835801,1.6755659497315802,0.0,-51.65164819410514,20913.6962890625,-52.540857959139224,11642.4560546875,-58.879924464803736,21020.5078125,139923
-3.4329383,-6.7920294,1.3854197,1.4864908478569516,0.0,-51.508634853805255,20935.05859375,-52.77915573737482,11685.1806640625,-59.40065279437523,20999.1455078125,139943
-3.4406865,-6.798549,1.3865547,1.7632519271596625,0.0,-51.52083829723373,20935.05859375,-52.55377471252095,11685.1806640625,-58.9230635824277,20956.4208984375,139963
-3.447438,-6.802549,1.3871343,1.9642059864400356,0.0,-51.65216389121146,20935.05859375,-52.37359845707544,11663.818359375,-58.98303002276754,20977.783203125,139983
-3.453303,-6.806148,1.3876586,1.8209905750707864,0.0,-51.613702768867824,20956.4208984375,-52.4444900539487,11642.4560546875,-58.877492407533516,20956.4208984375,140003
-3.4613495,-6.8096533,1.3880159,1.8723826960739707,0.0,-51.498325739464974,20913.6962890625,-52.614826404418544,11685.1806640625,-58.97656683434135,20956.4208984375,140023
-3.4708076,-6.814781,1.3886994,2.2575052617358784,0.0,-51.45557201911687,20913.6962890625,-52.51775778224208,11685.1806640625,-59.03360772079803,20977.783203125,140043
-3.4820633,-6.8206677,1.389473,2.4978051505404313,0.0,-51.72227563563893,20913.6962890625,-52.2334365255996,11663.818359375,-59.20841433377686,20977.783203125,140063
-3.4933248,-6.8265467,1.3902209,2.295571412556408,0.0,-53.67072612777371,20913.6962890625,-52.13310488949864,11642.4560546875,-59.804008550721264,20956.4208984375,140083
-3.5045907,-6.8324184,1.3909519,1.4303938992442258,0.0,-54.17729751362155,20956.4208984375,-54.882646597957006,11706.54296875,-59.47621608813521,20999.1455078125,140103
-3.5172756,-6.8399167,1.3919572,2.6272887565250502,0.0,-53.049858063704384,20935.05859375,-56.29886260879691,11727.9052734375,-59.63157596749325,20999.1455078125,140123
-3.5321486,-6.847289,1.3927848,1.1838530144355812,0.0,-52.8980490052041,20913.6962890625,-54.45274068002944,11685.1806640625,-60.92688050252746,21105.95703125,140143
-3.5484571,-6.8562574,1.393919,1.6754956904495732,0.0,-53.047053643078726,20913.6962890625,-54.120859967031336,11642.4560546875,-60.77303099958848,20999.1455078125,140163
-3.5660596,-6.8647017,1.3948276,1.3164834023996952,0.0,-52.91074038535727,20913.6962890625,-54.35708777730248,11685.1806640625,-60.60574283929298,20977.783203125,140183
-3.5836775,-6.873121,1.3956705,2.2065267469006278,0.0,-52.75394707836564,20913.6962890625,-54.39372790239367,11706.54296875,-60.40255331277714,20999.1455078125,140203
-3.6016855,-6.88063,1.3962636,2.4640108239112863,0.0,-52.82034001127275,20913.6962890625,-53.918166536048915,11663.818359375,-60.58585039016344,20999.1455078125,140223
-3.6215167,-6.888838,1.3968958,1.6940261607563103,0.0,-52.679923156670945,20913.6962890625,-53.71322207203715,11621.09375,-60.45776612458479,21020.5078125,140243
-3.6413696,-6.8969955,1.3974977,1.1229699403444913,0.0,-52.65916366268709,20913.6962890625,-54.24063100052133,11685.1806640625,-60.18907842723324,20977.783203125,140263
-3.6621451,-6.9054766,1.3980991,2.7257998417125235,0.0,-52.689070442266285,20892.333984375,-54.30252512121076,11706.54296875,-60.51167101498942,20999.1455078125,140283
-3.6829426,-6.9139056,1.3986721,1.1251928400193871,0.0,-52.688150682355285,20913.6962890625,-53.92772933499632,11642.4560546875,-60.618908462320334,21020.5078125,140303
-3.7034042,-6.9231553,1.3994673,2.712481950413091,0.0,-52.407018755028545,20913.6962890625,-53.76319895367112,11642.4560546875,-60.33620240620017,21020.5078125,140323
-3.7229838,-6.931991,1.400218,1.4314344105428294,0.0,-52.467947012123375,20913.6962890625,-54.05058676040721,11706.54296875,-60.03969941563863,20977.783203125,140343
-3.7422328,-6.941656,1.4011761,2.7421472438328856,0.0,-52.43539970193658,20913.6962890625,-54.11314374787665,11706.54296875,-60.50489263938688,21084.5947265625,140363
-3.7615118,-6.951262,1.4021279,1.2030814103059169,0.0,-52.48301403556677,20913.6962890625,-53.72153589075878,11642.4560546875,-60.674205972217614,20999.1455078125,140383
-3.778651,-6.9609847,1.4032786,2.5816194571819553,0.0,-52.50837527157694,20935.05859375,-53.6027231024281,11642.4560546875,-60.28894732978955,21020.5078125,140403
-3.7943437,-6.9690733,1.4041494,1.393367115614696,0.0,-52.46313145659991,20913.6962890625,-53.808551230341514,11663.818359375,-59.99346606978797,20999.1455078125,140423
-3.8100603,-6.977116,1.4050152,2.5281984341010406,0.0,-52.655713332000374,20913.6962890625,-54.23936672196656,11706.54296875,-60.31646171266419,20999.1455078125,140443
-3.8245487,-6.985648,1.4060886,2.5138733977060617,0.0,-52.54165025253048,20935.05859375,-54.26195248607702,11663.818359375,-60.428674028135525,20999.1455078125,140463
-3.8375754,-6.9925632,1.4068766,1.9290403262434563,0.0,-52.42173628401815,20913.6962890625,-53.671499723244914,11642.4560546875,-60.50270373886612,21020.5078125,140483
-3.8512049,-7.000663,1.4079112,1.3564662989919305,0.0,-52.5086145046201,20935.05859375,-53.78094379599222,11642.4560546875,-60.237230748573936,20956.4208984375,140503
-3.8648658,-7.0087123,1.4089202,2.34312434471662,0.0,-52.385152030956306,20913.6962890625,-53.94977742291231,11685.1806640625,-60.27289795937479,20935.05859375,140523
-3.8803952,-7.017374,1.409932,1.4876429871558097,0.0,-52.38967975376997,20935.05859375,-53.88089459630491,11663.818359375,-60.1705141631159,21041.8701171875,140543
-3.896878,-7.0263047,1.410937,2.3468122395278916,0.0,-52.432475448790996,20913.6962890625,-53.55340865414314,11621.09375,-60.34743818495792,20999.1455078125,140563
-3.9145954,-7.037609,1.41242,1.3941333237010514,0.0,-52.45644799475613,20913.6962890625,-54.11352835667141,11663.818359375,-60.22368027592463,20977.783203125,140583
-3.934193,-7.0495014,1.4139146,1.8894308285587522,0.0,-52.53318576360176,20913.6962890625,-53.79125598020836,11663.818359375,-60.356211018705096,20956.4208984375,140603
-3.9544394,-7.0625453,1.4156194,1.8549691105503632,0.0,-52.50239865916075,20913.6962890625,-53.797792063061614,11663.818359375,-60.1931656950305,21020.5078125,140623
-3.9753418,-7.0767393,1.4175301,2.0530287644399032,0.0,-52.444553582805966,20913.6962890625,-53.58879893988278,11621.09375,-60.43791810361199,20999.1455078125,140643
-3.9969065,-7.0920806,1.4196553,1.9983766933306024,0.0,-52.402816862127324,20935.05859375,-53.82388217234251,11663.818359375,-59.923275620846454,20999.1455078125,140663
-4.0194416,-7.1076756,1.4217417,1.7996097918883425,0.0,-52.375450362198805,20913.6962890625,-53.85085290668617,11663.818359375,-59.94558566565108,21020.5078125,140683
-4.042643,-7.12442,1.4240385,2.3974538358521293,0.0,-52.402256523039306,20913.6962890625,-53.801172232381724,11663.818359375,-60.62537469563041,21041.8701171875,140703
-4.0665193,-7.1423073,1.4265577,1.3568411222731989,0.0,-52.492463980060094,20913.6962890625,-53.72325784346194,11621.09375,-60.439550387640196,20999.1455078125,140723
-4.0920005,-7.1616464,1.429275,1.354310412313065,0.0,-52.442324702669524,20913.6962890625,-53.91959437005896,11685.1806640625,-60.2735006497248,21020.5078125,140743
-4.1172423,-7.181818,1.4321995,1.7093175030408447,0.0,-52.519078701601345,20892.333984375,-53.943659015256166,11706.54296875,-60.391120090437,21020.5078125,140763
-4.1431813,-7.2031136,1.4353766,2.712659174977648,0.0,-52.391079816257225,20935.05859375,-53.752522412731466,11663.818359375,-60.72126818699658,21041.8701171875,140783
-4.169465,-7.223444,1.4382842,2.2604653577077336,0.0,-52.45904789265822,20913.6962890625,-53.773793430752676,11621.09375,-60.306443101585856,21041.8701171875,140803
-4.197088,-7.2461076,1.4416344,2.7098337155523566,0.0,-52.484368719930686,20913.6962890625,-53.9722831383872,11706.54296875,-60.15386081647007,20999.1455078125,140823
-4.225045,-7.2678156,1.4446853,1.1030126578976245,0.0,-52.46424066321025,20913.6962890625,-53.977859750474416,11706.54296875,-60.386830030823326,21020.5078125,140843
-4.253701,-7.2906528,1.4479856,2.4140298926026778,0.0,-52.597671569429195,20913.6962890625,-53.88028660247229,11685.1806640625,-60.728418749427995,21020.5078125,140863
-4.281468,-7.3131495,1.4512703,0.9683518216876486,0.0,-51.073096055927365,20913.6962890625,-51.895018694042705,11621.09375,-59.831585612222405,21020.5078125,140883
-4.30834,-7.3353114,1.4545563,2.8555876216210576,0.0,-50.955008496175445,20913.6962890625,-51.98772140644455,11663.818359375,-59.623748366339775,20956.4208984375,140903
-4.336182,-7.3577166,1.4578266,1.486662454971104,0.0,-50.9947315363173,20913.6962890625,-52.109372448753945,11706.54296875,-58.75782665822584,21084.5947265625,140923
-4.363123,-7.379803,1.4610565,2.8256616604165963,0.0,-51.04247512118633,20892.333984375,-51.88277468302171,11663.818359375,-58.85088804476521,21084.5947265625,140943
-4.3916926,-7.403327,1.4644663,2.41446765213194,0.0,-51.05844057511098,20913.6962890625,-52.03511493061435,11642.4560546875,-59.10593131071838,20956.4208984375,140963
-4.420023,-7.427717,1.4681075,1.4300380077822772,0.0,-51.189902386655874,20913.6962890625,-52.053360162210055,11685.1806640625,-58.713239278635754,21041.8701171875,140983
-4.448658,-7.4511647,1.471496,1.4103690501220802,0.0,-51.106774530763694,20935.05859375,-51.99890611014038,11685.1806640625,-58.5254856809907,20999.1455078125,141003
-4.477996,-7.475757,1.4750868,2.58135831986521,0.0,-51.1001039988616,20913.6962890625,-52.0365115116991,11685.1806640625,-58.55953387579039,21020.5078125,141023
-4.508569,-7.49969,1.4783922,1.5645423603756385,0.0,-51.12153174397183,20913.6962890625,-51.99028814876201,11642.4560546875,-58.92547426433769,20999.1455078125,141043
-4.5403833,-7.5229383,1.4814857,2.1718879635904136,0.0,-51.16334256301555,20913.6962890625,-52.181477245667125,11663.818359375,-58.57353945239681,21020.5078125,141063
-4.56943,-7.5452995,1.4846321,1.5978940345492598,0.0,-51.07239837529263,20913.6962890625,-51.980198149736694,11663.818359375,-58.83615707119233,21020.5078125,141083
-4.5994453,-7.5678964,1.4877473,2.5148509500347256,0.0,-51.08402176772892,20913.6962890625,-52.03408184940453,11685.1806640625,-58.45591942717271,20977.783203125,141103
-4.6300163,-7.588639,1.4903696,2.4478804133876646,0.0,-51.19776638439092,20913.6962890625,-51.95931749940816,11663.818359375,-58.77781464076125,21041.8701171875,141123
-4.6622295,-7.610796,1.4931723,1.3918670121563683,0.0,-51.105811229052776,20913.6962890625,-51.99385568673809,11685.1806640625,-58.663496802383,21020.5078125,141143
-4.6959376,-7.631351,1.4954906,1.4294266939324098,0.0,-51.122334652158344,20913.6962890625,-52.06962004718345,11685.1806640625,-58.729022243441804,20956.4208984375,141163
-4.7287326,-7.651605,1.497737,2.564469110159158,0.0,-51.20890987626376,20913.6962890625,-52.06455933102183,11706.54296875,-58.74309771390935,20999.1455078125,141183
-4.7620764,-7.6699824,1.499504,2.414722397436927,0.0,-51.092375619825596,20913.6962890625,-52.16922893192341,11642.4560546875,-58.44798975986939,21063.232421875,141203
-4.7947664,-7.6871295,1.5010474,2.084502928666012,0.0,-51.34495149888014,20935.05859375,-52.27227267262617,11685.1806640625,-58.75948007144978,20977.783203125,141223
-4.8267946,-7.7030582,1.502341,1.99858399737889,0.0,-51.195310065320136,20913.6962890625,-51.98759049805875,11727.9052734375,-58.787925941260596,20999.1455078125,141243
-4.8572183,-7.7175055,1.5034155,2.4819689262808105,0.0,-51.23767983586905,20913.6962890625,-52.0566425523907,11685.1806640625,-58.78697618263536,21020.5078125,141263
-4.886723,-7.7316465,1.5044857,2.479376865147616,0.0,-51.22188415658751,20913.6962890625,-52.18153826548057,11642.4560546875,-59.03823097989094,20999.1455078125,141283
-4.9158072,-7.743666,1.5050379,1.9604042929822627,0.0,-51.020372917003094,20913.6962890625,-52.042524182970446,11685.1806640625,-58.62124985037382,21020.5078125,141303
-4.9439692,-7.755381,1.5056175,2.0341668749658006,0.0,-51.15583657408354,20913.6962890625,-51.886928431433724,11685.1806640625,-58.48010262385759,21020.5078125,141323
-4.9712076,-7.766796,1.5062015,2.4148354188753784,0.0,-51.07834966121043,20913.6962890625,-52.03009184229487,11642.4560546875,-58.452488474746865,20999.1455078125,141343
-5.0005913,-7.7777743,1.5064977,1.8726672013026435,0.0,-51.079300272865346,20913.6962890625,-52.17800167454918,11642.4560546875,-58.69706223627514,21041.8701171875,141363
-5.031622,-7.7901564,1.506958,1.4857253649359772,0.0,-51.04627714088913,20913.6962890625,-52.00592205825873,11685.1806640625,-58.39040409440817,21063.232421875,141383
-5.0647964,-7.802096,1.5071189,1.3563592876829933,0.0,-51.13335693481015,20935.05859375,-51.942403477922156,11685.1806640625,-58.59921553876137,21020.5078125,141403
-5.0996213,-7.8154345,1.5074074,2.4988840895693727,0.0,-51.17786317225925,20913.6962890625,-52.046240576177254,11685.1806640625,-58.55452128763763,21020.5078125,141423
-5.134711,-7.8277955,1.5075283,1.4875098558639768,0.0,-51.139925039972894,20913.6962890625,-52.18427813732531,11663.818359375,-58.82187736085467,21020.5078125,141443
-5.1695757,-7.841027,1.5078706,2.3603833632287414,0.0,-51.11707045630908,20913.6962890625,-52.08607303321719,11685.1806640625,-58.41104685977993,21041.8701171875,141463
-5.2028065,-7.8528085,1.5079933,1.4511018491926497,0.0,-51.1407378677458,20913.6962890625,-52.006226539518,11685.1806640625,-58.495594108602155,21020.5078125,141483
-5.2344036,-7.8631334,1.5079333,2.4988995151142723,0.0,-51.219716159433155,20913.6962890625,-52.06309453233001,11663.818359375,-58.5953050002745,21020.5078125,141503
-5.264362,-7.872013,1.5077167,1.4686983668902358,0.0,-51.15582911288067,20913.6962890625,-52.21168110224026,11642.4560546875,-58.82069393222608,21041.8701171875,141523
-5.2912574,-7.8810434,1.5078063,1.5233181983357393,0.0,-51.163974127705515,20913.6962890625,-52.04423532603603,11685.1806640625,-58.65134330421987,21020.5078125,141543
-5.312735,-7.8876443,1.5077785,1.4515214331740016,0.0,-51.126318808685845,20913.6962890625,-51.98329264448177,11685.1806640625,-58.49564435795586,21020.5078125,141563
-5.332325,-7.893749,1.507753,2.615078944473426,0.0,-51.19186340090345,20913.6962890625,-52.18971671144574,11642.4560546875,-58.682395100302,20999.1455078125,141583
-5.351677,-7.900776,1.5079134,2.3778692635968497,0.0,-51.14249414755932,20913.6962890625,-52.17560234492515,11663.818359375,-58.492365521785544,21020.5078125,141603
-5.372917,-7.908297,1.5080111,2.725611813558053,0.0,-51.225521629715935,20913.6962890625,-52.01804749329856,11663.818359375,-58.56858030261076,21041.8701171875,141623
-5.3951054,-7.9160547,1.5080757,1.4519693428400688,0.0,-51.167017769386504,20913.6962890625,-52.03263778044978,11663.818359375,-58.40740430079522,21063.232421875,141643
-5.4198937,-7.9254613,1.5083233,2.5317722785062373,0.0,-51.29126666912129,20892.333984375,-52.09273819176181,11642.4560546875,-58.58238643016948,21041.8701171875,141663
-5.441855,-7.934112,1.5086889,1.1035259963002713,0.0,-51.33111262442802,20913.6962890625,-52.20280234756836,11663.818359375,-58.69929571833001,21041.8701171875,141683
-5.4564986,-7.93987,1.5089766,1.4483457613737485,0.0,-51.334958614063154,20913.6962890625,-52.06239647444917,11663.818359375,-58.47329901990022,21084.5947265625,141703
-5.461931,-7.942257,1.5091536,1.4893614470410146,0.0,-51.243517293159215,20935.05859375,-51.96176750537302,11663.818359375,-58.31111598485391,20999.1455078125,141723
-5.4626384,-7.9434214,1.5093688,2.696912380187126,0.0,-51.322906879582746,20935.05859375,-52.057447333960724,11642.4560546875,-58.64119438234531,21020.5078125,142063
