-1.7614818,-0.47537288,0.12945966,1.3577424441730357,0.0,-51.61831802547568,20892.333984375,-52.39771256229926,11663.818359375,-59.61629114068627,20999.1455078125,132783
-1.7608637,-0.4766156,0.12979893,2.511931346461515,0.0,-51.581818337485885,20913.6962890625,-52.64215181952099,11706.54296875,-59.05032880043157,21020.5078125,132843
-1.7602454,-0.47785884,0.13013642,1.6165231076008981,0.0,-51.50159716198744,20913.6962890625,-52.48534237499531,11685.1806640625,-58.752156462333446,21020.5078125,132903
-1.7596276,-0.47910243,0.13047305,1.3959818626628715,0.0,-51.634214836292045,20913.6962890625,-52.22512175446941,11663.818359375,-59.42841156897394,20999.1455078125,132963
-1.7590097,-0.4803467,0.13080728,2.4314813082003277,0.0,-51.58958723480066,20913.6962890625,-52.349201916239124,11642.4560546875,-59.09949926065895,20935.05859375,133023
-1.7583923,-0.4815917,0.1311397,2.2581826284393585,0.0,-51.651882707269785,20913.6962890625,-52.51269757274275,11685.1806640625,-58.91009816769878,20999.1455078125,133083
-1.7573539,-0.48368818,0.13169627,2.240766104391056,0.0,-51.68062952683917,20913.6962890625,-52.59315715832911,11685.1806640625,-58.49323486520496,20999.1455078125,133143
-1.7565215,-0.48537004,0.13214095,2.362668138596741,0.0,-51.58207521086751,20913.6962890625,-52.2517657234636,11685.1806640625,-58.70308985956325,21020.5078125,133183
-1.7556897,-0.48705244,0.13258487,2.579133842244251,0.0,-51.53409169231193,20913.6962890625,-52.464199365444024,11663.818359375,-59.2553764150945,21063.232421875,133223
-1.7550738,-0.48829928,0.13291295,1.0088743183913451,0.0,-51.51048083981185,20913.6962890625,-52.395618622661985,11621.09375,-59.014938989080115,20999.1455078125,133283
-1.7544576,-0.48954594,0.13324142,2.7597443843596063,0.0,-51.53794974050222,20913.6962890625,-52.346203892209516,11685.1806640625,-58.863635639466374,21020.5078125,133343
-1.7538412,-0.49079227,0.13357057,1.3723386775857427,0.0,-51.54593825595275,20913.6962890625,-52.394868131998194,11663.818359375,-58.85670709575,20977.783203125,133403
-1.7532239,-0.49203807,0.13390006,2.480030239715286,0.0,-51.55912303319631,20913.6962890625,-52.45835863993275,11642.4560546875,-59.22599738892608,21041.8701171875,133463
-1.7526352,-0.49322098,0.13421626,2.4780089496778515,0.0,-51.506338153152356,20913.6962890625,-52.31727324586664,11685.1806640625,-59.21108259322512,21127.3193359375,133663
-1.7520258,-0.4944441,0.13454455,2.8414226401290787,0.0,-51.55538805724375,20892.333984375,-52.23349764440188,11685.1806640625,-58.87724673910333,20999.1455078125,133763
-1.7514066,-0.49568775,0.13487852,1.0237461392166838,0.0,-51.5131797857309,20913.6962890625,-52.27472791959159,11642.4560546875,-58.67872864611126,20977.783203125,133823
-1.7507875,-0.4969315,0.13521266,2.6288334416159858,0.0,-51.52939019413282,20935.05859375,-52.51821900683716,11663.818359375,-59.41529043489514,20977.783203125,133883
-1.7501688,-0.49817497,0.13554822,2.018114191028345,0.0,-51.567299866714364,20913.6962890625,-52.31463521960451,11642.4560546875,-59.20084264601268,21020.5078125,133943
-1.7495496,-0.49941826,0.13588378,2.2588944244318525,0.0,-51.54665865936691,20913.6962890625,-52.249676835516624,11685.1806640625,-58.740793530758054,20999.1455078125,134003
-1.74893,-0.50066173,0.13621777,2.5446543310970773,0.0,-51.47673333529869,20913.6962890625,-52.492336149565034,11685.1806640625,-58.8728728261594,20999.1455078125,134063
-1.7483103,-0.5019049,0.1365527,1.376682870421063,0.0,-51.48222425375978,20935.05859375,-52.51502045778781,11685.1806640625,-58.79934236142386,21041.8701171875,134123
-1.7476903,-0.5031479,0.13688746,2.7938169581387715,0.0,-51.50963198396425,20913.6962890625,-52.123045551268675,11663.818359375,-58.8647430436393,20935.05859375,134183
-1.74707,-0.5043909,0.13722186,1.0832708283518904,0.0,-51.51368233310209,20913.6962890625,-52.35798443054567,11685.1806640625,-59.01614238359147,20977.783203125,134243
-1.7464494,-0.5056341,0.13755463,1.8711660849197198,0.0,-51.49698395256732,20935.05859375,-52.42352159976385,11685.1806640625,-59.10497348739251,20999.1455078125,134323
-1.7458285,-0.5068775,0.13788696,1.6552504040757585,0.0,-51.483290890332434,20935.05859375,-52.485234583200835,11663.818359375,-58.831359518593054,20956.4208984375,134383
-1.7452074,-0.5081205,0.1382198,2.53221926168886,0.0,-51.49484522929931,20913.6962890625,-52.14242906320425,11642.4560546875,-58.6339018109945,20956.4208984375,134443
-1.7445862,-0.5093636,0.13855241,1.2416932318715832,0.0,-51.488868302904905,20913.6962890625,-52.32569167933563,11642.4560546875,-58.87441733658089,20977.783203125,134503
-1.7439649,-0.51060665,0.1388846,1.9069962684317234,0.0,-51.48053880614004,20935.05859375,-52.422361329018116,11706.54296875,-59.07618771430873,20977.783203125,134563
-1.7433435,-0.51184994,0.13921602,1.2411386671373414,0.0,-51.417547448848175,20935.05859375,-52.44257782527475,11642.4560546875,-58.428895246166235,20956.4208984375,134623
-1.7427222,-0.51309335,0.13954696,2.0534014695404403,0.0,-51.43588329086767,20935.05859375,-52.0296148039978,11642.4560546875,-58.836843164238736,20977.783203125,134683
-1.742101,-0.51433706,0.13987724,1.5623674641859777,0.0,-51.365177589686304,20913.6962890625,-52.14645450522607,11663.818359375,-58.721598818764164,20956.4208984375,134743
-1.74148,-0.51558083,0.14020765,2.0136025046912587,0.0,-51.31905430370953,20913.6962890625,-52.34100044546547,11685.1806640625,-58.82808846559696,20999.1455078125,134803
-1.7408416,-0.5168406,0.1405464,1.8907805330738992,0.0,-51.32504321287195,20913.6962890625,-52.119129269332106,11706.54296875,-58.66334037865478,20956.4208984375,134823
-1.7323576,-0.5205728,0.14188647,2.123422182546682,0.0,-51.28257632347476,20913.6962890625,-51.98643480776259,11642.4560546875,-58.644367561870396,20956.4208984375,134843
-1.719498,-0.5284467,0.14451246,2.051696812971783,0.0,-51.1775493687433,20892.333984375,-52.099910577804266,11642.4560546875,-58.38649730116647,20999.1455078125,134863
-1.7070396,-0.5375471,0.14744359,1.7991600297795332,0.0,-51.22190481670138,20913.6962890625,-52.208732579803,11685.1806640625,-58.426880118936275,20999.1455078125,134883
-1.6989096,-0.54670304,0.1501268,2.6128519406904345,0.0,-51.23693987204113,20913.6962890625,-51.981359694321306,11663.818359375,-58.62812930886719,20999.1455078125,134903
-1.6947147,-0.5525418,0.15176226,1.4342248289476398,0.0,-51.289625248433104,20913.6962890625,-51.95864352725216,11663.818359375,-58.45432750814034,20999.1455078125,134923
-1.6931621,-0.5554689,0.15254365,1.2423229874098336,0.0,-51.26705552177797,20913.6962890625,-51.905140139728545,11621.09375,-58.657648839761364,20999.1455078125,134943
-1.692921,-0.55800223,0.15315476,1.003885800933204,0.0,-51.24095132451838,20913.6962890625,-52.21083732235401,11706.54296875,-58.375910779434,20977.783203125,134963
-1.6922708,-0.5592314,0.15348317,2.8575097927566513,0.0,-51.32419734897924,20913.6962890625,-51.879222380098085,11642.4560546875,-58.83504276160818,21020.5078125,135023
-1.691402,-0.5608696,0.15392052,1.4335142814814394,0.0,-51.26647355711212,20913.6962890625,-51.8760203397429,11599.7314453125,-58.80674777097474,21041.8701171875,135103
-1.6907133,-0.5642416,0.15475543,1.5237511735342923,0.0,-51.27821452996496,20892.333984375,-52.184305873768146,11685.1806640625,-58.31733037922181,21063.232421875,135123
-1.690023,-0.5676135,0.15558931,2.478345075868685,0.0,-51.23535111903596,20913.6962890625,-52.093394738038896,11685.1806640625,-58.472634369578515,21020.5078125,135143
-1.6893312,-0.5709857,0.15642083,1.675449511095035,0.0,-51.22255432840208,20913.6962890625,-51.99253989174834,11663.818359375,-58.399907286888286,20977.783203125,135163
-1.6886663,-0.5722342,0.15674992,1.4339504476018197,0.0,-51.2390527930366,20913.6962890625,-51.97501852141712,11642.4560546875,-58.35498177458877,21063.232421875,135183
-1.6880013,-0.5734829,0.15707806,1.7816581612697946,0.0,-51.20945265958752,20913.6962890625,-52.245872649148026,11706.54296875,-58.38642835940344,20977.783203125,135203
-1.6871173,-0.5751409,0.15751301,2.661649901812448,0.0,-51.19780086050214,20913.6962890625,-52.12414178536322,11621.09375,-58.675606226518646,21041.8701171875,135283
-1.6864508,-0.57638896,0.15784052,2.7280335652247705,0.0,-51.191239979464946,20892.333984375,-51.92215573967821,11685.1806640625,-58.452808893533536,20999.1455078125,135323
-1.6855643,-0.5780459,0.15827437,1.239409752860168,0.0,-51.209998841714764,20913.6962890625,-52.26073912918223,11663.818359375,-58.56536549910939,21063.232421875,135363
-1.6857622,-0.5797401,0.15866452,1.199353112895101,0.0,-51.236877073801864,20913.6962890625,-52.008966370021035,11663.818359375,-58.6748719374756,20977.783203125,135383
-1.685511,-0.58227295,0.15927354,2.8732727735150556,0.0,-51.24864484158144,20913.6962890625,-52.031141384115564,11706.54296875,-58.56363960538357,20999.1455078125,135403
-1.6852283,-0.5869288,0.1603873,0.9688940281558291,0.0,-51.22665893996966,20913.6962890625,-52.06727267337552,11663.818359375,-58.75562848864189,20977.783203125,135423
-1.6822904,-0.59449214,0.16232285,2.8558538799975035,0.0,-51.22548642293282,20913.6962890625,-52.25213055399709,11685.1806640625,-58.935384535229986,21063.232421875,135443
-1.6801642,-0.6067483,0.16533312,0.9636812726453261,0.0,-51.224667816569024,20935.05859375,-51.97658874946058,11663.818359375,-58.91896443732135,21020.5078125,135463
-1.6766981,-0.62151945,0.16901311,2.8573135250393387,0.0,-51.20555820914237,20913.6962890625,-51.98425072497595,11685.1806640625,-58.73553750805555,20956.4208984375,135483
-1.6749871,-0.63506633,0.17227907,0.98891283733738,0.0,-51.19587278220023,20935.05859375,-52.05651437802796,11663.818359375,-58.574817133941224,20999.1455078125,135503
-1.6746466,-0.6439747,0.17437562,2.7923819935332777,0.0,-51.257188859482866,20913.6962890625,-52.1790366194018,11642.4560546875,-58.754586211397566,20999.1455078125,135523
-1.673891,-0.6515981,0.17619148,2.188879498892,0.0,-51.1824839859197,20913.6962890625,-52.00751850945573,11663.818359375,-58.67731307945503,21020.5078125,135543
-1.673144,-0.6592209,0.17801356,2.7283214416350683,0.0,-51.26024611709363,20892.333984375,-51.952502914930186,11685.1806640625,-58.6369648940255,20956.4208984375,135563
-1.6724272,-0.6647205,0.17933297,1.8399478092778687,0.0,-51.150124258514,20913.6962890625,-51.997416577984204,11642.4560546875,-58.64235122970534,20999.1455078125,135583
-1.6717368,-0.66809595,0.18015233,2.4794433208621554,0.0,-51.22128902136636,20935.05859375,-52.2912239201705,11642.4560546875,-59.02446349676577,21041.8701171875,135603
-1.6723607,-0.67107385,0.18082292,2.066347771361978,0.0,-51.205976365501336,20913.6962890625,-52.236589665442835,11685.1806640625,-58.29536920866132,20977.783203125,135623
-1.6725388,-0.67489094,0.18171602,2.678965912788591,0.0,-51.23943588143595,20935.05859375,-51.89452935649442,11685.1806640625,-58.55181035385223,20999.1455078125,135643
-1.6744256,-0.6817176,0.18324608,1.6395112751296086,0.0,-51.12393522199742,20935.05859375,-51.97513215761531,11663.818359375,-58.63579277942388,20977.783203125,135663
-1.6762836,-0.69066596,0.1852902,2.4294417873173777,0.0,-51.23905098682301,20935.05859375,-52.325719509208454,11642.4560546875,-58.826627452169966,20977.783203125,135683
-1.6798178,-0.7047427,0.18850364,1.9425460567980113,0.0,-51.1480158524025,20913.6962890625,-52.169955258989035,11706.54296875,-58.605497937247215,20999.1455078125,135703
-1.6850562,-0.72604483,0.1934468,2.6789639205331444,0.0,-51.18894343054783,20935.05859375,-52.042527827431186,11685.1806640625,-58.70471730649045,20999.1455078125,135723
-1.6928759,-0.7571127,0.20076253,1.9828904270923855,0.0,-51.16654874429518,20913.6962890625,-51.755115438664404,11642.4560546875,-58.62968546150471,20977.783203125,135743
-1.7028586,-0.7945728,0.2095347,1.507913412225109,0.0,-51.14516789660692,20935.05859375,-52.1333675422009,11663.818359375,-58.46781365250884,20999.1455078125,135763
-1.7128747,-0.8341638,0.2187252,1.7627329327103556,0.0,-51.126715075847656,20935.05859375,-52.24562911226308,11685.1806640625,-58.69495803906972,20935.05859375,135783
-1.7189344,-0.8728511,0.22786412,2.140844191201168,0.0,-51.08540887403409,20935.05859375,-51.79065882046852,11642.4560546875,-58.452963124224844,20956.4208984375,135823
-1.7245274,-0.9081733,0.23608242,1.299171454615369,0.0,-51.049728578227175,20935.05859375,-52.16563336033721,11663.818359375,-58.40244134366329,20956.4208984375,135843
-1.7288427,-0.9354283,0.24235617,2.7253080338900078,0.0,-51.02453917248455,20913.6962890625,-52.280789082097805,11685.1806640625,-58.85313427000264,21020.5078125,135863
-1.732451,-0.94738215,0.24500152,0.9469037604004498,0.0,-51.11613298365449,20913.6962890625,-52.248645051043844,11642.4560546875,-58.441766356156684,20999.1455078125,135923
-1.7391264,-0.96192366,0.24812375,2.8543395255740354,0.0,-51.05476821951265,20935.05859375,-52.17024556080794,11685.1806640625,-58.89431090789431,20935.05859375,135943
-1.7523698,-0.985031,0.25292802,2.578167769735451,0.0,-50.98342063618881,20935.05859375,-51.96187371200718,11685.1806640625,-58.79088711237026,20977.783203125,135963
-1.7730556,-1.0150164,0.25892168,2.2445503015964774,0.0,-51.03159347305018,20935.05859375,-51.82220527389411,11663.818359375,-58.50212974774663,20935.05859375,135983
-1.7972785,-1.0530732,0.2666857,1.1447979191351527,0.0,-51.03832566842278,20935.05859375,-52.06645590478294,11663.818359375,-58.60547081033645,20977.783203125,136003
-1.8237092,-1.0996182,0.27643773,2.758501792022508,0.0,-51.049479354577194,20935.05859375,-52.12573218505942,11685.1806640625,-58.8815810452227,20956.4208984375,136023
-1.850608,-1.151638,0.2876523,1.2966815151322264,0.0,-51.04859982371876,20956.4208984375,-52.029307709533086,11706.54296875,-58.606320616357806,20956.4208984375,136043
-1.8736331,-1.2069494,0.30007678,2.431432048362234,0.0,-51.00906074357879,20913.6962890625,-51.844706531535714,11663.818359375,-58.54637340296654,20977.783203125,136063
-1.8945272,-1.262213,0.31264448,1.3578809157889669,0.0,-51.04853927830962,20913.6962890625,-51.99911130155465,11663.818359375,-58.43953406630948,20956.4208984375,136083
-1.9111025,-1.3131913,0.32434365,1.5234201410757442,0.0,-51.1047295273051,20935.05859375,-52.364188957188,11663.818359375,-59.11203471513902,20977.783203125,136103
-1.9232934,-1.3535665,0.33350638,2.461822056153312,0.0,-51.081027241652166,20935.05859375,-52.03145613404685,11685.1806640625,-58.77753178935829,20956.4208984375,136123
-1.9292957,-1.3761033,0.3385584,2.430952235937847,0.0,-51.1281920818974,20977.783203125,-51.87988741173322,11663.818359375,-58.496952179553176,21020.5078125,136143
-1.9317385,-1.3841821,0.34033498,1.4339909662743622,0.0,-51.082569651243176,20935.05859375,-51.87907023067703,11642.4560546875,-58.50631496607022,20999.1455078125,136163
-1.9324156,-1.3871502,0.3409977,2.136268977814799,0.0,-51.08415101357583,20913.6962890625,-52.314295161508184,11685.1806640625,-59.02444957123861,21020.5078125,136183
-1.9330952,-1.3901135,0.34167892,2.06695483363145,0.0,-51.07172625701611,20935.05859375,-52.111312275392685,11685.1806640625,-58.5181570417868,20977.783203125,136203
-1.9333475,-1.3939232,0.3425854,1.6389302462070394,0.0,-51.06990067646456,20935.05859375,-51.84740894807759,11685.1806640625,-58.369147026049156,20999.1455078125,136223
-1.9349072,-1.3973125,0.34332648,2.4146912865301946,0.0,-51.11833876732513,20913.6962890625,-51.85136980248893,11642.4560546875,-58.50241900161884,20977.783203125,136243
-1.9360622,-1.4036694,0.34480557,1.3169987596109758,0.0,-51.06084705048719,20935.05859375,-52.17900402547231,11685.1806640625,-58.252756810419484,20956.4208984375,136263
-1.9421047,-1.417665,0.34789804,2.477952041948482,0.0,-51.05340768096538,20935.05859375,-52.119672863208145,11685.1806640625,-58.56284823292452,20999.1455078125,136283
-1.9569604,-1.4401621,0.35256916,1.5459574122285709,0.0,-51.08689746617803,20935.05859375,-51.92474771618146,11663.818359375,-58.611341297200795,20999.1455078125,136303
-1.9771208,-1.4715983,0.35909095,1.5088510969233637,0.0,-51.08618287657564,20935.05859375,-51.99087806891079,11642.4560546875,-58.695458769750644,20935.05859375,136323
-1.9968195,-1.5039,0.36585468,1.448531067732861,0.0,-51.08499238304343,20935.05859375,-52.18879897386705,11663.818359375,-58.702528202688725,21020.5078125,136343
-2.0121043,-1.531947,0.37184983,2.610898719841392,0.0,-51.08349033137014,20913.6962890625,-52.13580845215947,11685.1806640625,-58.66605017578701,20977.783203125,136363
-2.0216458,-1.5519165,0.37618145,1.1451128789195422,0.0,-51.112042527415504,20935.05859375,-51.92348707077088,11663.818359375,-58.83830742354134,21020.5078125,136383
-2.025865,-1.5608355,0.37810788,1.60234051565018,0.0,-51.157455393799395,20913.6962890625,-51.8017797748849,11642.4560546875,-58.47416202065344,20999.1455078125,136403
-2.0269952,-1.5650755,0.3790607,1.1042903168861056,0.0,-51.06858620281056,20935.05859375,-52.12902129244041,11663.818359375,-58.439125302726936,20999.1455078125,136423
-2.0276613,-1.5659167,0.37922853,2.171653759784548,0.0,-51.11735940604304,20913.6962890625,-52.213434419272275,11663.818359375,-58.49963842908895,21020.5078125,136443
-2.028328,-1.5667574,0.37939677,1.0663738154813025,0.0,-51.169840801406316,20935.05859375,-51.80763659585735,11642.4560546875,-58.71920337090759,21020.5078125,136463
-2.0285664,-1.5684451,0.3797929,1.6946408912530666,0.0,-51.15938752940555,20935.05859375,-51.72625326462526,11621.09375,-58.57798678194229,20999.1455078125,136483
-2.029233,-1.5692859,0.37996107,0.9447471086501036,0.0,-51.16544951698628,20935.05859375,-52.18730949786321,11685.1806640625,-58.52590509064365,20956.4208984375,136503
-2.0303469,-1.571401,0.38041353,2.223003172985109,0.0,-51.172594540874165,20913.6962890625,-52.23565303156044,11663.818359375,-58.67245022479966,20999.1455078125,136523
-2.0310328,-1.5743628,0.3810952,2.630676436636004,0.0,-51.09443289159885,20935.05859375,-51.99221124491652,11663.818359375,-58.78264068550841,21020.5078125,136543
-2.037001,-1.5841358,0.38315085,2.8587664499300303,0.0,-51.11728582929545,20935.05859375,-51.797063156090445,11685.1806640625,-59.31224843378057,20956.4208984375,136563
-2.0478034,-1.6015915,0.38675028,1.0449927657251459,0.0,-51.17109591713073,20935.05859375,-52.21293857853928,11685.1806640625,-58.27082961422007,20956.4208984375,136583
-2.064276,-1.6271759,0.39199242,2.066277760799013,0.0,-51.015795821059164,20913.6962890625,-52.236620501027595,11685.1806640625,-58.710661990149646,20999.1455078125,136603
-2.0793912,-1.6553093,0.39801243,2.6624925647995523,0.0,-51.19783666265546,20913.6962890625,-51.892832610932174,11663.818359375,-58.886293763554,20977.783203125,136623
-2.0918298,-1.6821674,0.40387592,2.7133356672184283,0.0,-51.08335708578273,20913.6962890625,-51.81997316523325,11642.4560546875,-58.78841865400409,21020.5078125,136643
-2.1016223,-1.7056054,0.4090837,1.064890728854281,0.0,-51.066587978095185,20913.6962890625,-52.180750964810365,11685.1806640625,-58.55616435398389,20977.783203125,136663
-2.1092217,-1.7226729,0.41280273,1.8890363011287645,0.0,-51.08591687367788,20935.05859375,-52.228684117852794,11706.54296875,-58.77852373666027,20977.783203125,136683
-2.1124668,-1.7333204,0.4151895,2.64599563720716,0.0,-51.10912866856801,20935.05859375,-51.909598644312865,11663.818359375,-58.73360353620097,20999.1455078125,136703
-2.1144135,-1.7401309,0.4167162,2.53227456069005,0.0,-51.110630367886294,20956.4208984375,-51.8431347075194,11642.4560546875,-58.558187823710185,20999.1455078125,136723
-2.1146314,-1.7418225,0.4171068,1.5827728947051054,0.0,-51.12413173293839,20913.6962890625,-51.94035387316652,11642.4560546875,-58.539315712349314,20892.333984375,136743
-2.1139889,-1.7430574,0.41742855,2.2449389602560355,0.0,-51.08525799753131,20913.6962890625,-51.78879299835708,11642.4560546875,-58.45295280922305,20999.1455078125,136803
-2.1137698,-1.7455723,0.41803578,2.611992208281271,0.0,-51.10888320278531,20935.05859375,-52.05622253690676,11685.1806640625,-58.45794430416474,20999.1455078125,136863
-2.114821,-1.7498312,0.4189943,1.712771010202713,0.0,-51.08813950085667,20935.05859375,-51.955882112798605,11642.4560546875,-58.427554403071376,20999.1455078125,136883
-2.1171153,-1.7600604,0.421319,2.463983852022972,0.0,-51.122241042157704,20913.6962890625,-51.996115753660284,11642.4560546875,-58.338574751527915,21020.5078125,136903
-2.1184695,-1.7761831,0.4252344,1.5611872002159,0.0,-51.16755065415908,20935.05859375,-52.16103989989557,11685.1806640625,-58.3332969885722,20913.6962890625,136923
-2.1188793,-1.7981983,0.43073687,2.8233647005955156,0.0,-51.178068306869775,20913.6962890625,-52.16489067563085,11706.54296875,-58.53478074728532,21020.5078125,136943
-2.1187906,-1.8231797,0.43695098,2.3471823944824046,0.0,-51.18356299510745,20913.6962890625,-51.956541857936365,11642.4560546875,-58.931184007311934,21105.95703125,136963
-2.117377,-1.8464558,0.44271365,2.857594908565859,0.0,-51.08491873957859,20913.6962890625,-51.87791782272093,11642.4560546875,-58.67004925593995,20956.4208984375,136983
-2.1155424,-1.8663467,0.44758415,1.616345679815213,0.0,-51.23398667284927,20913.6962890625,-52.030671406572196,11685.1806640625,-58.72872724498145,21063.232421875,137003
-2.1141682,-1.8832918,0.45166016,2.8710242184618275,0.0,-51.119691300398806,20913.6962890625,-52.15049302684175,11706.54296875,-58.534244213148895,21020.5078125,137023
-2.1119933,-1.8955438,0.45465273,0.9487105379414273,0.0,-51.07810206984059,20913.6962890625,-51.89634509087192,11642.4560546875,-58.934473859091206,21041.8701171875,137043
-2.1107159,-1.9061179,0.4572177,1.318726894297727,0.0,-51.0792403849031,20892.333984375,-51.89159751292134,11621.09375,-58.67854960463211,21041.8701171875,137063
-2.1095135,-1.9124488,0.45876113,0.9837957196173523,0.0,-51.1232543948844,20913.6962890625,-52.00693808607407,11685.1806640625,-58.335630786854544,21041.8701171875,137083
-2.1074848,-1.9162074,0.45973283,2.5795565863773655,0.0,-51.12589002027281,20913.6962890625,-51.964223378873854,11685.1806640625,-58.37030800833289,21020.5078125,137103
-2.1076753,-1.9179021,0.4601243,1.2232230174694823,0.0,-51.09588691806817,20913.6962890625,-51.847992668733994,11663.818359375,-58.484576790540885,21020.5078125,137123
-2.1065483,-1.9199833,0.46066758,1.3003428236190904,0.0,-51.17102197551389,20913.6962890625,-51.896309037499776,11642.4560546875,-58.7051042371623,20977.783203125,137143
-2.105829,-1.9233494,0.46150014,1.5608467359187264,0.0,-51.06604618545081,20913.6962890625,-52.07677364271858,11663.818359375,-58.43975918863285,20977.783203125,137163
-2.1050596,-1.9288363,0.46284232,2.52889982097361,0.0,-51.07742528215497,20913.6962890625,-52.04342249136075,11685.1806640625,-58.63674142592649,21020.5078125,137183
-2.1029675,-1.9347037,0.46434134,1.5460455964550892,0.0,-51.132847360359335,20913.6962890625,-51.942677282149255,11663.818359375,-58.78807014534636,20977.783203125,137203
-2.1004162,-1.9414036,0.46606353,1.508621080548671,0.0,-51.150822552437475,20913.6962890625,-51.95374683001273,11621.09375,-58.620581215602684,21020.5078125,137223
-2.097406,-1.948935,0.4680123,1.6717542146862918,0.0,-51.13551809606673,20913.6962890625,-52.12979141629784,11706.54296875,-58.18136160045613,20935.05859375,137243
-2.0943947,-1.9564686,0.46995157,2.444539678380436,0.0,-51.12701176269216,20892.333984375,-51.97317779820767,11706.54296875,-58.39642603584394,20999.1455078125,137263
-2.092297,-1.9623344,0.47144938,2.4480248764616253,0.0,-51.2375702113532,20913.6962890625,-51.89237249828648,11663.818359375,-58.38076726148508,21020.5078125,137283
-2.09111,-1.9665322,0.47250226,2.0706554204874985,0.0,-51.16161160029476,20913.6962890625,-51.928544199620816,11642.4560546875,-58.73593029554782,21063.232421875,137303
-2.089974,-1.9686084,0.4730457,1.708698027453381,0.0,-51.15561691076227,20913.6962890625,-52.13682823323503,11685.1806640625,-58.078267460926,21020.5078125,137323
-2.0890708,-1.9702569,0.47347733,2.1223620694471563,0.0,-51.13404725731293,20892.333984375,-51.94072862972444,11663.818359375,-58.43880865310723,20999.1455078125,137363
-2.0879421,-1.9723113,0.47401497,2.3262271773958734,0.0,-51.20067109074547,20913.6962890625,-52.07135675892125,11685.1806640625,-58.264929822039434,20999.1455078125,137423
-2.0883534,-1.9735811,0.47429633,1.6024327405623362,0.0,-51.1344702111052,20913.6962890625,-52.007118273462005,11663.818359375,-58.45204600729055,21020.5078125,137463
-2.0885274,-1.9752775,0.47468784,2.17216259807497,0.0,-51.171645923270425,20913.6962890625,-52.22168118083714,11685.1806640625,-58.1811937941001,20999.1455078125,137483
-2.0860038,-1.9798486,0.47588205,2.1188367247557633,0.0,-51.15434963436181,20913.6962890625,-52.01234808178061,11685.1806640625,-58.44223122370125,21041.8701171875,137503
-2.078517,-1.9914423,0.47911242,2.6302017477592674,0.0,-51.13292394208386,20913.6962890625,-51.87022521915206,11663.818359375,-58.52157970957384,20999.1455078125,137523
-2.0634465,-2.0108342,0.48467177,1.165952550403753,0.0,-51.14528024679464,20913.6962890625,-52.04539109269935,11663.818359375,-58.55472593451117,21020.5078125,137543
-2.0452125,-2.0360687,0.49184075,2.7917256635644563,0.0,-51.15749135688898,20913.6962890625,-52.114657979183846,11642.4560546875,-58.456880103708535,21041.8701171875,137563
-2.023017,-2.0645707,0.5000861,1.1800871206292116,0.0,-51.10019786137254,20913.6962890625,-52.00245368903762,11685.1806640625,-58.357014701755794,20956.4208984375,137583
-2.0003245,-2.0959141,0.5094661,2.645718724441724,0.0,-51.12394214546298,20913.6962890625,-52.02297890370932,11685.1806640625,-58.53840574428119,21041.8701171875,137603
-1.978031,-2.1266468,0.5176923,1.10733928450113,0.0,-51.10656182839601,20913.6962890625,-51.9134627578018,11663.818359375,-58.833263592551496,20977.783203125,137623
-1.9584512,-2.1544147,0.52546906,2.8245067331559555,0.0,-51.13919920721532,20913.6962890625,-52.07240452530841,11642.4560546875,-58.594124615780416,21041.8701171875,137643
-1.9411097,-2.1780078,0.5320505,0.9637174321929247,0.0,-51.10924559734847,20913.6962890625,-52.015652398368736,11685.1806640625,-58.47172218725849,21020.5078125,137663
-1.9238126,-2.1994996,0.5380347,2.8402397590027038,0.0,-51.07508180596373,20913.6962890625,-52.08666699781652,11706.54296875,-58.76154535597373,20977.783203125,137683
-1.906083,-2.221797,0.5444066,2.0005417218130845,0.0,-51.14070287694194,20913.6962890625,-51.956646295245825,11685.1806640625,-58.83508481797462,21020.5078125,137703
-1.8857158,-2.244865,0.55105454,2.889165182280759,0.0,-51.10251386902825,20913.6962890625,-51.98526305955557,11642.4560546875,-58.76367520118326,21020.5078125,137723
-1.8627014,-2.2708538,0.55850804,0.9635476103871425,0.0,-51.138831319440136,20913.6962890625,-51.9978980677965,11685.1806640625,-58.582096148792616,21041.8701171875,137743
-1.833603,-2.3019052,0.5687977,2.628823951409643,0.0,-51.15730510854269,20913.6962890625,-52.01770324877428,11706.54296875,-58.54835516981568,21020.5078125,137763
-1.796987,-2.3430638,0.58167344,0.9886583233739714,0.0,-51.17004118176341,20913.6962890625,-51.93233502402802,11642.4560546875,-58.988209475659275,21020.5078125,137783
-1.7536877,-2.3929725,0.59535736,1.2606992422922925,0.0,-51.17632984350835,20935.05859375,-51.91846130746875,11599.7314453125,-58.746973221126396,21020.5078125,137803
-1.706339,-2.4530048,0.6098191,0.983564630696272,0.0,-51.19775361990676,20913.6962890625,-52.08438235615995,11685.1806640625,-58.76664305741181,20977.783203125,137823
-1.6577036,-2.5181901,0.6234624,2.595251018389823,0.0,-51.192572643630115,20913.6962890625,-52.08894456295469,11706.54296875,-58.671641381169614,20999.1455078125,137843
-1.6082553,-2.587623,0.636202,2.2098706775061054,0.0,-51.196372528602616,20913.6962890625,-51.96928757061541,11663.818359375,-58.998602832080365,20999.1455078125,137863
-1.5607455,-2.6577823,0.6505854,1.299937448382476,0.0,-51.21913117093709,20913.6962890625,-51.93714839355823,11642.4560546875,-59.20984361500682,21041.8701171875,137883
-1.5161881,-2.724376,0.6678122,1.542003479548437,0.0,-51.20741386185094,20913.6962890625,-52.041478708491994,11706.54296875,-58.649106595408554,20935.05859375,137903
-1.4773011,-2.7863278,0.68384373,2.4780528296733455,0.0,-51.26963855575919,20913.6962890625,-52.169894792279635,11685.1806640625,-58.54346154538466,20999.1455078125,137923
-1.4454077,-2.8388963,0.6978471,1.3194380056723247,0.0,-51.22124683104306,20913.6962890625,-52.0028014491549,11642.4560546875,-58.851463712714285,20999.1455078125,137943
-1.4211211,-2.8813553,0.70953006,1.4525988282616593,0.0,-51.22741997299697,20913.6962890625,-52.091552775109946,11621.09375,-58.84647772231716,21020.5078125,137963
-1.4008001,-2.9183893,0.71962047,1.3353254279995448,0.0,-51.22733432527585,20913.6962890625,-52.282822371535005,11685.1806640625,-58.18766632373264,20999.1455078125,137983
-1.3801244,-2.9519742,0.7292521,2.4273467357825322,0.0,-51.253994834136584,20913.6962890625,-52.27982085669291,11685.1806640625,-58.48455571110799,21020.5078125,138003
-1.359913,-2.9825985,0.73819387,2.4970313084606883,0.0,-51.326695214285,20892.333984375,-52.015740058236005,11663.818359375,-58.34570588411877,20999.1455078125,138023
-1.3392972,-3.009826,0.746417,2.3468491272990066,0.0,-51.27054047714211,20913.6962890625,-51.987565273659186,11642.4560546875,-58.67874261040589,21105.95703125,138043
-1.3187165,-3.0370572,0.7547154,1.2784113216575557,0.0,-51.20060023796797,20913.6962890625,-52.24264995256638,11642.4560546875,-58.40135119542996,21041.8701171875,138063
-1.2951366,-3.0659628,0.7636873,2.376841088260599,0.0,-51.261754839252156,20913.6962890625,-52.28185695263334,11685.1806640625,-58.66050199300289,21020.5078125,138083
-1.2694533,-3.096965,0.7734857,2.580437207977943,0.0,-51.31424717277842,20913.6962890625,-52.05490734508353,11663.818359375,-58.644348823664565,21020.5078125,138103
-1.2429693,-3.1318018,0.78430223,1.657845824624198,0.0,-51.31208718778061,20913.6962890625,-52.17544400716641,11663.818359375,-58.763907076886646,21041.8701171875,138123
-1.2139179,-3.1695962,0.79603577,2.1900147598375765,0.0,-51.40904262749399,20892.333984375,-52.364414291404245,11663.818359375,-58.40892284988222,21020.5078125,138143
-1.1870888,-3.2074375,0.80763346,1.9427884364449133,0.0,-51.34643932204378,20935.05859375,-52.36630954375574,11685.1806640625,-58.57509110410731,20977.783203125,138163
-1.1603124,-3.2453327,0.8191763,2.580398080937438,0.0,-51.403058775282574,20913.6962890625,-52.32775656084015,11685.1806640625,-58.90416707030177,20999.1455078125,138183
-1.1352841,-3.2799053,0.829679,1.4906620862806013,0.0,-51.49841862193852,20913.6962890625,-52.33513067858396,11642.4560546875,-58.88465968727468,21020.5078125,138203
-1.113285,-3.310713,0.8389828,2.3443563146992275,0.0,-51.58418701141761,20892.333984375,-52.48695447004761,11663.818359375,-58.779749782517115,21020.5078125,138223
-1.093443,-3.3394675,0.8474408,1.9427493212022264,0.0,-51.551420342232234,20913.6962890625,-52.516767775040435,11685.1806640625,-58.71052905844167,21105.95703125,138243
-1.0761534,-3.3631535,0.8544618,2.678494096072932,0.0,-51.63983847665538,20913.6962890625,-52.41189440476441,11685.1806640625,-58.92127028739218,20977.783203125,138263
-1.0596836,-3.3830504,0.860419,1.281759943985368,0.0,-51.63415153368725,20913.6962890625,-52.536328429189524,11663.818359375,-59.03204646206461,21020.5078125,138283
-1.0466322,-3.3982956,0.8649916,1.2608018347764545,0.0,-51.56235202078635,20913.6962890625,-52.41838343547772,11642.4560546875,-59.15965175320032,20999.1455078125,138303
-1.0365692,-3.409733,0.8684075,1.8892084703489789,0.0,-51.54701221674853,20913.6962890625,-52.55326512315358,11685.1806640625,-59.06591782164181,21020.5078125,138323
-1.0264727,-3.4190533,0.8712896,2.5791081796304143,0.0,-51.612150019122154,20913.6962890625,-52.56426453979564,11663.818359375,-58.97365534740742,20999.1455078125,138343
-1.0180953,-3.4270973,0.87375313,2.0707983556491314,0.0,-51.5734079186904,20913.6962890625,-52.50746387734723,11642.4560546875,-59.087629902929926,21041.8701171875,138363
-1.0096874,-3.4330194,0.87570363,2.825095735802941,0.0,-51.623736166307935,20913.6962890625,-52.588561116024195,11621.09375,-59.29416167988535,21020.5078125,138383
-1.002153,-3.4393651,0.87769353,1.043336382700931,0.0,-51.597362186087,20913.6962890625,-52.760563046075305,11706.54296875,-58.8654083331172,21020.5078125,138403
-0.99461865,-3.4457092,0.8796883,2.5785906728045265,0.0,-51.66817432814993,20935.05859375,-52.69290392960039,11663.818359375,-59.00195869280566,20999.1455078125,138423
-0.984057,-3.453741,0.88229346,1.0873169875843047,0.0,-51.78503375013107,20913.6962890625,-52.654910579507785,11663.818359375,-59.23394667188734,20999.1455078125,138443
-0.97437257,-3.4621933,0.8849657,1.31845462901319,0.0,-51.779332197952755,20913.6962890625,-52.76345308116434,11621.09375,-59.42844492852125,21020.5078125,138463
-0.9633865,-3.4710715,0.8878076,1.5978366311598815,0.0,-51.838675665977576,20913.6962890625,-52.86438876696166,11663.818359375,-59.094090299112324,21020.5078125,138483
-0.9515197,-3.479519,0.89060014,2.309512337159241,0.0,-51.83682012363601,20913.6962890625,-52.955391844160246,11706.54296875,-59.00886815147088,21020.5078125,138503
-0.93880016,-3.4896526,0.893871,1.8393264096366218,0.0,-51.93185048198611,20913.6962890625,-52.75559117635581,11685.1806640625,-59.26883222554743,20999.1455078125,138523
-0.9234752,-3.5006306,0.8974924,1.413996271917909,0.0,-51.8682113518366,20913.6962890625,-52.852966172687125,11621.09375,-59.64487343525704,21020.5078125,138543
-0.90814894,-3.5116081,0.9011099,1.5981376853640543,0.0,-51.94863397083279,20913.6962890625,-53.33697401002833,11685.1806640625,-59.21242419658422,21020.5078125,138563
-0.892823,-3.5225844,0.90473235,1.7819546331384706,0.0,-52.03744086907708,20913.6962890625,-53.107109743299,11685.1806640625,-59.55902589350417,21041.8701171875,138583
-0.8770704,-3.5344005,0.90860426,1.9999508664922416,0.0,-52.046887329986035,20892.333984375,-53.10540270212251,11685.1806640625,-59.621111869989385,21020.5078125,138603
-0.8600123,-3.5466301,0.91266394,2.1221186555700813,0.0,-52.20451725950315,20935.05859375,-53.417104329,11642.4560546875,-59.89307999821846,20999.1455078125,138623
-0.8425026,-3.557595,0.9164111,2.031846644386991,0.0,-52.341260441013155,20913.6962890625,-53.5653310948345,11663.818359375,-59.47116441148627,20977.783203125,138643
-0.82587475,-3.5689874,0.9202302,2.37760517669905,0.0,-52.29835916701405,20913.6962890625,-53.589619096379494,11685.1806640625,-59.614795285430475,20956.4208984375,138663
-0.8079501,-3.5808117,0.9242204,2.312759351971912,0.0,-52.3057856655888,20913.6962890625,-53.560772791825514,11663.818359375,-60.08918457064524,21084.5947265625,138683
-0.7905125,-3.5960336,0.9290277,1.675028168335214,0.0,-52.47064249202164,20913.6962890625,-53.74403009288565,11621.09375,-60.02530409663902,20999.1455078125,138703
-0.7730489,-3.6091406,0.93331,1.5983001457649202,0.0,-52.513095169358486,20913.6962890625,-53.91502177118264,11663.818359375,-60.067878789978195,21063.232421875,138723
-0.75604683,-3.6235275,0.9378868,1.3931756756200833,0.0,-52.537520031835825,20913.6962890625,-53.86448072849917,11685.1806640625,-59.92081578348995,20999.1455078125,138743
-0.738626,-3.6387582,0.942727,2.345852201760574,0.0,-52.600386308035574,20913.6962890625,-53.839535013429895,11685.1806640625,-60.13079773475926,21084.5947265625,138763
-0.7220592,-3.6523085,0.94707906,1.5639174277804417,0.0,-52.60332804075364,20956.4208984375,-54.13016619645114,11642.4560546875,-60.37770356808639,20956.4208984375,138783
-0.70462006,-3.6654422,0.95137936,2.611701582045991,0.0,-52.68666629182923,20913.6962890625,-54.372720665048035,11663.818359375,-60.17852759262614,20977.783203125,138803
-0.6884853,-3.6781518,0.9555106,1.4119015044159136,0.0,-52.79971833130341,20913.6962890625,-54.53175436655576,11685.1806640625,-60.07262859734199,21084.5947265625,138823
-0.6787889,-3.6845071,0.9576698,2.5476937425687343,0.0,-53.31266331666839,20913.6962890625,-54.2775436795103,11663.818359375,-60.654341351069064,20999.1455078125,138843
-0.676861,-3.6861937,0.95820594,1.4516057970101364,0.0,-53.03434609474867,20913.6962890625,-54.57440054429624,11642.4560546875,-60.350688567370284,20977.783203125,138863
-0.67451143,-3.6887283,0.95897824,2.6941231561705212,0.0,-53.03243683291563,20913.6962890625,-54.875763577487675,11621.09375,-60.94128143784037,20999.1455078125,138883
-0.6630993,-3.6963623,0.96157,2.2925344379278614,0.0,-53.15077614734032,20935.05859375,-54.453208744985716,11663.818359375,-61.0145396237381,20956.4208984375,138903
-0.6453026,-3.7124743,0.96670455,2.6955927399054875,0.0,-53.16909134135522,20935.05859375,-54.68098762766537,11685.1806640625,-60.61258747462262,20956.4208984375,138923
-0.6236489,-3.7319863,0.97292894,1.184437744437709,0.0,-53.216852850297514,20935.05859375,-54.94142635790748,11642.4560546875,-61.098667537556246,21020.5078125,138943
-0.6011629,-3.7531908,0.97967046,1.4881812333557876,0.0,-53.396947811386404,20913.6962890625,-55.08816206768294,11621.09375,-61.74967896358862,21105.95703125,138963
-0.5782667,-3.7752542,0.986649,1.2197542861977193,0.0,-53.42853314917876,20913.6962890625,-55.115641325099425,11663.818359375,-61.25870164334829,21041.8701171875,138983
-0.556253,-3.7977464,0.99366534,2.6624171466143003,0.0,-53.505122190925846,20935.05859375,-55.089393381258745,11685.1806640625,-61.073620017972374,20956.4208984375,139003
-0.5338343,-3.8210897,1.0009568,1.9108386235259236,0.0,-53.51188262401854,20913.6962890625,-55.0387105586124,11621.09375,-61.31698758538285,20999.1455078125,139023
-0.5127184,-3.8440056,1.0080711,2.562914144889954,0.0,-53.573533625379866,20913.6962890625,-55.56075967699071,11642.4560546875,-61.535199849908686,21020.5078125,139043
-0.49332952,-3.8656507,1.0147667,2.0495849303889426,0.0,-53.5736659885839,20892.333984375,-55.45088409846264,11685.1806640625,-61.04810937382241,21041.8701171875,139063
-0.47525272,-3.8868852,1.0212533,2.4296644525603592,0.0,-53.62335215588214,20935.05859375,-55.31515163900849,11663.818359375,-61.338341578792935,20870.9716796875,139083
-0.46061572,-3.9055827,1.0268393,1.5644897346267226,0.0,-53.64505435051407,20913.6962890625,-55.255155912303444,11642.4560546875,-60.97135768811401,21063.232421875,139103
-0.44900098,-3.9225795,1.0318007,2.3960446829059494,0.0,-53.660932802842325,20913.6962890625,-55.478527124770835,11642.4560546875,-61.57869871691499,21020.5078125,139123
-0.43998682,-3.9387245,1.0363626,1.7272074545517562,0.0,-53.6018884444632,20935.05859375,-55.39784185118093,11663.818359375,-61.38220768732526,20977.783203125,139143
-0.43311024,-3.9527462,1.0402446,2.4297281818281355,0.0,-53.61538532646663,20913.6962890625,-55.19864316853581,11663.818359375,-61.30516769369522,20999.1455078125,139163
-0.42749047,-3.964221,1.0434142,1.8748931280627634,0.0,-53.53194810974148,20913.6962890625,-55.31944735000521,11642.4560546875,-61.24658162789284,20935.05859375,139183
-0.4227591,-3.9761176,1.0466292,1.5252295284644855,0.0,-53.70574212362746,20913.6962890625,-55.51764994810358,11642.4560546875,-61.70053822316716,21084.5947265625,139203
-0.41974747,-3.986729,1.0494323,1.9789724871485834,0.0,-53.55395111262809,20935.05859375,-55.34436020278755,11621.09375,-60.95287134934285,20956.4208984375,139223
-0.41679516,-3.9994607,1.0527571,2.429645501517704,0.0,-53.536382441124786,20913.6962890625,-55.234589862686285,11685.1806640625,-61.22139115701731,21041.8701171875,139243
-0.4142697,-4.01134,1.0558602,2.3295491654986025,0.0,-53.42117574500183,20935.05859375,-55.00308466279535,11642.4560546875,-61.21934630372617,20956.4208984375,139263
-0.41304672,-4.0227847,1.0587718,1.5258315706986552,0.0,-53.488019592354604,20913.6962890625,-55.44468787232192,11642.4560546875,-61.14573325897773,20999.1455078125,139283
-0.41230205,-4.0354953,1.0619748,2.3604617377082895,0.0,-53.53417911625145,20935.05859375,-55.381828899536885,11642.4560546875,-61.17479455889031,20956.4208984375,139303
-0.41157398,-4.0482054,1.0651828,1.3746312057095573,0.0,-53.497655888657945,20935.05859375,-55.088133316284186,11663.818359375,-61.195622338922,20956.4208984375,139323
-0.41303575,-4.0608864,1.0682561,2.431043523340279,0.0,-53.42788593223824,20913.6962890625,-54.966363487661106,11663.818359375,-61.13055177957905,20977.783203125,139343
-0.41315597,-4.071889,1.0710003,1.3754200386117688,0.0,-53.336480131315376,20913.6962890625,-55.28764415646691,11685.1806640625,-60.955184917145864,20999.1455078125,139363
-0.4141717,-4.083301,1.0737942,2.611325442171524,0.0,-53.43830573430482,20935.05859375,-55.19794272740035,11663.818359375,-60.80513107675977,20935.05859375,139383
-0.41560718,-4.0938573,1.0763537,1.355306304166629,0.0,-53.42705252296366,20935.05859375,-54.94603018855599,11663.818359375,-60.995525007807586,20999.1455078125,139403
-0.41657537,-4.103151,1.0786198,2.017480422375187,0.0,-53.381923599910046,20913.6962890625,-54.77645432269764,11642.4560546875,-61.115395984859894,21063.232421875,139423
-0.4193233,-4.1132584,1.0809839,1.2217063602579306,0.0,-53.320890353736345,20935.05859375,-55.074333675159075,11642.4560546875,-61.05628141241975,20977.783203125,139443
-0.42241246,-4.120391,1.0825857,1.7638328880889769,0.0,-53.23596471511916,20935.05859375,-55.13047715151009,11663.818359375,-61.09416025321203,20999.1455078125,139463
-0.4250276,-4.1262584,1.0839032,2.3783988759556443,0.0,-53.24761612276248,20935.05859375,-54.793693849623196,11663.818359375,-61.07702735007897,20999.1455078125,139483
-0.4276492,-4.1321225,1.0852219,2.1575301544563406,0.0,-53.259763836234185,20935.05859375,-54.5813692634963,11642.4560546875,-60.78975485926604,20892.333984375,139503
-0.4289059,-4.136319,1.0862083,1.2031128276164047,0.0,-53.25591259145078,20935.05859375,-54.94542375350922,11663.818359375,-60.607698393818765,20977.783203125,139523
-0.43056792,-4.1396585,1.086955,2.6935531500147163,0.0,-53.21842633624378,20935.05859375,-55.09055360190962,11685.1806640625,-61.23454280176301,21041.8701171875,139543
-0.43174598,-4.141738,1.0874104,2.394799707852298,0.0,-53.118802199035045,20935.05859375,-54.73639554888133,11663.818359375,-60.83932783684223,20977.783203125,139563
-0.43252447,-4.1446733,1.0881063,2.663358295271018,0.0,-53.13806006675649,20913.6962890625,-54.48415896190589,11642.4560546875,-60.82732130187499,20999.1455078125,139583
-0.4341933,-4.1480093,1.0888523,1.2613459295091711,0.0,-53.135054405069155,20935.05859375,-54.837618368762875,11663.818359375,-60.75594061166807,20935.05859375,139603
-0.43990755,-4.1542068,1.0900741,1.617099764280491,0.0,-53.079659342185394,20913.6962890625,-54.917617044330385,11685.1806640625,-60.96958017089684,20956.4208984375,139623
-0.44878125,-4.162863,1.0917137,1.2202125413610563,0.0,-53.12472377990361,20935.05859375,-54.37155306855729,11663.818359375,-60.742710609352635,20999.1455078125,139643
-0.4600169,-4.175693,1.0942476,2.7286401621206178,0.0,-52.927248722903855,20935.05859375,-54.02649778857829,11642.4560546875,-60.63936127668674,21020.5078125,139663
-0.4748965,-4.1922536,1.0974383,1.507893761205366,0.0,-52.75811312304665,20935.05859375,-54.088044156700235,11663.818359375,-60.46044561061841,20977.783203125,139683
-0.4951842,-4.213365,1.1013433,2.7426169673778507,0.0,-52.60984116255395,20935.05859375,-53.9821014881307,11663.818359375,-60.57722728954637,20935.05859375,139703
-0.5182094,-4.237824,1.1058544,1.123276933667259,0.0,-52.3082760171651,20935.05859375,-53.548696491179754,11663.818359375,-60.181870977540264,20999.1455078125,139723
-0.5427027,-4.2660565,1.1112262,2.696311810336298,0.0,-52.19348366463734,20913.6962890625,-53.24235705254665,11663.818359375,-59.65571390134629,21084.5947265625,139743
-0.5672054,-4.2942805,1.1166021,1.4710148113130814,0.0,-52.05139042163212,20935.05859375,-53.13329916868804,11642.4560546875,-59.614014177680154,20956.4208984375,139763
-0.5899578,-4.3216786,1.1218923,1.6542829359129172,0.0,-51.934933095936834,20935.05859375,-53.35563180332755,11642.4560546875,-59.89026728186194,20999.1455078125,139783
-0.6109517,-4.348257,1.1271093,2.4619885541604503,0.0,-51.8921238869345,20935.05859375,-52.89060961133142,11663.818359375,-59.733815928999306,20935.05859375,139803
-0.62969977,-4.372756,1.131971,2.5312383240492964,0.0,-51.77830289525769,20913.6962890625,-52.58412694619915,11685.1806640625,-59.24354938690753,20956.4208984375,139823
-0.6456998,-4.393926,1.1361904,1.5278213878031273,0.0,-51.84433054456182,20913.6962890625,-52.70114513556272,11642.4560546875,-59.330252770491335,20977.783203125,139843
-0.66073245,-4.4125667,1.1398387,1.5616268376758846,0.0,-51.70541719939645,20913.6962890625,-52.867780914661324,11621.09375,-59.48220626482487,20956.4208984375,139863
-0.6752877,-4.4299364,1.1432018,2.428393938141734,0.0,-51.691385426441144,20956.4208984375,-52.59994977071769,11663.818359375,-59.52557351375164,20935.05859375,139883
-0.6897575,-4.4451733,1.1460527,2.1919112646473566,0.0,-51.70946454565343,20913.6962890625,-52.44236789684615,11642.4560546875,-58.976995598235256,20977.783203125,139903
-0.70413935,-4.4582715,1.1484141,1.6755659497315802,0.0,-51.65164819410514,20913.6962890625,-52.540857959139224,11642.4560546875,-58.879924464803736,21020.5078125,139923
-0.7153622,-4.4689136,1.1503683,1.4864908478569516,0.0,-51.508634853805255,20935.05859375,-52.77915573737482,11685.1806640625,-59.40065279437523,20999.1455078125,139943
-0.7229194,-4.4758544,1.1516182,1.7632519271596625,0.0,-51.52083829723373,20935.05859375,-52.55377471252095,11685.1806640625,-58.9230635824277,20956.4208984375,139963
-0.72948045,-4.480275,1.1523125,1.9642059864400356,0.0,-51.65216389121146,20935.05859375,-52.37359845707544,11663.818359375,-58.98303002276754,20977.783203125,139983
-0.735156,-4.484296,1.152952,1.8209905750707864,0.0,-51.613702768867824,20956.4208984375,-52.4444900539487,11642.4560546875,-58.877492407533516,20956.4208984375,140003
-0.7430135,-4.488223,1.1534249,1.8723826960739707,0.0,-51.498325739464974,20913.6962890625,-52.614826404418544,11685.1806640625,-58.97656683434135,20956.4208984375,140023
-0.75228345,-4.493773,1.1542237,2.2575052617358784,0.0,-51.45557201911687,20913.6962890625,-52.51775778224208,11685.1806640625,-59.03360772079803,20977.783203125,140043
-0.7633516,-4.500082,1.155112,2.4978051505404313,0.0,-51.72227563563893,20913.6962890625,-52.2334365255996,11663.818359375,-59.20841433377686,20977.783203125,140063
-0.77442604,-4.5063834,1.1559752,2.295571412556408,0.0,-53.67072612777371,20913.6962890625,-52.13310488949864,11642.4560546875,-59.804008550721264,20956.4208984375,140083
-0.7855056,-4.512678,1.1568222,1.4303938992442258,0.0,-54.17729751362155,20956.4208984375,-54.882646597957006,11706.54296875,-59.47621608813521,20999.1455078125,140103
-0.7980046,-4.520599,1.1579444,2.6272887565250502,0.0,-53.049858063704384,20935.05859375,-56.29886260879691,11727.9052734375,-59.63157596749325,20999.1455078125,140123
-0.81269276,-4.528394,1.1588893,1.1838530144355812,0.0,-52.8980490052041,20913.6962890625,-54.45274068002944,11685.1806640625,-60.92688050252746,21105.95703125,140143
-0.8288174,-4.537786,1.1601406,1.6754956904495732,0.0,-53.047053643078726,20913.6962890625,-54.120859967031336,11642.4560546875,-60.77303099958848,20999.1455078125,140163
-0.84623694,-4.546654,1.1611664,1.3164834023996952,0.0,-52.91074038535727,20913.6962890625,-54.35708777730248,11685.1806640625,-60.60574283929298,20977.783203125,140183
-0.8636729,-4.5554976,1.1621275,2.2065267469006278,0.0,-52.75394707836564,20913.6962890625,-54.39372790239367,11706.54296875,-60.40255331277714,20999.1455078125,140203
-0.88150007,-4.5634313,1.1628386,2.4640108239112863,0.0,-52.82034001127275,20913.6962890625,-53.918166536048915,11663.818359375,-60.58585039016344,20999.1455078125,140223
-0.90115166,-4.5720644,1.1635885,1.6940261607563103,0.0,-52.679923156670945,20913.6962890625,-53.71322207203715,11621.09375,-60.45776612458479,21020.5078125,140243
-0.92082614,-4.5806475,1.1643082,1.1229699403444913,0.0,-52.65916366268709,20913.6962890625,-54.24063100052133,11685.1806640625,-60.18907842723324,20977.783203125,140263
-0.94142425,-4.589555,1.1650276,2.7257998417125235,0.0,-52.689070442266285,20892.333984375,-54.30252512121076,11706.54296875,-60.51167101498942,20999.1455078125,140283
-0.96204567,-4.59841,1.1657186,1.1251928400193871,0.0,-52.688150682355285,20913.6962890625,-53.92772933499632,11642.4560546875,-60.618908462320334,21020.5078125,140303
-0.98233235,-4.6080866,1.1666316,2.712481950413091,0.0,-52.407018755028545,20913.6962890625,-53.76319895367112,11642.4560546875,-60.33620240620017,21020.5078125,140323
-1.0017383,-4.61735,1.1674997,1.4314344105428294,0.0,-52.467947012123375,20913.6962890625,-54.05058676040721,11706.54296875,-60.03969941563863,20977.783203125,140343
-1.0208149,-4.6274433,1.1685755,2.7421472438328856,0.0,-52.43539970193658,20913.6962890625,-54.11314374787665,11706.54296875,-60.50489263938688,21084.5947265625,140363
-1.0399227,-4.637478,1.1696446,1.2030814103059169,0.0,-52.48301403556677,20913.6962890625,-53.72153589075878,11642.4560546875,-60.674205972217614,20999.1455078125,140383
-1.0568918,-4.6476297,1.1709123,2.5816194571819553,0.0,-52.50837527157694,20935.05859375,-53.6027231024281,11642.4560546875,-60.28894732978955,21020.5078125,140403
-1.0724156,-4.6561484,1.1718992,1.393367115614696,0.0,-52.46313145659991,20913.6962890625,-53.808551230341514,11663.818359375,-59.99346606978797,20999.1455078125,140423
-1.0879645,-4.664622,1.1728805,2.5281984341010406,0.0,-52.655713332000374,20913.6962890625,-54.23936672196656,11706.54296875,-60.31646171266419,20999.1455078125,140443
-1.1022868,-4.6735854,1.174069,2.5138733977060617,0.0,-52.54165025253048,20935.05859375,-54.26195248607702,11663.818359375,-60.428674028135525,20999.1455078125,140463
-1.1151488,-4.6809325,1.174972,1.9290403262434563,0.0,-52.42173628401815,20913.6962890625,-53.671499723244914,11642.4560546875,-60.50270373886612,21020.5078125,140483
-1.1286148,-4.6894646,1.1761216,1.3564662989919305,0.0,-52.5086145046201,20935.05859375,-53.78094379599222,11642.4560546875,-60.237230748573936,20956.4208984375,140503
-1.142114,-4.6979475,1.1772454,2.34312434471662,0.0,-52.385152030956306,20913.6962890625,-53.94977742291231,11685.1806640625,-60.27289795937479,20935.05859375,140523
-1.1574837,-4.7070427,1.1783723,1.4876429871558097,0.0,-52.38967975376997,20935.05859375,-53.88089459630491,11663.818359375,-60.1705141631159,21041.8701171875,140543
-1.1738087,-4.7164083,1.179492,2.3468122395278916,0.0,-52.432475448790996,20913.6962890625,-53.55340865414314,11621.09375,-60.34743818495792,20999.1455078125,140563
-1.1913701,-4.728148,1.1810899,1.3941333237010514,0.0,-52.45644799475613,20913.6962890625,-54.11352835667141,11663.818359375,-60.22368027592463,20977.783203125,140583
-1.2108132,-4.740476,1.1826993,1.8894308285587522,0.0,-52.53318576360176,20913.6962890625,-53.79125598020836,11663.818359375,-60.356211018705096,20956.4208984375,140603
-1.2309068,-4.7539563,1.1845199,1.8549691105503632,0.0,-52.50239865916075,20913.6962890625,-53.797792063061614,11663.818359375,-60.1931656950305,21020.5078125,140623
-1.2516581,-4.7685866,1.1865467,2.0530287644399032,0.0,-52.444553582805966,20913.6962890625,-53.58879893988278,11621.09375,-60.43791810361199,20999.1455078125,140643
-1.2730731,-4.7843647,1.1887882,1.9983766933306024,0.0,-52.402816862127324,20935.05859375,-53.82388217234251,11663.818359375,-59.923275620846454,20999.1455078125,140663
-1.2954599,-4.800397,1.1909916,1.7996097918883425,0.0,-52.375450362198805,20913.6962890625,-53.85085290668617,11663.818359375,-59.94558566565108,21020.5078125,140683
-1.3185143,-4.8175793,1.1934052,2.3974538358521293,0.0,-52.402256523039306,20913.6962890625,-53.801172232381724,11663.818359375,-60.62537469563041,21041.8701171875,140703
-1.3422449,-4.8359046,1.196041,1.3568411222731989,0.0,-52.492463980060094,20913.6962890625,-53.72325784346194,11621.09375,-60.439550387640196,20999.1455078125,140723
-1.3675816,-4.8556824,1.1988758,1.354310412313065,0.0,-52.442324702669524,20913.6962890625,-53.91959437005896,11685.1806640625,-60.2735006497248,21020.5078125,140743
-1.3926803,-4.8762927,1.2019174,1.7093175030408447,0.0,-52.519078701601345,20892.333984375,-53.943659015256166,11706.54296875,-60.391120090437,21020.5078125,140763
-1.4184772,-4.898028,1.2052112,2.712659174977648,0.0,-52.391079816257225,20935.05859375,-53.752522412731466,11663.818359375,-60.72126818699658,21041.8701171875,140783
-1.4446199,-4.918798,1.2082354,2.2604653577077336,0.0,-52.45904789265822,20913.6962890625,-53.773793430752676,11621.09375,-60.306443101585856,21041.8701171875,140803
-1.4721032,-4.941901,1.211703,2.7098337155523566,0.0,-52.484368719930686,20913.6962890625,-53.9722831383872,11706.54296875,-60.15386081647007,20999.1455078125,140823
-1.4999223,-4.9640493,1.2148714,1.1030126578976245,0.0,-52.46424066321025,20913.6962890625,-53.977859750474416,11706.54296875,-60.386830030823326,21020.5078125,140843
-1.5284408,-4.987327,1.218289,2.4140298926026778,0.0,-52.597671569429195,20913.6962890625,-53.88028660247229,11685.1806640625,-60.728418749427995,21020.5078125,140863
-1.5560707,-5.010265,1.2216907,0.9683518216876486,0.0,-51.073096055927365,20913.6962890625,-51.895018694042705,11621.09375,-59.831585612222405,21020.5078125,140883
-1.5828068,-5.032868,1.2250934,2.8555876216210576,0.0,-50.955008496175445,20913.6962890625,-51.98772140644455,11663.818359375,-59.623748366339775,20956.4208984375,140903
-1.6105137,-5.055715,1.2284801,1.486662454971104,0.0,-50.9947315363173,20913.6962890625,-52.109372448753945,11706.54296875,-58.75782665822584,21084.5947265625,140923
-1.6373199,-5.0782437,1.2318264,2.8256616604165963,0.0,-51.04247512118633,20892.333984375,-51.88277468302171,11663.818359375,-58.85088804476521,21084.5947265625,140943
-1.665756,-5.1022096,1.2353525,2.41446765213194,0.0,-51.05844057511098,20913.6962890625,-52.03511493061435,11642.4560546875,-59.10593131071838,20956.4208984375,140963
-1.6939533,-5.1270423,1.2391098,1.4300380077822772,0.0,-51.189902386655874,20913.6962890625,-52.053360162210055,11685.1806640625,-58.713239278635754,21041.8701171875,140983
-1.7224557,-5.1509323,1.242614,1.4103690501220802,0.0,-51.106774530763694,20935.05859375,-51.99890611014038,11685.1806640625,-58.5254856809907,20999.1455078125,141003
-1.7516619,-5.1759677,1.2463208,2.58135831986521,0.0,-51.1001039988616,20913.6962890625,-52.0365115116991,11685.1806640625,-58.55953387579039,21020.5078125,141023
-1.7821034,-5.2003436,1.249743,1.5645423603756385,0.0,-51.12153174397183,20913.6962890625,-51.99028814876201,11642.4560546875,-58.92547426433769,20999.1455078125,141043
-1.8137875,-5.2240353,1.2529523,2.1718879635904136,0.0,-51.16334256301555,20913.6962890625,-52.181477245667125,11663.818359375,-58.57353945239681,21020.5078125,141063
-1.842704,-5.2468395,1.2562147,1.5978940345492598,0.0,-51.07239837529263,20913.6962890625,-51.980198149736694,11663.818359375,-58.83615707119233,21020.5078125,141083
-1.8725903,-5.26988,1.2594458,2.5148509500347256,0.0,-51.08402176772892,20913.6962890625,-52.03408184940453,11685.1806640625,-58.45591942717271,20977.783203125,141103
-1.9030328,-5.291066,1.2621838,2.4478804133876646,0.0,-51.19776638439092,20913.6962890625,-51.95931749940816,11663.818359375,-58.77781464076125,21041.8701171875,141123
-1.9351183,-5.3136673,1.265102,1.3918670121563683,0.0,-51.105811229052776,20913.6962890625,-51.99385568673809,11685.1806640625,-58.663496802383,21020.5078125,141143
-1.9686993,-5.3346667,1.2675356,1.4294266939324098,0.0,-51.122334652158344,20913.6962890625,-52.06962004718345,11685.1806640625,-58.729022243441804,20956.4208984375,141163
-2.0013678,-5.3553653,1.2698975,2.564469110159158,0.0,-51.20890987626376,20913.6962890625,-52.06455933102183,11706.54296875,-58.74309771390935,20999.1455078125,141183
-2.0345862,-5.3741875,1.27178,2.414722397436927,0.0,-51.092375619825596,20913.6962890625,-52.16922893192341,11642.4560546875,-58.44798975986939,21063.232421875,141203
-2.0671513,-5.391779,1.2734394,2.084502928666012,0.0,-51.34495149888014,20935.05859375,-52.27227267262617,11685.1806640625,-58.75948007144978,20977.783203125,141223
-2.0990553,-5.4081526,1.2748493,1.99858399737889,0.0,-51.195310065320136,20913.6962890625,-51.98759049805875,11727.9052734375,-58.787925941260596,20999.1455078125,141243
-2.1293552,-5.4230447,1.2760404,2.4819689262808105,0.0,-51.23767983586905,20913.6962890625,-52.0566425523907,11685.1806640625,-58.78697618263536,21020.5078125,141263
-2.158737,-5.437631,1.2772268,2.479376865147616,0.0,-51.22188415658751,20913.6962890625,-52.18153826548057,11642.4560546875,-59.03823097989094,20999.1455078125,141283
-2.1876988,-5.450096,1.2778955,1.9604042929822627,0.0,-51.020372917003094,20913.6962890625,-52.042524182970446,11685.1806640625,-58.62124985037382,21020.5078125,141303
-2.215739,-5.4622564,1.2785913,2.0341668749658006,0.0,-51.15583657408354,20913.6962890625,-51.886928431433724,11685.1806640625,-58.48010262385759,21020.5078125,141323
-2.2428563,-5.4741173,1.2792915,2.4148354188753784,0.0,-51.07834966121043,20913.6962890625,-52.03009184229487,11642.4560546875,-58.452488474746865,20999.1455078125,141343
-2.2721195,-5.485542,1.279704,1.8726672013026435,0.0,-51.079300272865346,20913.6962890625,-52.17800167454918,11642.4560546875,-58.69706223627514,21041.8701171875,141363
-2.3030303,-5.4983697,1.2802811,1.4857253649359772,0.0,-51.04627714088913,20913.6962890625,-52.00592205825873,11685.1806640625,-58.39040409440817,21063.232421875,141383
-2.3360856,-5.510755,1.2805583,1.3563592876829933,0.0,-51.13335693481015,20935.05859375,-51.942403477922156,11685.1806640625,-58.59921553876137,21020.5078125,141403
-2.3707917,-5.52454,1.2809633,2.4988840895693727,0.0,-51.17786317225925,20913.6962890625,-52.046240576177254,11685.1806640625,-58.55452128763763,21020.5078125,141423
-2.4057634,-5.537348,1.2811997,1.4875098558639768,0.0,-51.139925039972894,20913.6962890625,-52.18427813732531,11663.818359375,-58.82187736085467,21020.5078125,141443
-2.4405112,-5.551026,1.2816575,2.3603833632287414,0.0,-51.11707045630908,20913.6962890625,-52.08607303321719,11685.1806640625,-58.41104685977993,21041.8701171875,141463
-2.4736252,-5.5632544,1.2818953,1.4511018491926497,0.0,-51.1407378677458,20913.6962890625,-52.006226539518,11685.1806640625,-58.495594108602155,21020.5078125,141483
-2.5051057,-5.5740266,1.2819495,2.4988995151142723,0.0,-51.219716159433155,20913.6962890625,-52.06309453233001,11663.818359375,-58.5953050002745,21020.5078125,141503
-2.5349476,-5.583354,1.2818469,1.4686983668902358,0.0,-51.15582911288067,20913.6962890625,-52.21168110224026,11642.4560546875,-58.82069393222608,21041.8701171875,141523
-2.561727,-5.592832,1.2820503,1.5233181983357393,0.0,-51.163974127705515,20913.6962890625,-52.04423532603603,11685.1806640625,-58.65134330421987,21020.5078125,141543
-2.5830889,-5.5998807,1.2821364,1.4515214331740016,0.0,-51.126318808685845,20913.6962890625,-51.98329264448177,11685.1806640625,-58.49564435795586,21020.5078125,141563
-2.6025634,-5.606433,1.2822254,2.615078944473426,0.0,-51.19186340090345,20913.6962890625,-52.18971671144574,11642.4560546875,-58.682395100302,20999.1455078125,141583
-2.6218,-5.613907,1.2825011,2.3778692635968497,0.0,-51.14249414755932,20913.6962890625,-52.17560234492515,11663.818359375,-58.492365521785544,21020.5078125,141603
-2.642925,-5.6218753,1.2827144,2.725611813558053,0.0,-51.225521629715935,20913.6962890625,-52.01804749329856,11663.818359375,-58.56858030261076,21041.8701171875,141623
-2.6649983,-5.63008,1.2828945,1.4519693428400688,0.0,-51.167017769386504,20913.6962890625,-52.03263778044978,11663.818359375,-58.40740430079522,21063.232421875,141643
-2.6896718,-5.6399345,1.2832577,2.5317722785062373,0.0,-51.29126666912129,20892.333984375,-52.09273819176181,11642.4560546875,-58.58238643016948,21041.8701171875,141663
-2.711518,-5.649033,1.2837384,1.1035259963002713,0.0,-51.33111262442802,20913.6962890625,-52.20280234756836,11663.818359375,-58.69929571833001,21041.8701171875,141683
-2.7260468,-5.6552386,1.2841401,1.4483457613737485,0.0,-51.334958614063154,20913.6962890625,-52.06239647444917,11663.818359375,-58.47329901990022,21084.5947265625,141703
-2.7313645,-5.658074,1.2844309,1.4893614470410146,0.0,-51.243517293159215,20935.05859375,-51.96176750537302,11663.818359375,-58.31111598485391,20999.1455078125,141723
-2.7321942,-5.6587667,1.284535,2.498548904820492,0.0,-51.28731249216693,20913.6962890625,-52.08543858435991,11685.1806640625,-58.69837488149515,21020.5078125,141743
-2.731849,-5.6601105,1.2848765,1.451649972193666,0.0,-51.224892415441836,20870.9716796875,-51.97106281547492,11685.1806640625,-58.36734116699379,20999.1455078125,141803
-2.7315035,-5.6614537,1.2852181,1.4106799810865276,0.0,-51.24815954924776,20892.333984375,-52.12201790177638,11685.1806640625,-58.30843795954682,20999.1455078125,141863
-2.731158,-5.662798,1.2855575,1.1233531524895497,0.0,-51.23211509017494,20892.333984375,-52.206422688822514,11642.4560546875,-58.42274138013764,20999.1455078125,141923
-2.7308118,-5.6641436,1.2858896,2.5653442495721848,0.0,-51.3240339373095,20913.6962890625,-52.04943111595789,11642.4560546875,-58.534437813204654,21020.5078125,141983
-2.7304645,-5.6654897,1.2862188,1.3950224472831478,0.0,-51.27839554594138,20913.6962890625,-51.95841983361394,11663.818359375,-58.232383970334816,20977.783203125,142043
-2.730111,-5.666858,1.2865528,2.696912380187126,0.0,-51.322906879582746,20935.05859375,-52.057447333960724,11642.4560546875,-58.64119438234531,21020.5078125,142063
-2.7297633,-5.6682043,1.2868829,1.3951401500284835,0.0,-51.33955761251073,20935.05859375,-51.985886411706694,11663.818359375,-58.509388835795484,21020.5078125,142123
-2.7294154,-5.66955,1.287215,2.6598504737657787,0.0,-51.271817012205815,20913.6962890625,-52.07824562211045,11685.1806640625,-58.26975162190774,20999.1455078125,142183
-2.729067,-5.6708946,1.287548,2.4961506491852754,0.0,-51.27853515674352,20913.6962890625,-52.18237705706157,11642.4560546875,-58.56372287795743,21041.8701171875,142243
-2.7287188,-5.67224,1.2878805,2.2963404420896674,0.0,-51.332292450078526,20913.6962890625,-52.02837190111441,11642.4560546875,-58.394383105028766,21020.5078125,142303
-2.72837,-5.6735845,1.2882143,1.182560792537251,0.0,-51.33936454778515,20870.9716796875,-52.06644134631433,11685.1806640625,-58.444815470804,20999.1455078125,142363
-2.728021,-5.674929,1.2885478,2.544231798988385,0.0,-51.27092335301299,20913.6962890625,-52.11940393827216,11685.1806640625,-58.46666253165567,20977.783203125,142423
-2.7276719,-5.676274,1.2888814,1.0849745280295329,0.0,-51.34541019006366,20892.333984375,-52.1448557412727,11663.818359375,-58.33725281539958,20999.1455078125,142483
-2.7273226,-5.6776185,1.2892158,2.7943520021986186,0.0,-51.26050713951932,20892.333984375,-52.00319065091358,11663.818359375,-58.42747381582815,20999.1455078125,142543
-2.7269728,-5.678963,1.2895497,1.2985555468551708,0.0,-51.36246133029418,20913.6962890625,-52.04856606330006,11685.1806640625,-58.58960722672187,20999.1455078125,142603
-2.7266233,-5.680308,1.289884,2.6105232172821857,0.0,-51.3173491410777,20913.6962890625,-52.187552529777236,11685.1806640625,-58.441840777063526,20999.1455078125,142663
-2.7262735,-5.6816525,1.2902186,1.2794347314103054,0.0,-51.35010877713094,20913.6962890625,-52.20146531919217,11663.818359375,-58.159617808466365,20999.1455078125,142723
-2.7259238,-5.682997,1.2905526,2.8426269149882772,0.0,-51.319851173568225,20892.333984375,-52.036208270367375,11663.818359375,-58.628257038023676,21020.5078125,142783
-2.7255733,-5.6843414,1.2908871,1.2604231484212114,0.0,-51.265644518168266,20935.05859375,-51.94204594444535,11663.818359375,-58.85018946686364,20999.1455078125,142843
-2.725222,-5.6856847,1.2912234,2.854419363624219,0.0,-51.22007606131535,20913.6962890625,-52.24156279184683,11685.1806640625,-58.440612849137175,20999.1455078125,142903
-2.724871,-5.687028,1.2915605,0.9868158630975822,0.0,-51.303217786433414,20913.6962890625,-52.05465282402007,11642.4560546875,-58.324121175785415,20999.1455078125,142963
-2.7245197,-5.688371,1.291897,2.858547194105798,0.0,-51.25794552970392,20935.05859375,-51.928477257888915,11663.818359375,-58.22590326583118,20999.1455078125,143023
-2.7241683,-5.6897144,1.2922331,0.9851060076706573,0.0,-51.3698798839577,20935.05859375,-52.130259358026194,11685.1806640625,-58.58386890131235,20935.05859375,143083
-2.7238164,-5.6910577,1.2925688,2.83856188356979,0.0,-51.38569065876651,20935.05859375,-52.23240929807752,11685.1806640625,-58.482713906419434,20956.4208984375,143143
-2.7234645,-5.692401,1.2929053,2.661897449331032,0.0,-51.23349681753573,20913.6962890625,-52.192847867784245,11642.4560546875,-58.17753870897821,20977.783203125,143203
-2.7231128,-5.693744,1.2932427,1.9470715415748094,0.0,-51.3162562614815,20913.6962890625,-51.995893452117954,11663.818359375,-58.43351546285259,21020.5078125,143263
-2.7227616,-5.6950874,1.2935811,1.335345252854746,0.0,-51.27797840949333,20935.05859375,-52.18926789602427,11685.1806640625,-58.359365675247474,20977.783203125,143323
-2.7224104,-5.6964307,1.29392,2.709238375646177,0.0,-51.26746834480385,20913.6962890625,-52.18558398505604,11685.1806640625,-58.443774558969714,21020.5078125,143383
-2.7220595,-5.697774,1.2942579,1.259812105928291,0.0,-51.36137725429444,20913.6962890625,-52.24176626816156,11663.818359375,-58.41390503237352,21041.8701171875,143443
-2.7217088,-5.699117,1.2945943,1.9292779257815562,0.0,-51.28889238011466,20913.6962890625,-51.96258583334753,11685.1806640625,-58.812973779065246,20977.783203125,143503
-2.7213573,-5.7004614,1.2949288,1.6362123156637622,0.0,-51.32924939432911,20913.6962890625,-52.1371333295994,11685.1806640625,-58.64517786564976,20956.4208984375,143563
-2.7210054,-5.7018046,1.2952635,2.494397784005139,0.0,-51.33090710878892,20892.333984375,-52.10719802668165,11685.1806640625,-58.37454977250947,21063.232421875,143623
-2.720653,-5.703148,1.2955977,1.765807433105232,0.0,-51.313393970950294,20913.6962890625,-52.12312962871559,11642.4560546875,-58.33389580598034,20999.1455078125,143683
-2.7203004,-5.704491,1.2959324,2.39813415239586,0.0,-51.22187035660153,20913.6962890625,-52.037455998695236,11663.818359375,-58.72159315350581,21020.5078125,143743
-2.7199476,-5.7058344,1.2962679,1.6177372051350245,0.0,-51.35055760588499,20892.333984375,-52.12226003502808,11685.1806640625,-58.448678567704455,20956.4208984375,143803
-2.719595,-5.7071776,1.2966046,2.257455111596171,0.0,-51.25259172046343,20913.6962890625,-52.18336446049224,11685.1806640625,-58.3656317317758,20999.1455078125,143863
-2.7192423,-5.708521,1.296942,2.581295857930268,0.0,-51.298485711927704,20913.6962890625,-51.931912466766086,11642.4560546875,-58.651341814082336,20999.1455078125,143923
-2.7188897,-5.709864,1.29728,2.17533396165548,0.0,-51.30103762737817,20935.05859375,-51.979188376084046,11642.4560546875,-58.57177870322679,20999.1455078125,143983
-2.718537,-5.7112074,1.2976177,1.2962582762362593,0.0,-51.227630783147724,20935.05859375,-52.29539334556855,11706.54296875,-58.8372884779877,20999.1455078125,144043
-2.7181845,-5.7125506,1.2979543,2.3783557247519935,0.0,-51.284161985503324,20913.6962890625,-52.194427997337286,11663.818359375,-58.64221956936837,21020.5078125,144103
-2.7178319,-5.713894,1.2982899,2.5482468248848478,0.0,-51.265111614719174,20913.6962890625,-51.9201728913157,11642.4560546875,-58.848427883412896,21063.232421875,144163
-2.7174788,-5.715237,1.2986251,1.339266839871309,0.0,-51.2871433261158,20913.6962890625,-52.04229157532103,11663.818359375,-58.67666271912347,21041.8701171875,144223
-2.7171254,-5.7165804,1.2989596,1.2971121263463068,0.0,-51.29516444907964,20913.6962890625,-52.21298107971893,11706.54296875,-58.60861165000786,20999.1455078125,144283
-2.716772,-5.7179236,1.299295,0.9642229412080616,0.0,-51.34682049784479,20913.6962890625,-52.24438729834802,11685.1806640625,-58.642571553811244,21020.5078125,144343
-2.7164187,-5.719267,1.2996308,2.8581430513862847,0.0,-51.32409966157149,20913.6962890625,-52.02593439217787,11642.4560546875,-58.742024443654245,21020.5078125,144403
