-0.51208466,-2.015924,-14.905227
-0.51286143,-2.0152402,-14.905574
-0.5135786,-2.0146089,-14.905894
-0.51429576,-2.0139775,-14.906215
-0.5150129,-2.0133462,-14.906535
-0.5157301,-2.0127149,-14.906856
-0.51646066,-2.012069,-14.907189
-0.51719123,-2.011423,-14.907523
-0.5179218,-2.0107772,-14.907857
-0.5186524,-2.0101314,-14.908191
-0.51938295,-2.0094855,-14.9085245
-0.5201135,-2.0088396,-14.908858
-0.5208441,-2.0081937,-14.909192
-0.5215747,-2.0075479,-14.909526
-0.52230525,-2.006902,-14.90986
-0.5230358,-2.006256,-14.910193
-0.5237664,-2.0056102,-14.910527
-0.524497,-2.0049644,-14.910861
-0.52522755,-2.0043185,-14.911195
-0.5259581,-2.0036726,-14.911529
-0.52677727,-2.002948,-14.911904
-0.5276249,-2.002197,-14.912295
-0.5285168,-2.0014064,-14.912707
-0.52940875,-2.0006158,-14.913119
-0.5303007,-1.9998252,-14.913531
-0.5311926,-1.9990346,-14.913943
-0.5320845,-1.998244,-14.914355
-0.53297645,-1.9974535,-14.914767
-0.5338684,-1.9966629,-14.915179
-0.5347603,-1.9958723,-14.915591
-0.5356522,-1.9950817,-14.916003
-0.53658974,-1.9942521,-14.916435
-0.5373043,-1.9936202,-14.916764
-0.5380188,-1.9929882,-14.917093
-0.53873336,-1.9923563,-14.917422
-0.5394479,-1.9917244,-14.917751
-0.54016244,-1.9910924,-14.91808
-0.540877,-1.9904605,-14.918409
-0.5415915,-1.9898286,-14.918738
-0.54230607,-1.9891967,-14.919067
-0.5430206,-1.9885647,-14.919396
-0.54373515,-1.9879328,-14.919725
-0.5444497,-1.9873009,-14.920054
-0.5451642,-1.986669,-14.920383
-0.54587877,-1.986037,-14.920712
-0.5465933,-1.9854051,-14.9210415
-0.54730785,-1.9847732,-14.9213705
-0.5480224,-1.9841412,-14.9217
-0.54873693,-1.9835093,-14.922029
-0.5494515,-1.9828774,-14.922358
-0.550166,-1.9822454,-14.922687
-0.55088055,-1.9816135,-14.923016
-0.5515951,-1.9809816,-14.923345
-0.55230963,-1.9803497,-14.923674
-0.5530242,-1.9797177,-14.924003
-0.5537387,-1.9790858,-14.924332
-0.55445325,-1.9784539,-14.924661
-0.5551678,-1.977822,-14.92499
-0.55588233,-1.97719,-14.925319
-0.5565969,-1.9765581,-14.925648
-0.5573114,-1.9759262,-14.925977
-0.55802596,-1.9752942,-14.926306
-0.5587405,-1.9746623,-14.926635
-0.55945504,-1.9740304,-14.926964
-0.5602597,-1.9733198,-14.927333
-0.5611094,-1.9725698,-14.927722
-0.56195915,-1.9718199,-14.928111
-0.5628089,-1.9710699,-14.9285
-0.5636586,-1.97032,-14.928889
-0.5645083,-1.96957,-14.929278
-0.56535804,-1.9688201,-14.929667
-0.5662464,-1.9679958,-14.930022
-0.56713474,-1.9671714,-14.930377
-0.5680231,-1.9663471,-14.930732
-0.56891143,-1.9655228,-14.931087
-0.5697998,-1.9646984,-14.931441
-0.5706881,-1.9638741,-14.931796
-0.5715765,-1.9630498,-14.932151
-0.5724648,-1.9622254,-14.932506
-0.5733532,-1.9614011,-14.93286
-0.5742415,-1.9605768,-14.933215
-0.57512987,-1.9597524,-14.93357
-0.5760182,-1.9589281,-14.933925
-0.57690656,-1.9581038,-14.934279
-0.5777949,-1.9572794,-14.934634
-0.57868326,-1.9564551,-14.934989
-0.5796102,-1.9555568,-14.935309
-0.5805372,-1.9546584,-14.93563
-0.5814642,-1.95376,-14.93595
-0.58239114,-1.9528617,-14.936271
-0.5833181,-1.9519633,-14.936591
-0.5842451,-1.951065,-14.936912
-0.58517206,-1.9501666,-14.937232
-0.586099,-1.9492682,-14.937552
-0.587026,-1.9483699,-14.937873
-0.587953,-1.9474715,-14.938193
-0.58887994,-1.9465731,-14.938514
-0.5898069,-1.9456748,-14.938834
-0.5907339,-1.9447764,-14.939155
-0.59166086,-1.943878,-14.939475
-0.5925878,-1.9429797,-14.9397955
-0.5935148,-1.9420813,-14.940116
-0.5944418,-1.941183,-14.940436
-0.59536874,-1.9402846,-14.940757
-0.5962957,-1.9393862,-14.941077
-0.5972227,-1.9384879,-14.941398
-0.59814966,-1.9375895,-14.941718
-0.5990766,-1.9366912,-14.942039
-0.6000036,-1.9357928,-14.942359
-0.6009306,-1.9348944,-14.942679
-0.60185754,-1.9339961,-14.943
-0.6027845,-1.9330977,-14.94332
-0.6037115,-1.9321994,-14.943641
-0.60463846,-1.931301,-14.943961
-0.6055654,-1.9304026,-14.944282
-0.6064924,-1.9295043,-14.944602
-0.60742176,-1.9286274,-14.944959
-0.6083523,-1.9277612,-14.9453335
-0.60928285,-1.926895,-14.945708
-0.6102134,-1.9260288,-14.946083
-0.61114395,-1.9251627,-14.946458
-0.6120745,-1.9242965,-14.946833
-0.6129091,-1.9234849,-14.947135
-0.6136957,-1.9227006,-14.947401
-0.6144823,-1.9219164,-14.947667
-0.6152689,-1.9211321,-14.947933
-0.6160555,-1.9203478,-14.948199
-0.6168421,-1.9195635,-14.948465
-0.6176287,-1.9187793,-14.948731
-0.6183552,-1.9180479,-14.948971
-0.6190517,-1.917343,-14.949197
-0.6197482,-1.9166381,-14.949423
-0.62044466,-1.9159333,-14.949649
-0.62114114,-1.9152284,-14.949875
-0.6218376,-1.9145235,-14.950101
-0.6225341,-1.9138186,-14.950327
-0.6232306,-1.9131137,-14.950553
-0.62392706,-1.9124088,-14.950779
-0.62462354,-1.911704,-14.951005
-0.62532,-1.9109991,-14.951231
-0.6260165,-1.9102942,-14.951457
-0.626713,-1.9095893,-14.951683
-0.62740946,-1.9088844,-14.951909
-0.62810594,-1.9081795,-14.952135
-0.6288024,-1.9074746,-14.952361
-0.6294989,-1.9067698,-14.952587
-0.6301954,-1.9060649,-14.952813
-0.63089186,-1.90536,-14.953039
-0.63158834,-1.9046551,-14.953265
-0.6322848,-1.9039502,-14.953491
-0.6329813,-1.9032453,-14.953717
-0.6336778,-1.9025404,-14.953943
-0.63437426,-1.9018356,-14.954169
-0.63507074,-1.9011307,-14.954395
-0.6357672,-1.9004258,-14.954621
-0.6364637,-1.8997209,-14.954847
-0.6371602,-1.899016,-14.955073
-0.63785666,-1.8983111,-14.955299
-0.63855314,-1.8976063,-14.955525
-0.6392496,-1.8969014,-14.955751
-0.6399461,-1.8961965,-14.955977
-0.6406426,-1.8954916,-14.956203
-0.64152044,-1.8946509,-14.956551
-0.64240026,-1.8938121,-14.956898
-0.64328074,-1.8929738,-14.957245
-0.6441612,-1.8921355,-14.957592
-0.6450417,-1.8912972,-14.957939
-0.6459222,-1.890459,-14.958286
-0.64680266,-1.8896207,-14.958633
-0.64768314,-1.8887824,-14.958981
-0.6485636,-1.8879441,-14.959328
-0.6494441,-1.8871058,-14.959675
-0.6503246,-1.8862675,-14.960022
-0.65120506,-1.8854293,-14.960369
-0.65208554,-1.884591,-14.960716
-0.652966,-1.8837527,-14.961063
-0.6538465,-1.8829144,-14.9614105
-0.654727,-1.8820761,-14.961758
-0.6556466,-1.8811649,-14.962073
-0.65634614,-1.8804632,-14.962302
-0.65704566,-1.8797616,-14.962531
-0.6577452,-1.8790599,-14.96276
-0.6584447,-1.8783582,-14.962989
-0.6591442,-1.8776566,-14.963218
-0.65984374,-1.8769549,-14.963447
-0.66054326,-1.8762532,-14.9636755
-0.6612428,-1.8755516,-14.963904
-0.6619423,-1.8748499,-14.964133
-0.6626418,-1.8741482,-14.964362
-0.66334134,-1.8734466,-14.964591
-0.66404086,-1.8727449,-14.96482
-0.6647404,-1.8720433,-14.965049
-0.6654399,-1.8713416,-14.965278
-0.6661394,-1.8706399,-14.965507
-0.66683894,-1.8699383,-14.965735
-0.66753846,-1.8692366,-14.965964
-0.668238,-1.8685349,-14.966193
-0.6689375,-1.8678333,-14.966422
-0.669637,-1.8671316,-14.966651
-0.67033654,-1.8664299,-14.96688
-0.67103606,-1.8657283,-14.967109
-0.6717356,-1.8650266,-14.967338
-0.6724351,-1.8643249,-14.9675665
-0.6731346,-1.8636233,-14.967795
-0.67383415,-1.8629216,-14.968024
-0.67453367,-1.8622199,-14.968253
-0.6752332,-1.8615183,-14.968482
-0.6759327,-1.8608166,-14.968711
-0.6766322,-1.8601149,-14.96894
-0.67733175,-1.8594133,-14.969169
-0.67803127,-1.8587116,-14.969398
-0.67886776,-1.8578197,-14.969608
-0.6796722,-1.8569423,-14.969788
-0.6804766,-1.8560649,-14.969967
-0.68128103,-1.8551875,-14.970146
-0.68208545,-1.8543102,-14.970325
-0.6828899,-1.8534328,-14.970505
-0.6837266,-1.852541,-14.970715
-0.68442684,-1.8518397,-14.970941
-0.6851271,-1.8511384,-14.971167
-0.6858273,-1.850437,-14.971393
-0.68652755,-1.8497357,-14.971619
-0.6872278,-1.8490344,-14.971845
-0.687928,-1.8483331,-14.972071
-0.68862826,-1.8476318,-14.972297
-0.6893285,-1.8469305,-14.972523
-0.6900287,-1.8462292,-14.972749
-0.69072896,-1.8455279,-14.972975
-0.6914292,-1.8448266,-14.973201
-0.69212943,-1.8441253,-14.973427
-0.69282967,-1.843424,-14.973653
-0.6935299,-1.8427227,-14.973879
-0.69423014,-1.8420213,-14.974105
-0.6949304,-1.84132,-14.974331
-0.6956306,-1.8406187,-14.974557
-0.69633085,-1.8399174,-14.974783
-0.6970311,-1.8392161,-14.975009
-0.6977313,-1.8385148,-14.975235
-0.69843155,-1.8378135,-14.975461
-0.6991318,-1.8371122,-14.975687
-0.699832,-1.8364109,-14.975913
-0.70053226,-1.8357096,-14.976139
-0.7012325,-1.8350083,-14.976365
-0.7019327,-1.834307,-14.976591
-0.70263296,-1.8336056,-14.976817
-0.7033332,-1.8329043,-14.977043
-0.70403343,-1.832203,-14.977269
-0.70473367,-1.8315017,-14.977495
-0.7054339,-1.8308004,-14.977721
-0.70613414,-1.8300991,-14.977947
-0.7068344,-1.8293978,-14.978173
-0.707528,-1.8286618,-14.978348
-0.7082216,-1.8279258,-14.978522
-0.70891523,-1.8271898,-14.978697
-0.70960885,-1.8264538,-14.978871
-0.7103025,-1.8257178,-14.979046
-0.7109961,-1.8249818,-14.97922
-0.7117048,-1.8242328,-14.979402
-0.71244365,-1.8234578,-14.979596
-0.71312255,-1.8227353,-14.979764
-0.71398777,-1.8218069,-14.97997
-0.714853,-1.8208785,-14.980176
-0.7157182,-1.8199501,-14.980382
-0.71658343,-1.8190217,-14.980588
-0.71744865,-1.8180933,-14.980794
-0.7183139,-1.8171649,-14.981
-0.7191791,-1.8162365,-14.981206
-0.7200443,-1.8153081,-14.981412
-0.72090954,-1.8143797,-14.981618
-0.72177476,-1.8134513,-14.981824
-0.72264,-1.8125229,-14.98203
-0.7235052,-1.8115945,-14.982236
-0.7243704,-1.8106661,-14.982442
-0.72523564,-1.8097377,-14.982648
-0.72610086,-1.8088093,-14.982854
-0.7269661,-1.8078809,-14.98306
-0.7278313,-1.8069525,-14.983266
-0.7286965,-1.8060241,-14.983472
-0.72956175,-1.8050957,-14.983678
-0.73042697,-1.8041673,-14.983884
-0.7312922,-1.8032389,-14.98409
-0.7321574,-1.8023105,-14.984296
-0.73302263,-1.8013821,-14.984502
-0.73388785,-1.8004537,-14.984708
-0.7347531,-1.7995253,-14.984914
-0.7356176,-1.7985964,-14.985124
-0.7364821,-1.7976675,-14.985333
-0.7373466,-1.7967386,-14.985543
-0.7382111,-1.7958097,-14.985753
-0.7390756,-1.7948809,-14.985963
-0.7398143,-1.7941066,-14.986163
-0.74055296,-1.7933323,-14.986363
-0.74129164,-1.7925581,-14.986564
-0.7420303,-1.7917838,-14.986764
-0.742769,-1.7910095,-14.986964
-0.7435077,-1.7902353,-14.9871645
-0.74424636,-1.789461,-14.987365
-0.7449854,-1.7886871,-14.987565
-0.74572444,-1.7879132,-14.987765
-0.7464635,-1.7871393,-14.987966
-0.7472025,-1.7863654,-14.988166
-0.74794155,-1.7855915,-14.988366
-0.7486806,-1.7848176,-14.988566
-0.7494196,-1.7840437,-14.988767
-0.75015867,-1.7832698,-14.988967
-0.7508977,-1.7824959,-14.989167
-0.75163674,-1.781722,-14.9893675
-0.7523758,-1.780948,-14.989568
-0.7531148,-1.7801741,-14.989768
-0.75385386,-1.7794002,-14.989968
-0.7545929,-1.7786263,-14.990169
-0.75533193,-1.7778524,-14.990369
-0.756071,-1.7770785,-14.990569
-0.75681,-1.7763046,-14.990769
-0.75754905,-1.7755307,-14.99097
-0.7582881,-1.7747568,-14.99117
-0.7590271,-1.7739829,-14.99137
-0.75976616,-1.773209,-14.99157
-0.7605052,-1.7724351,-14.991771
-0.76124424,-1.7716612,-14.991971
-0.7619833,-1.7708873,-14.992171
-0.7627223,-1.7701133,-14.992372
-0.76346135,-1.7693394,-14.992572
-0.7642004,-1.7685655,-14.992772
-0.7649394,-1.7677916,-14.992972
-0.76567847,-1.7670177,-14.993173
-0.7664175,-1.7662438,-14.993373
-0.76715654,-1.7654699,-14.993573
-0.7678956,-1.764696,-14.993773
-0.7686346,-1.7639221,-14.993974
-0.7694393,-1.7630457,-14.994157
-0.77024394,-1.7621692,-14.99434
-0.7710486,-1.7612928,-14.994523
-0.77185327,-1.7604164,-14.994706
-0.7726971,-1.7594764,-14.994877
-0.77341807,-1.7586285,-14.994977
-0.77413905,-1.7577806,-14.995077
-0.77486,-1.7569326,-14.995177
-0.775581,-1.7560847,-14.995277
-0.776302,-1.7552367,-14.995378
-0.77702296,-1.7543888,-14.995478
-0.77774394,-1.7535409,-14.995578
-0.77848256,-1.752692,-14.995702
-0.77925646,-1.7518412,-14.995873
-0.78003037,-1.7509904,-14.996045
-0.7808043,-1.7501396,-14.996217
-0.7815782,-1.7492888,-14.996388
-0.7823521,-1.748438,-14.99656
-0.783126,-1.7475872,-14.996732
-0.7838999,-1.7467364,-14.996903
-0.7846738,-1.7458856,-14.997075
-0.7854477,-1.7450348,-14.997247
-0.7862216,-1.744184,-14.997418
-0.78699553,-1.7433332,-14.99759
-0.78776944,-1.7424824,-14.997762
-0.78854334,-1.7416316,-14.997933
-0.78931725,-1.7407808,-14.998105
-0.79009116,-1.73993,-14.998277
-0.79086506,-1.7390792,-14.998448
-0.791639,-1.7382284,-14.99862
-0.7924129,-1.7373776,-14.998792
-0.7931868,-1.7365268,-14.998963
-0.7939607,-1.735676,-14.999135
-0.7947346,-1.7348253,-14.999307
-0.7955085,-1.7339745,-14.999478
-0.7962824,-1.7331237,-14.99965
-0.7970563,-1.7322729,-14.999822
-0.7978302,-1.7314221,-14.999993
-0.79860413,-1.7305713,-15.000165
-0.79937804,-1.7297205,-15.000337
-0.80015194,-1.7288697,-15.000508
-0.80092585,-1.7280189,-15.00068
-0.80169976,-1.7271681,-15.000852
-0.80247366,-1.7263173,-15.001023
-0.8032476,-1.7254665,-15.001195
-0.8040215,-1.7246157,-15.001367
-0.80485046,-1.7236891,-15.001531
-0.805707,-1.7227246,-15.001691
-0.8065635,-1.72176,-15.001851
-0.80742,-1.7207955,-15.002011
-0.80827653,-1.719831,-15.0021715
-0.80913305,-1.7188665,-15.002332
-0.8099896,-1.717902,-15.002492
-0.8109285,-1.7168233,-15.002641
-0.8118675,-1.7157447,-15.0027895
-0.8128064,-1.7146661,-15.002938
-0.8137454,-1.7135875,-15.003087
-0.81468433,-1.7125089,-15.003236
-0.8156233,-1.7114303,-15.003385
-0.81656224,-1.7103517,-15.003533
-0.8175012,-1.7092731,-15.003682
-0.81844014,-1.7081945,-15.003831
-0.8193791,-1.7071159,-15.00398
-0.82031804,-1.7060373,-15.004128
-0.821257,-1.7049587,-15.004277
-0.82219595,-1.7038801,-15.004426
-0.8231624,-1.7027634,-15.004571
-0.8238433,-1.7019683,-15.0046625
-0.8245242,-1.7011732,-15.004754
-0.82520515,-1.7003781,-15.004846
-0.8258861,-1.6995829,-15.004937
-0.826567,-1.6987878,-15.005029
-0.8272479,-1.6979927,-15.00512
-0.82792884,-1.6971976,-15.005212
-0.82860976,-1.6964024,-15.005303
-0.8292907,-1.6956073,-15.005395
-0.8299716,-1.6948122,-15.0054865
-0.83065253,-1.694017,-15.005578
-0.83133346,-1.6932219,-15.00567
-0.8320144,-1.6924268,-15.005761
-0.8326953,-1.6916317,-15.005853
-0.8333762,-1.6908365,-15.005944
-0.83405715,-1.6900414,-15.006036
-0.8347381,-1.6892463,-15.006127
-0.835419,-1.6884512,-15.006219
-0.8360999,-1.687656,-15.00631
-0.83678085,-1.6868609,-15.006402
-0.83746177,-1.6860658,-15.006494
-0.8381427,-1.6852707,-15.006585
-0.8388236,-1.6844755,-15.006677
-0.83950454,-1.6836804,-15.006768
-0.84018546,-1.6828853,-15.00686
-0.8408664,-1.6820902,-15.006951
-0.8415473,-1.681295,-15.007043
-0.84222823,-1.6804999,-15.007134
-0.84290916,-1.6797048,-15.007226
-0.8435901,-1.6789097,-15.007318
-0.844271,-1.6781145,-15.007409
-0.8449519,-1.6773194,-15.007501
-0.84563285,-1.6765243,-15.007592
-0.8463138,-1.6757292,-15.007684
-0.8469947,-1.674934,-15.007775
-0.8476756,-1.6741389,-15.007867
-0.84835654,-1.6733438,-15.007958
-0.84903747,-1.6725487,-15.00805
-0.8497184,-1.6717535,-15.0081415
-0.8503993,-1.6709584,-15.008233
-0.85108024,-1.6701633,-15.008325
-0.85176116,-1.6693681,-15.008416
-0.8524421,-1.668573,-15.008508
-0.853123,-1.6677779,-15.008599
-0.8539975,-1.6667479,-15.008723
-0.85487205,-1.665718,-15.008847
-0.85574657,-1.664688,-15.008971
-0.8566211,-1.663658,-15.009095
-0.8574956,-1.662628,-15.009219
-0.8583701,-1.6615981,-15.009343
-0.85924464,-1.6605681,-15.009467
-0.86011916,-1.6595381,-15.009591
-0.8609937,-1.6585082,-15.009715
-0.8618682,-1.6574782,-15.009839
-0.8627427,-1.6564482,-15.009963
-0.86356634,-1.655517,-15.010127
-0.86438996,-1.6545857,-15.010291
-0.8652136,-1.6536545,-15.010455
-0.8660372,-1.6527232,-15.010619
-0.8668608,-1.6517919,-15.010783
-0.8676844,-1.6508607,-15.010947
-0.86850804,-1.6499294,-15.011111
-0.86933166,-1.6489981,-15.011275
-0.8702645,-1.6479143,-15.011426
-0.8711973,-1.6468304,-15.011577
-0.8721301,-1.6457466,-15.011727
-0.8730629,-1.6446627,-15.011878
-0.8739957,-1.6435789,-15.012029
-0.87492853,-1.642495,-15.012179
-0.87586135,-1.6414112,-15.01233
-0.87679416,-1.6403273,-15.012481
-0.877727,-1.6392435,-15.012631
-0.8786598,-1.6381596,-15.012782
-0.8795926,-1.6370758,-15.012933
-0.8805254,-1.6359919,-15.013083
-0.8814582,-1.6349081,-15.013234
-0.88239104,-1.6338242,-15.013385
-0.88332385,-1.6327404,-15.0135355
-0.88425666,-1.6316565,-15.013686
-0.8851895,-1.6305727,-15.013837
-0.8861223,-1.6294888,-15.013988
-0.8870551,-1.628405,-15.014138
-0.8879879,-1.6273211,-15.014289
-0.8889207,-1.6262373,-15.01444
-0.88985354,-1.6251534,-15.01459
-0.89078635,-1.6240696,-15.014741
-0.89171916,-1.6229857,-15.014892
-0.892652,-1.6219019,-15.015042
-0.8935848,-1.620818,-15.015193
-0.8945176,-1.6197342,-15.015344
-0.8954504,-1.6186503,-15.015494
-0.8963832,-1.6175665,-15.015645
-0.89731604,-1.6164826,-15.015796
-0.89824885,-1.6153988,-15.015946
-0.8991826,-1.6143156,-15.016097
-0.9001164,-1.6132325,-15.016248
-0.90105015,-1.6121494,-15.016398
-0.9019839,-1.6110662,-15.016549
-0.9029177,-1.6099831,-15.0167
-0.90389806,-1.6088722,-15.016889
-0.90492505,-1.6077335,-15.017116
-0.9058626,-1.6066735,-15.0173025
-0.9068002,-1.6056135,-15.017489
-0.9077378,-1.6045535,-15.017676
-0.9086754,-1.6034935,-15.017863
-0.90961295,-1.6024334,-15.01805
-0.91055053,-1.6013734,-15.018237
-0.9114881,-1.6003134,-15.018424
-0.9124257,-1.5992534,-15.018611
-0.9133633,-1.5981934,-15.018798
-0.91430086,-1.5971334,-15.018985
-0.91523844,-1.5960734,-15.019172
-0.916176,-1.5950134,-15.019359
-0.9171136,-1.5939534,-15.019546
-0.9180512,-1.5928934,-15.019732
-0.91898876,-1.5918334,-15.019919
-0.91992635,-1.5907733,-15.020106
-0.9208639,-1.5897133,-15.020293
-0.9218015,-1.5886533,-15.02048
-0.9227391,-1.5875933,-15.020667
-0.92367667,-1.5865333,-15.020854
-0.92461425,-1.5854733,-15.021041
-0.92555183,-1.5844133,-15.021228
-0.9264894,-1.5833533,-15.021415
-0.92757326,-1.58214,-15.021634
-0.9286571,-1.5809267,-15.021853
-0.92974097,-1.5797133,-15.022073
-0.9308248,-1.5785,-15.022292
-0.93200094,-1.5772102,-15.02255
-0.93317705,-1.5759203,-15.022807
-0.9343532,-1.5746305,-15.023065
-0.9355293,-1.5733407,-15.023322
-0.9367054,-1.5720508,-15.02358
-0.9378815,-1.570761,-15.023837
-0.93905765,-1.5694711,-15.024095
-0.94023377,-1.5681813,-15.024352
-0.9414099,-1.5668914,-15.02461
-0.9425992,-1.5655775,-15.024858
-0.94380164,-1.5642395,-15.025099
-0.9450041,-1.5629015,-15.025339
-0.94620657,-1.5615635,-15.025579
-0.94740903,-1.5602255,-15.02582
-0.9486115,-1.5588875,-15.02606
-0.94981396,-1.5575495,-15.0263
-0.9510164,-1.5562115,-15.026541
-0.9522189,-1.5548735,-15.026781
-0.95342135,-1.5535355,-15.027021
-0.9546238,-1.5521975,-15.027262
-0.9558263,-1.5508595,-15.027502
-0.95702875,-1.5495214,-15.027742
-0.9582312,-1.5481834,-15.027983
-0.9594337,-1.5468454,-15.028223
-0.96063614,-1.5455074,-15.028463
-0.9618386,-1.5441694,-15.028704
-0.96304107,-1.5428314,-15.028944
-0.96424353,-1.5414934,-15.029184
-0.965446,-1.5401554,-15.029425
-0.96664846,-1.5388174,-15.029665
-0.9678509,-1.5374794,-15.029905
-0.9690534,-1.5361414,-15.030146
-0.97025585,-1.5348034,-15.030386
-0.9714583,-1.5334654,-15.030626
-0.9726608,-1.5321274,-15.030867
-0.97386324,-1.5307894,-15.031107
-0.97509694,-1.5294273,-15.031364
-0.97633064,-1.5280652,-15.031622
-0.97756433,-1.5267031,-15.031879
-0.97879803,-1.525341,-15.032137
-0.9800317,-1.523979,-15.032394
-0.9812654,-1.5226169,-15.032652
-0.9824991,-1.5212548,-15.032909
-0.9837328,-1.5198927,-15.033167
-0.9849525,-1.5185548,-15.033438
-0.9861582,-1.5172411,-15.033722
-0.9873639,-1.5159274,-15.034006
-0.98856956,-1.5146137,-15.03429
-0.98977524,-1.5133001,-15.0345745
-0.9909809,-1.5119864,-15.034859
-0.9921866,-1.5106727,-15.035143
-0.9933923,-1.509359,-15.035427
-0.994598,-1.5080453,-15.035711
-0.99580365,-1.5067316,-15.0359955
-0.99700934,-1.505418,-15.03628
-0.998215,-1.5041043,-15.036564
-0.9994315,-1.5027647,-15.036841
-1.0006586,-1.5013993,-15.037112
-1.0018858,-1.5000339,-15.037383
-1.0031129,-1.4986684,-15.037654
-1.00434,-1.497303,-15.037925
-1.0055672,-1.4959376,-15.038196
-1.0067943,-1.4945722,-15.038466
-1.0080215,-1.4932067,-15.038737
-1.0092486,-1.4918413,-15.039008
-1.0104758,-1.4904759,-15.039279
-1.0117029,-1.4891105,-15.03955
-1.01293,-1.487745,-15.039821
-1.0141572,-1.4863796,-15.0400915
-1.0153843,-1.4850142,-15.040362
-1.0166115,-1.4836488,-15.040633
-1.0178386,-1.4822834,-15.040904
-1.0190657,-1.4809179,-15.041175
-1.0202929,-1.4795525,-15.041446
-1.02152,-1.4781871,-15.041717
-1.0227472,-1.4768217,-15.041987
-1.0239743,-1.4754562,-15.042258
-1.0252014,-1.4740908,-15.042529
-1.0264286,-1.4727254,-15.0428
-1.0276557,-1.47136,-15.043071
-1.0288829,-1.4699945,-15.043342
-1.03011,-1.4686291,-15.0436125
-1.0313371,-1.4672637,-15.043883
-1.0325643,-1.4658983,-15.044154
-1.0337914,-1.4645329,-15.044425
-1.0350186,-1.4631674,-15.044696
-1.0362457,-1.461802,-15.044967
-1.0374728,-1.4604366,-15.045238
-1.0387,-1.4590712,-15.045508
-1.0399271,-1.4577057,-15.045779
-1.0411543,-1.4563403,-15.04605
-1.0423814,-1.4549749,-15.046321
-1.0436085,-1.4536095,-15.046592
-1.0448357,-1.452244,-15.046863
-1.0460628,-1.4508786,-15.047133
-1.04729,-1.4495132,-15.047404
-1.0485171,-1.4481478,-15.047675
-1.0497442,-1.4467824,-15.047946
-1.0509714,-1.4454169,-15.048217
-1.0520531,-1.4442062,-15.048459
-1.0531348,-1.4429955,-15.048701
-1.0542165,-1.4417849,-15.0489435
-1.0552982,-1.4405742,-15.049186
-1.0563799,-1.4393635,-15.049428
-1.0574616,-1.4381528,-15.04967
-1.0585433,-1.4369421,-15.049912
-1.059625,-1.4357314,-15.050155
-1.0606555,-1.4346218,-15.050443
-1.0616859,-1.4335122,-15.050731
-1.0627164,-1.4324026,-15.051019
-1.0637468,-1.431293,-15.051307
-1.0647773,-1.4301834,-15.051595
-1.0658077,-1.4290738,-15.051883
-1.0668381,-1.4279642,-15.052171
-1.0678686,-1.4268546,-15.052459
-1.0687978,-1.4258491,-15.052716
-1.0696259,-1.4249476,-15.052943
-1.0704539,-1.4240462,-15.05317
-1.0712819,-1.4231447,-15.053397
-1.0721099,-1.4222432,-15.053624
-1.072938,-1.4213418,-15.053851
-1.073766,-1.4204403,-15.054078
-1.074594,-1.4195389,-15.054305
-1.075422,-1.4186374,-15.054532
-1.0762501,-1.4177359,-15.054759
-1.0770781,-1.4168345,-15.054986
-1.0779061,-1.415933,-15.055213
-1.0787342,-1.4150316,-15.05544
-1.0795622,-1.4141301,-15.055667
-1.0803902,-1.4132286,-15.055894
-1.0812182,-1.4123272,-15.056121
-1.0820463,-1.4114257,-15.056348
-1.0828743,-1.4105242,-15.056575
-1.0837023,-1.4096228,-15.056802
-1.0845304,-1.4087213,-15.057029
-1.0853584,-1.4078199,-15.057256
-1.0861864,-1.4069184,-15.057483
-1.0870144,-1.406017,-15.05771
-1.0878425,-1.4051155,-15.057937
-1.0886705,-1.404214,-15.058164
-1.0894985,-1.4033126,-15.058391
-1.0903265,-1.4024111,-15.058618
-1.0911546,-1.4015096,-15.058845
-1.0919826,-1.4006082,-15.059072
-1.0928106,-1.3997067,-15.0592985
-1.0936387,-1.3988053,-15.0595255
-1.0944667,-1.3979038,-15.059752
-1.0952947,-1.3970023,-15.059979
-1.0961227,-1.3961009,-15.060206
-1.0969508,-1.3951994,-15.060433
-1.0977788,-1.394298,-15.06066
-1.0986068,-1.3933965,-15.060887
-1.0994349,-1.392495,-15.061114
-1.1002629,-1.3915936,-15.061341
-1.1010909,-1.3906921,-15.061568
-1.1019189,-1.3897907,-15.061795
-1.102747,-1.3888892,-15.062022
-1.1035452,-1.3880141,-15.062237
-1.1043136,-1.3871653,-15.062439
-1.1050255,-1.3863814,-15.06263
-1.1060086,-1.3853028,-15.062899
-1.1069918,-1.3842242,-15.063168
-1.1079749,-1.3831456,-15.0634365
-1.108958,-1.382067,-15.063705
-1.1099411,-1.3809884,-15.063974
-1.1109242,-1.3799098,-15.064243
-1.1119074,-1.3788311,-15.064512
-1.1128905,-1.3777525,-15.064781
-1.1138736,-1.3766739,-15.06505
-1.1148567,-1.3755953,-15.065319
-1.1158398,-1.3745167,-15.065588
-1.116823,-1.3734381,-15.065857
-1.1178061,-1.3723595,-15.066126
-1.1187892,-1.3712809,-15.066395
-1.1197723,-1.3702023,-15.066664
-1.1207554,-1.3691237,-15.066933
-1.1216255,-1.3681743,-15.067177
-1.1224391,-1.3672895,-15.067409
-1.1232527,-1.3664048,-15.06764
-1.1240664,-1.36552,-15.067872
-1.12488,-1.3646352,-15.068104
-1.1256936,-1.3637505,-15.068336
-1.1265072,-1.3628657,-15.068567
-1.1273208,-1.3619809,-15.068799
-1.1281344,-1.3610961,-15.069031
-1.128948,-1.3602114,-15.0692625
-1.1297616,-1.3593266,-15.069494
-1.1305752,-1.3584418,-15.069726
-1.1313888,-1.357557,-15.069958
-1.1322024,-1.3566723,-15.070189
-1.133016,-1.3557875,-15.070421
-1.1338296,-1.3549027,-15.070653
-1.1346432,-1.354018,-15.070885
-1.1354568,-1.3531332,-15.071116
-1.1362704,-1.3522484,-15.071348
-1.137084,-1.3513637,-15.07158
-1.1378976,-1.3504789,-15.071812
-1.1387112,-1.3495941,-15.072043
-1.1395248,-1.3487093,-15.072275
-1.1403384,-1.3478246,-15.072507
-1.141152,-1.3469398,-15.072739
-1.1419656,-1.346055,-15.07297
-1.1427792,-1.3451703,-15.073202
-1.1435928,-1.3442855,-15.073434
-1.1444502,-1.3433623,-15.073693
-1.1453075,-1.3424392,-15.073953
-1.1461649,-1.341516,-15.074212
-1.1470222,-1.3405929,-15.074471
-1.1478796,-1.3396697,-15.074731
-1.1487365,-1.338747,-15.07499
-1.1495934,-1.3378243,-15.07525
-1.1504502,-1.3369017,-15.075509
-1.1513071,-1.335979,-15.075768
-1.152164,-1.3350563,-15.076028
-1.1530209,-1.3341336,-15.076287
-1.1538777,-1.333211,-15.076547
-1.1547346,-1.3322883,-15.076806
-1.1555915,-1.3313656,-15.077065
-1.1564484,-1.3304429,-15.077325
-1.1573052,-1.3295202,-15.077584
-1.1581621,-1.3285975,-15.077844
-1.159019,-1.3276749,-15.078103
-1.1598759,-1.3267522,-15.078362
-1.1607327,-1.3258295,-15.078622
-1.1615896,-1.3249068,-15.078881
-1.1624465,-1.3239841,-15.079141
-1.1633034,-1.3230615,-15.0794
-1.1641603,-1.3221388,-15.079659
-1.1650171,-1.3212161,-15.079919
-1.165874,-1.3202934,-15.080178
-1.1666722,-1.3194232,-15.080411
-1.1674705,-1.318553,-15.080644
-1.1682687,-1.3176827,-15.080876
-1.1690669,-1.3168125,-15.081109
-1.1698661,-1.3159432,-15.081342
-1.170641,-1.3150474,-15.081523
-1.1714158,-1.3141515,-15.081704
-1.1721907,-1.3132557,-15.081885
-1.1729655,-1.3123598,-15.082067
-1.1737404,-1.311464,-15.082248
-1.1745152,-1.3105681,-15.082429
-1.1752901,-1.3096722,-15.08261
-1.176065,-1.3087764,-15.082791
-1.1768398,-1.3078805,-15.082973
-1.1776147,-1.3069847,-15.083154
-1.1783895,-1.3060888,-15.083335
-1.1791644,-1.305193,-15.083516
-1.1799393,-1.3042971,-15.083697
-1.1807141,-1.3034012,-15.0838785
-1.181489,-1.3025054,-15.08406
-1.1822639,-1.3016095,-15.084241
-1.1830678,-1.3006877,-15.084437
-1.1837459,-1.299919,-15.084613
-1.1844239,-1.2991503,-15.084788
-1.1852176,-1.2982668,-15.08501
-1.1859305,-1.2974991,-15.085234
-1.1866434,-1.2967314,-15.085458
-1.1873477,-1.2959243,-15.085636
-1.1880462,-1.295091,-15.085784
-1.1887448,-1.2942578,-15.085932
-1.1894433,-1.2934245,-15.08608
-1.1901419,-1.2925912,-15.086227
-1.1908405,-1.291758,-15.086375
-1.191539,-1.2909247,-15.086523
-1.1922376,-1.2900914,-15.086671
-1.1929362,-1.2892581,-15.086819
-1.1936347,-1.2884248,-15.0869665
-1.1943333,-1.2875916,-15.087114
-1.1950319,-1.2867583,-15.087262
-1.1957304,-1.285925,-15.08741
-1.196429,-1.2850918,-15.087558
-1.1971276,-1.2842585,-15.087706
-1.1978261,-1.2834252,-15.087853
-1.1985126,-1.2826177,-15.08801
-1.1992779,-1.2817723,-15.088239
-1.2000432,-1.2809268,-15.088468
-1.20071,-1.2801968,-15.0886755
-1.2014205,-1.2794285,-15.088909
-1.202131,-1.2786602,-15.089143
-1.2028415,-1.2778919,-15.089376
-1.203552,-1.2771236,-15.08961
-1.2042625,-1.2763553,-15.089844
-1.204973,-1.275587,-15.090077
-1.2056835,-1.2748187,-15.090311
-1.2063407,-1.2740486,-15.090473
-1.2070867,-1.273123,-15.0906105
-1.2078327,-1.2721975,-15.090748
-1.2085787,-1.271272,-15.090885
-1.2093247,-1.2703464,-15.0910225
-1.2100707,-1.2694209,-15.09116
-1.2108167,-1.2684953,-15.091297
-1.2115628,-1.2675698,-15.0914345
-1.2123088,-1.2666442,-15.091572
-1.2130548,-1.2657187,-15.091709
-1.2138008,-1.2647932,-15.091846
-1.2145468,-1.2638676,-15.091984
-1.2152928,-1.2629421,-15.092121
-1.2160388,-1.2620165,-15.092258
-1.2167311,-1.2612476,-15.092468
-1.217441,-1.2604793,-15.092702
-1.2181509,-1.259711,-15.092936
-1.2189144,-1.2588655,-15.093167
-1.2195896,-1.2580963,-15.09335
-1.2202648,-1.2573272,-15.0935335
-1.22094,-1.2565581,-15.093717
-1.2216154,-1.2557889,-15.0939
-1.2222911,-1.2550198,-15.094083
-1.2229668,-1.2542506,-15.094266
-1.2236425,-1.2534815,-15.094449
-1.2243181,-1.2527124,-15.094632
-1.2249938,-1.2519432,-15.094815
-1.2256695,-1.2511741,-15.094998
-1.2263452,-1.250405,-15.095181
-1.2270209,-1.2496358,-15.095365
-1.2276965,-1.2488667,-15.095548
-1.2283722,-1.2480975,-15.095731
-1.2290479,-1.2473284,-15.095914
-1.2297236,-1.2465593,-15.096097
-1.2303993,-1.2457901,-15.09628
-1.2310749,-1.245021,-15.096463
-1.2317506,-1.2442518,-15.096646
-1.2324263,-1.2434827,-15.096829
-1.233102,-1.2427136,-15.0970125
-1.2337776,-1.2419444,-15.097196
-1.2344533,-1.2411753,-15.097379
-1.235129,-1.2404062,-15.097562
-1.2358478,-1.239599,-15.097771
-1.2365545,-1.2388178,-15.097989
-1.2372369,-1.2380886,-15.098227
-1.2379192,-1.2373594,-15.098464
-1.2386016,-1.2366302,-15.0987015
-1.2392839,-1.235901,-15.098939
-1.2399663,-1.2351718,-15.099176
-1.2406486,-1.2344426,-15.099414
-1.241331,-1.2337134,-15.099651
-1.2420133,-1.2329842,-15.099889
-1.2426957,-1.232255,-15.100126
-1.243378,-1.2315258,-15.100364
-1.2440604,-1.2307966,-15.100601
-1.2447428,-1.2300674,-15.100839
-1.2454251,-1.2293382,-15.101076
-1.2461075,-1.228609,-15.101314
-1.2467898,-1.2278798,-15.101551
-1.2474722,-1.2271506,-15.1017885
-1.2481445,-1.226381,-15.10198
-1.2488168,-1.2256113,-15.102172
-1.2494892,-1.2248417,-15.102364
-1.2501615,-1.2240721,-15.102555
-1.2508339,-1.2233025,-15.102747
-1.2515062,-1.2225329,-15.102939
-1.2521785,-1.2217633,-15.10313
-1.2528509,-1.2209936,-15.103322
-1.2535232,-1.220224,-15.103514
-1.2541956,-1.2194544,-15.103705
-1.2548679,-1.2186848,-15.103897
-1.2555403,-1.2179152,-15.104089
-1.2562126,-1.2171456,-15.10428
-1.2568849,-1.216376,-15.104472
-1.2575573,-1.2156063,-15.104664
-1.2582296,-1.2148367,-15.104856
-1.258902,-1.2140671,-15.105047
-1.2595743,-1.2132975,-15.105239
-1.2602466,-1.2125279,-15.105431
-1.260919,-1.2117583,-15.105622
-1.2615913,-1.2109886,-15.105814
-1.2622637,-1.210219,-15.106006
-1.262936,-1.2094494,-15.106197
-1.2636083,-1.2086798,-15.106389
-1.2642807,-1.2079102,-15.106581
-1.264953,-1.2071406,-15.106772
-1.2656254,-1.206371,-15.106964
-1.2664388,-1.2054476,-15.107204
-1.2671694,-1.2046269,-15.1074295
-1.2678999,-1.2038063,-15.107655
-1.2686304,-1.2029856,-15.10788
-1.2693609,-1.202165,-15.108105
-1.2700678,-1.2013968,-15.108347
-1.2707511,-1.2006811,-15.108606
-1.2714344,-1.1999654,-15.108866
-1.2721177,-1.1992496,-15.109125
-1.272801,-1.1985339,-15.109385
-1.2734843,-1.1978182,-15.109644
-1.2741677,-1.1971024,-15.109903
-1.274851,-1.1963867,-15.110163
-1.2755343,-1.195671,-15.110422
-1.2762176,-1.1949552,-15.110682
-1.2769009,-1.1942395,-15.110941
-1.2775842,-1.1935238,-15.1112
-1.2782675,-1.192808,-15.11146
-1.2789508,-1.1920923,-15.111719
-1.2796341,-1.1913766,-15.111979
-1.2803174,-1.1906608,-15.112238
-1.2810007,-1.1899451,-15.112497
-1.281684,-1.1892294,-15.112757
-1.2823673,-1.1885136,-15.113016
-1.2830507,-1.1877979,-15.113276
-1.283734,-1.1870822,-15.113535
-1.2844694,-1.1862891,-15.113798
-1.2851751,-1.1855214,-15.114046
-1.2858808,-1.1847537,-15.114294
-1.2865422,-1.1840239,-15.114516
-1.2872686,-1.1832707,-15.114803
-1.2879688,-1.1825564,-15.11509
-1.2886689,-1.1818421,-15.115377
-1.289369,-1.1811278,-15.1156645
-1.2900691,-1.1804135,-15.115952
-1.2907692,-1.1796992,-15.116239
-1.2914693,-1.1789849,-15.116526
-1.2921695,-1.1782706,-15.116813
-1.2928696,-1.1775563,-15.1171
-1.2935697,-1.176842,-15.117387
-1.2942698,-1.1761277,-15.117674
-1.2949519,-1.1754124,-15.117937
-1.295657,-1.1746447,-15.118185
-1.2963622,-1.173877,-15.118433
-1.2970673,-1.1731093,-15.118681
-1.2978187,-1.1722362,-15.118898
-1.2985816,-1.1713368,-15.119108
-1.2993445,-1.1704373,-15.119318
-1.3001517,-1.1695,-15.119552
-1.300939,-1.1686288,-15.119815
-1.3017262,-1.1677576,-15.120078
-1.3025135,-1.1668864,-15.120341
-1.3033007,-1.1660153,-15.1206045
-1.304088,-1.1651441,-15.120868
-1.3048753,-1.1642729,-15.121131
-1.3056625,-1.1634017,-15.121394
-1.3064498,-1.1625305,-15.121657
-1.307237,-1.1616594,-15.121921
-1.3080243,-1.1607882,-15.122184
-1.3088115,-1.159917,-15.122447
-1.3095988,-1.1590458,-15.12271
-1.3103861,-1.1581746,-15.122973
-1.3111733,-1.1573035,-15.123237
-1.3119606,-1.1564323,-15.1235
-1.3127478,-1.1555611,-15.123763
-1.3135351,-1.1546899,-15.124026
-1.3143224,-1.1538187,-15.1242895
-1.3151096,-1.1529475,-15.124553
-1.3158969,-1.1520764,-15.124816
-1.3166841,-1.1512052,-15.125079
-1.3175504,-1.150217,-15.125345
-1.3182199,-1.1494467,-15.1255455
-1.3188894,-1.1486764,-15.125746
-1.3195589,-1.1479061,-15.125946
-1.3202283,-1.1471357,-15.126146
-1.3210385,-1.1462114,-15.126394
-1.321919,-1.14521,-15.126666
-1.3227994,-1.1442087,-15.126938
-1.3236799,-1.1432073,-15.12721
-1.3245604,-1.142206,-15.127481
-1.3254409,-1.1412046,-15.127753
-1.3261096,-1.1404335,-15.127952
-1.3267784,-1.1396625,-15.12815
-1.3274472,-1.1388915,-15.128348
-1.3281159,-1.1381204,-15.128547
-1.3287847,-1.1373494,-15.128745
-1.3294535,-1.1365783,-15.128943
-1.3301222,-1.1358073,-15.129142
-1.330791,-1.1350362,-15.12934
-1.3314598,-1.1342652,-15.129539
-1.3321285,-1.1334941,-15.129737
-1.3327973,-1.1327231,-15.129935
-1.333466,-1.131952,-15.130134
-1.3341348,-1.131181,-15.130332
-1.3348036,-1.13041,-15.13053
-1.3354723,-1.1296389,-15.130729
-1.3361411,-1.1288679,-15.130927
-1.3368099,-1.1280968,-15.131125
-1.3374786,-1.1273258,-15.131324
-1.3381474,-1.1265547,-15.131522
-1.3388162,-1.1257837,-15.131721
-1.3394849,-1.1250126,-15.131919
-1.3401537,-1.1242416,-15.132117
-1.3408225,-1.1234705,-15.132316
-1.3414912,-1.1226995,-15.132514
-1.34216,-1.1219285,-15.132712
-1.3428288,-1.1211574,-15.132911
-1.3434975,-1.1203864,-15.133109
-1.3441663,-1.1196153,-15.133307
-1.344835,-1.1188443,-15.133506
-1.3455038,-1.1180732,-15.133704
-1.3461726,-1.1173022,-15.133903
-1.3468413,-1.1165311,-15.134101
-1.3475101,-1.1157601,-15.134299
-1.3481789,-1.114989,-15.134498
-1.3488476,-1.114218,-15.134696
-1.3495164,-1.113447,-15.134894
-1.3501852,-1.1126759,-15.135093
-1.3508539,-1.1119049,-15.135291
-1.3515227,-1.1111338,-15.135489
-1.3521914,-1.1103628,-15.135688
-1.3528602,-1.1095917,-15.135886
-1.3535472,-1.1088222,-15.136109
-1.3542525,-1.1080543,-15.136357
-1.354984,-1.1072477,-15.136606
-1.355742,-1.1064025,-15.136856
-1.3564999,-1.1055573,-15.137106
-1.3572578,-1.1047121,-15.137356
-1.3580158,-1.1038669,-15.137606
-1.3587737,-1.1030217,-15.137856
-1.3595316,-1.1021765,-15.138105
-1.3602896,-1.1013314,-15.138355
-1.3610475,-1.1004862,-15.138605
-1.3618054,-1.099641,-15.138855
-1.3625634,-1.0987958,-15.139105
-1.3633213,-1.0979506,-15.139355
-1.3640792,-1.0971054,-15.139605
-1.3648372,-1.0962602,-15.139854
-1.3655951,-1.095415,-15.140104
-1.366353,-1.0945698,-15.140354
-1.367111,-1.0937246,-15.140604
-1.3678689,-1.0928794,-15.140854
-1.3686268,-1.0920342,-15.141104
-1.3693848,-1.091189,-15.141354
-1.3701427,-1.0903438,-15.141603
-1.3709006,-1.0894986,-15.141853
-1.3716586,-1.0886534,-15.142103
-1.3724165,-1.0878083,-15.142353
-1.3731744,-1.086963,-15.142603
-1.3739036,-1.0861435,-15.142837
-1.3746041,-1.0853496,-15.143054
-1.3753046,-1.0845556,-15.143271
-1.376005,-1.0837617,-15.143489
-1.3767055,-1.0829678,-15.143706
-1.377406,-1.0821738,-15.143924
-1.3781065,-1.0813799,-15.144141
-1.378807,-1.080586,-15.144359
-1.3795074,-1.079792,-15.144576
-1.3802079,-1.0789981,-15.1447935
-1.3809084,-1.0782042,-15.145011
-1.3816088,-1.0774102,-15.145228
-1.3823093,-1.0766163,-15.145446
-1.3830098,-1.0758224,-15.145663
-1.3837103,-1.0750284,-15.145881
-1.3844107,-1.0742345,-15.146098
-1.3851112,-1.0734406,-15.146316
-1.3858117,-1.0726466,-15.146533
-1.3865122,-1.0718527,-15.14675
-1.3872126,-1.0710588,-15.146968
-1.3879131,-1.0702648,-15.147185
-1.3886136,-1.0694709,-15.147403
-1.389314,-1.068677,-15.14762
-1.3900145,-1.067883,-15.147838
-1.390715,-1.0670891,-15.148055
-1.3914155,-1.0662951,-15.1482725
-1.392116,-1.0655012,-15.14849
-1.3928164,-1.0647073,-15.148707
-1.3935169,-1.0639133,-15.148925
-1.3942174,-1.0631194,-15.149142
-1.3949178,-1.0623255,-15.14936
-1.3956183,-1.0615315,-15.149577
-1.3963188,-1.0607376,-15.149795
-1.3970193,-1.0599437,-15.150012
-1.3977197,-1.0591497,-15.150229
-1.3984202,-1.0583558,-15.150447
-1.3991207,-1.0575619,-15.150664
-1.3998212,-1.056768,-15.150882
-1.4005216,-1.055974,-15.151099
-1.4012221,-1.0551801,-15.151317
-1.4019226,-1.0543861,-15.151534
-1.4026833,-1.0535426,-15.151783
-1.4035041,-1.0526495,-15.152063
-1.4043522,-1.051718,-15.152344
-1.4052274,-1.0507481,-15.152624
-1.4061027,-1.0497782,-15.1529045
-1.4069779,-1.0488083,-15.153185
-1.4078531,-1.0478384,-15.153465
-1.4087284,-1.0468686,-15.153746
-1.4096036,-1.0458987,-15.154026
-1.4104788,-1.0449288,-15.154306
-1.4113541,-1.0439589,-15.154587
-1.4122293,-1.042989,-15.154867
-1.4131045,-1.0420191,-15.155148
-1.4139798,-1.0410492,-15.155428
-1.414855,-1.0400794,-15.155708
-1.4157302,-1.0391095,-15.155989
-1.4166055,-1.0381396,-15.156269
-1.4174807,-1.0371697,-15.156549
-1.418356,-1.0361998,-15.15683
-1.4192252,-1.035203,-15.15708
-1.4200945,-1.0342062,-15.15733
-1.4209638,-1.0332093,-15.157579
-1.421833,-1.0322125,-15.157829
-1.4227023,-1.0312157,-15.158079
-1.4235716,-1.0302188,-15.158329
-1.4244409,-1.029222,-15.158579
-1.4253101,-1.0282252,-15.158829
-1.4261794,-1.0272284,-15.159079
-1.4270487,-1.0262315,-15.159328
-1.427918,-1.0252347,-15.159578
-1.4287872,-1.0242379,-15.159828
-1.4296565,-1.023241,-15.160078
-1.4305258,-1.0222442,-15.160328
-1.431395,-1.0212474,-15.160578
-1.4322643,-1.0202506,-15.160828
-1.4331336,-1.0192537,-15.1610775
-1.4340029,-1.0182569,-15.161327
-1.4348722,-1.0172601,-15.161577
-1.4357414,-1.0162632,-15.161827
-1.4366107,-1.0152664,-15.162077
-1.43748,-1.0142696,-15.162327
-1.4383492,-1.0132728,-15.162577
-1.4392185,-1.0122759,-15.162827
-1.4400878,-1.0112791,-15.163076
-1.4409571,-1.0102823,-15.163326
-1.4418263,-1.0092854,-15.163576
-1.4426956,-1.0082886,-15.163826
-1.4435649,-1.0072918,-15.164076
-1.4444342,-1.006295,-15.164326
-1.4453034,-1.0052981,-15.164576
-1.4461727,-1.0043013,-15.164825
-1.447042,-1.0033045,-15.165075
-1.4479113,-1.0023077,-15.165325
-1.4487805,-1.0013108,-15.165575
-1.4496498,-1.000314,-15.165825
-1.4505191,-0.99931717,-15.166075
-1.4513884,-0.99832034,-15.166325
-1.4522576,-0.9973235,-15.1665745
-1.4531269,-0.9963267,-15.166824
-1.4539962,-0.99532986,-15.167074
-1.4548694,-0.9943474,-15.167339
-1.4557465,-0.9933793,-15.16762
-1.4566237,-0.9924112,-15.1679
-1.4575008,-0.9914431,-15.16818
-1.458378,-0.990475,-15.168461
-1.4592551,-0.9895069,-15.168741
-1.4601322,-0.9885388,-15.169022
-1.4610094,-0.9875707,-15.169302
-1.461927,-0.9865511,-15.169593
-1.4628853,-0.98548,-15.169894
-1.4638435,-0.9844089,-15.170196
-1.4648017,-0.9833378,-15.170497
-1.4657599,-0.9822667,-15.170798
-1.4667181,-0.9811956,-15.1711
-1.4676763,-0.98012453,-15.171401
-1.4686345,-0.97905344,-15.171702
-1.4695927,-0.97798234,-15.172004
-1.4705509,-0.97691125,-15.172305
-1.4715091,-0.97584015,-15.172606
-1.4724959,-0.9747439,-15.172927
-1.4734827,-0.97364765,-15.173247
-1.4744695,-0.9725514,-15.173568
-1.4754564,-0.97145516,-15.173888
-1.4764432,-0.9703589,-15.174209
-1.47743,-0.96926266,-15.174529
-1.4784168,-0.9681664,-15.1748495
-1.4794036,-0.96707016,-15.17517
-1.4803904,-0.9659739,-15.17549
-1.4813772,-0.96487767,-15.175811
-1.482364,-0.9637814,-15.176131
-1.4833509,-0.96268517,-15.176452
-1.4843377,-0.9615889,-15.176772
-1.4853245,-0.9604927,-15.177093
-1.4863113,-0.9593964,-15.177413
-1.4872981,-0.9583002,-15.177733
-1.488285,-0.9572039,-15.178054
-1.4892718,-0.9561077,-15.178374
-1.4902586,-0.9550114,-15.178695
-1.4912454,-0.9539152,-15.179015
-1.4922322,-0.95281893,-15.179336
-1.493219,-0.9517227,-15.179656
-1.4942058,-0.95062643,-15.179976
-1.4951926,-0.9495302,-15.180297
-1.4961795,-0.94843394,-15.180617
-1.4971663,-0.9473377,-15.180938
-1.4981531,-0.94624144,-15.181258
-1.4991399,-0.9451452,-15.181579
-1.5001267,-0.94404894,-15.181899
-1.5011135,-0.9429527,-15.1822195
-1.5021003,-0.94185644,-15.18254
-1.5030872,-0.9407602,-15.18286
-1.504074,-0.93966395,-15.183181
-1.5050608,-0.9385677,-15.183501
-1.5060476,-0.93747145,-15.183822
-1.5070344,-0.9363752,-15.184142
-1.5080212,-0.93527895,-15.184463
-1.509008,-0.9341827,-15.184783
-1.5099949,-0.93308645,-15.185103
-1.5109817,-0.9319902,-15.185424
-1.5119692,-0.9308943,-15.185742
-1.5129567,-0.9297984,-15.186061
-1.5139443,-0.92870253,-15.186379
-1.5149318,-0.92760664,-15.186698
-1.5159193,-0.92651075,-15.1870165
-1.5169069,-0.92541486,-15.187335
-1.5178944,-0.92431897,-15.187654
-1.5188819,-0.9232231,-15.187972
-1.5198694,-0.9221272,-15.188291
-1.5207754,-0.92113453,-15.18859
-1.5216814,-0.9201419,-15.1888895
-1.5225874,-0.9191492,-15.189189
-1.5234934,-0.91815656,-15.189488
-1.5243994,-0.9171639,-15.189788
-1.5253054,-0.91617125,-15.190087
-1.5262114,-0.9151786,-15.190387
-1.5271174,-0.91418594,-15.190686
-1.5280234,-0.9131933,-15.190986
-1.5289294,-0.9122006,-15.191285
-1.5298353,-0.911208,-15.191585
-1.5307413,-0.9102153,-15.191884
-1.5316473,-0.90922266,-15.1921835
-1.5325533,-0.90823,-15.192483
-1.5334593,-0.90723735,-15.192782
-1.5343653,-0.9062447,-15.193082
-1.5352713,-0.90525204,-15.193381
-1.5361773,-0.9042594,-15.193681
-1.5371397,-0.9032033,-15.193998
-1.5381584,-0.9020838,-15.194334
-1.5391772,-0.9009643,-15.19467
-1.540196,-0.8998448,-15.195005
-1.5412147,-0.89872533,-15.195341
-1.5422335,-0.89760584,-15.195677
-1.5432522,-0.89648634,-15.1960125
-1.544271,-0.89536685,-15.196348
-1.5452898,-0.89424735,-15.196684
-1.5463085,-0.89312786,-15.19702
-1.5473273,-0.89200836,-15.197355
-1.548346,-0.89088887,-15.197691
-1.5493648,-0.8897694,-15.198027
-1.5503836,-0.8886499,-15.198362
-1.5514023,-0.8875304,-15.198698
-1.5524211,-0.8864109,-15.199034
-1.5534399,-0.8852914,-15.199369
-1.5544586,-0.8841719,-15.199705
-1.5554774,-0.8830524,-15.200041
-1.5564961,-0.8819329,-15.2003765
-1.5575149,-0.8808134,-15.200712
-1.5585337,-0.8796939,-15.201048
-1.5595524,-0.87857443,-15.201384
-1.5605712,-0.87745494,-15.201719
-1.56159,-0.87633544,-15.202055
-1.5626087,-0.87521595,-15.202391
-1.5636275,-0.87409645,-15.202726
-1.5646462,-0.87297696,-15.203062
-1.565665,-0.87185746,-15.203398
-1.5666838,-0.87073797,-15.203733
-1.5677025,-0.8696185,-15.204069
-1.5687213,-0.868499,-15.204405
-1.56974,-0.8673795,-15.204741
-1.5707588,-0.86626,-15.205076
-1.5717776,-0.8651405,-15.205412
-1.5727963,-0.864021,-15.205748
-1.5738151,-0.8629015,-15.206083
-1.5748339,-0.861782,-15.206419
-1.5758526,-0.8606625,-15.206755
-1.5768714,-0.859543,-15.20709
-1.5778902,-0.85842353,-15.207426
-1.5789089,-0.85730404,-15.207762
-1.5799277,-0.85618454,-15.208097
-1.5809169,-0.8550907,-15.208418
-1.5819061,-0.8539968,-15.208738
-1.5829256,-0.8528785,-15.209074
-1.583945,-0.8517602,-15.20941
-1.5849645,-0.8506419,-15.209745
-1.585984,-0.8495236,-15.210081
-1.5870035,-0.8484053,-15.210417
-1.588023,-0.847287,-15.2107525
-1.5890424,-0.8461687,-15.211088
-1.5900619,-0.8450504,-15.211424
-1.5910814,-0.8439321,-15.21176
-1.5921009,-0.8428138,-15.212095
-1.5931203,-0.8416955,-15.212431
-1.5941398,-0.8405772,-15.212767
-1.5951593,-0.8394589,-15.213102
-1.5961788,-0.8383406,-15.213438
-1.5971982,-0.8372223,-15.213774
-1.5982177,-0.836104,-15.214109
-1.5992372,-0.8349857,-15.214445
-1.6001973,-0.8339171,-15.214748
-1.6011574,-0.8328485,-15.215052
-1.6021175,-0.8317799,-15.215355
-1.6030777,-0.8307113,-15.215658
-1.6040378,-0.8296427,-15.215961
-1.6049979,-0.8285741,-15.216265
-1.605958,-0.8275055,-15.216568
-1.6069181,-0.82643694,-15.216871
-1.6078782,-0.82536834,-15.217175
-1.6088383,-0.82429975,-15.217478
-1.6097984,-0.82323116,-15.217781
-1.6107585,-0.82216257,-15.218084
-1.6117187,-0.821094,-15.218388
-1.6126788,-0.8200254,-15.218691
-1.6136389,-0.8189568,-15.218994
-1.614599,-0.8178882,-15.219297
-1.6155591,-0.8168196,-15.219601
-1.6165192,-0.815751,-15.219904
-1.6174793,-0.8146824,-15.220207
-1.6184394,-0.81361383,-15.2205105
-1.6193995,-0.81254524,-15.220814
-1.6203597,-0.81147665,-15.221117
-1.6213198,-0.81040806,-15.22142
-1.6222799,-0.80933946,-15.221724
-1.62324,-0.8082709,-15.222027
-1.6242001,-0.8072023,-15.22233
-1.6251602,-0.8061337,-15.222633
-1.6261203,-0.8050651,-15.222937
-1.6270804,-0.8039965,-15.22324
-1.6280406,-0.8029279,-15.223543
-1.6290007,-0.8018593,-15.223846
-1.6299608,-0.8007907,-15.22415
-1.6309209,-0.79972214,-15.224453
-1.631881,-0.79865354,-15.224756
-1.6328411,-0.79758495,-15.2250595
-1.6338012,-0.79651636,-15.225363
-1.6347613,-0.79544777,-15.225666
-1.6357214,-0.7943792,-15.225969
-1.6366816,-0.7933106,-15.226273
-1.6376417,-0.792242,-15.226576
-1.6386025,-0.7911742,-15.226879
-1.639564,-0.79010713,-15.227182
-1.6405256,-0.7890401,-15.227486
-1.6414871,-0.78797305,-15.227789
-1.6424487,-0.786906,-15.228092
-1.6434102,-0.78583896,-15.228395
-1.6443717,-0.7847719,-15.228699
-1.6453333,-0.7837049,-15.229002
-1.6462948,-0.78263783,-15.229305
-1.6472564,-0.7815708,-15.229609
-1.6482189,-0.7805045,-15.229912
-1.6491823,-0.77943903,-15.230215
-1.6501458,-0.77837354,-15.230518
-1.6511092,-0.77730805,-15.230822
-1.6520727,-0.77624255,-15.231125
-1.6530361,-0.77517706,-15.231428
-1.6539996,-0.77411157,-15.231731
-1.654963,-0.7730461,-15.232035
-1.6559265,-0.7719806,-15.232338
-1.6568899,-0.7709151,-15.232641
-1.6578534,-0.7698496,-15.2329445
-1.6588168,-0.7687841,-15.233248
-1.6597803,-0.7677186,-15.233551
-1.6607437,-0.7666531,-15.233854
-1.6617072,-0.7655876,-15.234158
-1.6626706,-0.76452214,-15.234461
-1.6636341,-0.76345664,-15.234764
-1.6645975,-0.76239115,-15.235067
-1.665561,-0.76132566,-15.235371
-1.6665244,-0.76026016,-15.235674
-1.6674879,-0.7591947,-15.235977
-1.6684513,-0.7581292,-15.23628
-1.6694148,-0.7570637,-15.236584
-1.6703782,-0.7559982,-15.236887
-1.6713417,-0.7549327,-15.23719
-1.6723051,-0.7538672,-15.2374935
-1.6732686,-0.7528017,-15.237797
-1.674232,-0.7517362,-15.2381
-1.6751955,-0.75067073,-15.238403
-1.6761589,-0.74960524,-15.238707
-1.6771224,-0.74853975,-15.23901
-1.6780858,-0.74747425,-15.239313
-1.6790493,-0.74640876,-15.239616
-1.6800127,-0.74534327,-15.23992
-1.6809762,-0.7442778,-15.240223
-1.6819396,-0.7432123,-15.240526
-1.682903,-0.7421468,-15.240829
-1.6838665,-0.7410813,-15.241133
-1.68483,-0.7400158,-15.241436
-1.6857934,-0.7389503,-15.241739
-1.6867568,-0.7378848,-15.242043
-1.687721,-0.7368199,-15.242346
-1.6886859,-0.7357556,-15.242649
-1.6896508,-0.7346913,-15.242952
-1.6906157,-0.733627,-15.243256
-1.6915805,-0.7325627,-15.243559
-1.6925454,-0.7314984,-15.243862
-1.6935103,-0.7304341,-15.244165
-1.6944752,-0.7293698,-15.244469
-1.6954336,-0.72827786,-15.244741
-1.696392,-0.7271859,-15.245014
-1.6972668,-0.726196,-15.245272
-1.6981416,-0.7252061,-15.245529
-1.6990163,-0.72421616,-15.245787
-1.6998911,-0.72322625,-15.246044
-1.7007658,-0.72223634,-15.246302
-1.7016406,-0.7212464,-15.246559
-1.7025154,-0.7202565,-15.246817
-1.7033901,-0.7192666,-15.247074
-1.7042649,-0.7182767,-15.247332
-1.7051396,-0.71728677,-15.247589
-1.7060144,-0.71629685,-15.247847
-1.7068892,-0.71530694,-15.248104
-1.7077639,-0.714317,-15.248362
-1.7086387,-0.7133271,-15.248619
-1.7095134,-0.7123372,-15.248877
-1.7103882,-0.7113473,-15.249134
-1.711263,-0.71035737,-15.249392
-1.7121377,-0.70936745,-15.249649
-1.7130125,-0.70837754,-15.249907
-1.7138872,-0.7073876,-15.250164
-1.714762,-0.7063977,-15.250422
-1.7156367,-0.7054078,-15.250679
-1.7165115,-0.7044179,-15.2509365
-1.7173862,-0.703428,-15.251194
-1.718261,-0.70243806,-15.2514515
-1.7191358,-0.70144814,-15.251709
-1.7200105,-0.7004582,-15.251966
-1.7208853,-0.6994683,-15.252224
-1.72176,-0.6984784,-15.252481
-1.7226348,-0.6974885,-15.252739
-1.7235096,-0.6964986,-15.252996
-1.7243843,-0.69550866,-15.253254
-1.7252591,-0.69451874,-15.253511
-1.7261338,-0.69352883,-15.253769
-1.7270086,-0.6925389,-15.254026
-1.7278833,-0.691549,-15.254284
-1.7287581,-0.6905591,-15.254541
-1.7296329,-0.6895692,-15.254799
-1.7305076,-0.68857926,-15.255056
-1.7313824,-0.68758935,-15.255314
-1.7322571,-0.68659943,-15.255571
-1.7332971,-0.68540484,-15.255867
-1.7343371,-0.68421024,-15.256163
-1.7353771,-0.68301564,-15.256458
-1.736417,-0.68182105,-15.256754
-1.737457,-0.68062645,-15.25705
-1.738497,-0.67943186,-15.257345
-1.739537,-0.67823726,-15.257641
-1.740577,-0.67704266,-15.2579365
-1.7416189,-0.6758495,-15.25823
-1.7426608,-0.67465633,-15.258524
-1.7437027,-0.67346317,-15.258818
-1.7447445,-0.67227,-15.259111
-1.7457864,-0.67107683,-15.259405
-1.7468283,-0.66988367,-15.259699
-1.7478702,-0.6686905,-15.259993
-1.7489121,-0.66749734,-15.260286
-1.749954,-0.6663042,-15.26058
-1.7509959,-0.665111,-15.260874
-1.7520378,-0.66391784,-15.261168
-1.7530797,-0.6627247,-15.261461
-1.7541215,-0.6615315,-15.261755
-1.7551634,-0.66033834,-15.262049
-1.7562053,-0.6591452,-15.262342
-1.7572472,-0.657952,-15.262636
-1.7583051,-0.6567473,-15.262938
-1.7593789,-0.655531,-15.263247
-1.7604527,-0.6543147,-15.263556
-1.7615266,-0.6530984,-15.2638645
-1.7626004,-0.6518821,-15.2641735
-1.7636743,-0.6506658,-15.2644825
-1.7647481,-0.6494495,-15.2647915
-1.7658219,-0.64823323,-15.2651005
-1.7668958,-0.64701694,-15.265409
-1.7679696,-0.64580065,-15.265718
-1.7690434,-0.64458436,-15.266027
-1.7701173,-0.64336807,-15.266336
-1.7711911,-0.6421518,-15.266645
-1.772265,-0.6409355,-15.266954
-1.7733388,-0.6397192,-15.267263
-1.7744126,-0.6385029,-15.267572
-1.7754865,-0.6372866,-15.267881
-1.7765603,-0.6360703,-15.26819
-1.7776341,-0.634854,-15.268499
-1.778708,-0.6336377,-15.268808
-1.7797818,-0.63242143,-15.269117
-1.7808557,-0.63120514,-15.269426
-1.7819295,-0.62998885,-15.269735
-1.7830033,-0.62877256,-15.270044
-1.7840772,-0.62755626,-15.270353
-1.785151,-0.62634,-15.270662
-1.7862248,-0.6251237,-15.270971
-1.7872987,-0.6239074,-15.27128
-1.7883725,-0.6226911,-15.271589
-1.7894464,-0.6214748,-15.271898
-1.7905202,-0.6202585,-15.272207
-1.791594,-0.6190422,-15.272516
-1.7926679,-0.6178259,-15.272825
-1.7937417,-0.61660963,-15.273134
-1.7948155,-0.61539334,-15.273443
-1.7958894,-0.61417705,-15.273752
-1.7969632,-0.61296076,-15.274061
-1.798037,-0.61174446,-15.27437
-1.7991109,-0.6105282,-15.274679
-1.8001847,-0.6093119,-15.274988
-1.8012586,-0.6080956,-15.275297
-1.8023324,-0.6068793,-15.275606
-1.8032856,-0.6057616,-15.275854
-1.8042388,-0.6046439,-15.276102
-1.805192,-0.6035262,-15.27635
-1.8061452,-0.60240847,-15.276598
-1.8070984,-0.60129076,-15.276846
-1.8080516,-0.60017306,-15.277094
-1.8090048,-0.59905535,-15.277342
-1.809958,-0.59793764,-15.27759
-1.8110027,-0.5967483,-15.277889
-1.8120475,-0.59555894,-15.278189
-1.8130922,-0.5943696,-15.278488
-1.814137,-0.59318024,-15.278788
-1.8151817,-0.5919909,-15.279087
-1.8162265,-0.59080154,-15.2793865
-1.8172712,-0.5896122,-15.279686
-1.818316,-0.58842283,-15.279985
-1.8193607,-0.5872335,-15.280285
-1.8204055,-0.58604413,-15.280584
-1.8213956,-0.58493215,-15.280886
-1.8223858,-0.58382016,-15.281187
-1.8233759,-0.5827082,-15.281488
-1.8243661,-0.5815962,-15.28179
-1.8253562,-0.5804842,-15.282091
-1.8263464,-0.5793722,-15.2823925
-1.8273365,-0.57826024,-15.282694
-1.8283267,-0.57714826,-15.282995
-1.8293169,-0.5760363,-15.283297
-1.830307,-0.5749243,-15.283598
-1.8312972,-0.5738123,-15.283899
-1.8322873,-0.5727003,-15.284201
-1.8332775,-0.57158834,-15.284502
-1.8342676,-0.57047635,-15.284803
-1.8352578,-0.56936437,-15.285105
-1.8362479,-0.5682524,-15.285406
-1.8372381,-0.5671404,-15.285707
-1.8382282,-0.5660284,-15.286009
-1.8392184,-0.56491643,-15.28631
-1.8402085,-0.56380445,-15.286612
-1.8411987,-0.56269246,-15.286913
-1.8421888,-0.5615805,-15.287214
-1.843179,-0.5604685,-15.287516
-1.8441691,-0.5593565,-15.287817
-1.8451593,-0.5582445,-15.288118
-1.8461494,-0.55713254,-15.28842
-1.8471396,-0.55602056,-15.288721
-1.8481297,-0.5549086,-15.289022
-1.8491199,-0.5537966,-15.289324
-1.85011,-0.5526846,-15.289625
-1.8511002,-0.5515726,-15.289927
-1.8520904,-0.55046064,-15.290228
-1.8530805,-0.54934865,-15.290529
-1.8540707,-0.54823667,-15.290831
-1.8550608,-0.5471247,-15.291132
-1.856051,-0.5460127,-15.291433
-1.8570411,-0.5449007,-15.291735
-1.8580313,-0.54378873,-15.292036
-1.8590214,-0.54267675,-15.292337
-1.8600116,-0.54156476,-15.292639
-1.8610017,-0.5404528,-15.29294
-1.8619919,-0.5393408,-15.2932415
-1.862982,-0.5382288,-15.293543
-1.8639722,-0.5371168,-15.293844
-1.8649528,-0.5359754,-15.294121
-1.8659334,-0.53483397,-15.294397
-1.866914,-0.53369254,-15.294674
-1.8678946,-0.5325511,-15.2949505
-1.8688753,-0.5314097,-15.295227
-1.8698559,-0.53026825,-15.295504
-1.8708365,-0.5291268,-15.29578
-1.8718171,-0.5279854,-15.296057
-1.8726842,-0.52697045,-15.296301
-1.8735514,-0.5259555,-15.296545
-1.8744185,-0.52494055,-15.296789
-1.8752856,-0.5239256,-15.297033
-1.8761528,-0.52291065,-15.297277
-1.8770199,-0.5218957,-15.297522
-1.877887,-0.52088076,-15.297766
-1.8787541,-0.5198658,-15.29801
-1.8796513,-0.518827,-15.298271
-1.8805485,-0.51778823,-15.2985325
-1.8814456,-0.51674944,-15.298794
-1.8823428,-0.51571065,-15.299055
-1.88324,-0.51467186,-15.299316
-1.8841372,-0.5136331,-15.299578
-1.8850343,-0.5125943,-15.299839
-1.8859315,-0.5115555,-15.3001
-1.8868287,-0.5105167,-15.300362
-1.8877258,-0.5094779,-15.300623
-1.888623,-0.5084391,-15.300884
-1.8895202,-0.50740033,-15.301146
-1.8904173,-0.50636154,-15.301407
-1.8913145,-0.50532275,-15.301668
-1.8922117,-0.50428396,-15.301929
-1.8931088,-0.5032452,-15.302191
-1.894006,-0.5022064,-15.302452
-1.8949032,-0.5011676,-15.302713
-1.8958004,-0.5001288,-15.302975
-1.8966975,-0.49909008,-15.303236
-1.8975947,-0.49805135,-15.303497
-1.8984919,-0.49701262,-15.303759
-1.899389,-0.49597389,-15.30402
-1.9002862,-0.49493515,-15.304281
-1.9011834,-0.49389642,-15.304543
-1.9020805,-0.4928577,-15.304804
-1.9029777,-0.49181896,-15.305065
-1.9038749,-0.49078023,-15.305326
-1.904772,-0.4897415,-15.305588
-1.9056692,-0.48870277,-15.305849
-1.9065664,-0.48766404,-15.30611
-1.9074636,-0.4866253,-15.306372
-1.9083607,-0.48558658,-15.306633
-1.9092579,-0.48454785,-15.306894
-1.910155,-0.48350912,-15.307156
-1.9110522,-0.4824704,-15.307417
-1.9119494,-0.48143166,-15.307678
-1.9128466,-0.48039293,-15.30794
-1.9137437,-0.4793542,-15.308201
-1.9146409,-0.47831547,-15.308462
-1.9155381,-0.47727674,-15.308723
-1.9164343,-0.47623762,-15.308987
-1.9173295,-0.47519812,-15.309252
-1.9181938,-0.47418258,-15.309503
-1.9190271,-0.473191,-15.309739
-1.9198604,-0.4721994,-15.309976
-1.9206936,-0.47120783,-15.310212
-1.9215269,-0.47021624,-15.310449
-1.9223602,-0.46922466,-15.310685
-1.9231935,-0.46823308,-15.310922
-1.9240267,-0.4672415,-15.311158
-1.92486,-0.4662499,-15.311395
-1.9256933,-0.46525833,-15.311631
-1.9265265,-0.46426675,-15.311868
-1.9273598,-0.46327516,-15.312104
-1.9281931,-0.46228358,-15.312341
-1.9290264,-0.461292,-15.312577
-1.9298596,-0.46030042,-15.312814
-1.9306929,-0.45930883,-15.31305
-1.9315262,-0.45831725,-15.313287
-1.9323595,-0.45732567,-15.313523
-1.9331927,-0.45633408,-15.31376
-1.934026,-0.4553425,-15.313996
-1.9348593,-0.45435092,-15.314233
-1.9356925,-0.45335934,-15.314469
-1.9365258,-0.45236775,-15.314706
-1.9373591,-0.45137617,-15.314942
-1.9381924,-0.4503846,-15.315179
-1.9389424,-0.4494954,-15.315398
-1.9396925,-0.44860622,-15.315618
-1.9404426,-0.44771704,-15.315837
-1.9411926,-0.44682786,-15.316056
-1.9419427,-0.44593868,-15.316276
-1.9426928,-0.4450495,-15.316495
-1.9434428,-0.4441603,-15.316714
-1.9441929,-0.44327113,-15.316934
-1.944943,-0.44238195,-15.317153
-1.945693,-0.44149277,-15.317372
-1.9464431,-0.44060358,-15.317592
-1.9471931,-0.4397144,-15.317811
-1.9479432,-0.43882522,-15.31803
-1.9486933,-0.43793604,-15.31825
-1.9494433,-0.43704686,-15.318469
-1.9501934,-0.43615767,-15.318688
-1.9509435,-0.4352685,-15.318908
-1.9516935,-0.4343793,-15.319127
-1.9524436,-0.43349013,-15.319346
-1.9531937,-0.43260095,-15.319566
-1.9539437,-0.43171176,-15.319785
-1.9546938,-0.43082258,-15.320004
-1.9554439,-0.4299334,-15.320224
-1.9561939,-0.42904422,-15.320443
-1.956944,-0.42815503,-15.3206625
-1.957694,-0.42726585,-15.320882
-1.9584441,-0.42637667,-15.321101
-1.9591942,-0.4254875,-15.321321
-1.9599442,-0.4245983,-15.32154
-1.9606943,-0.42370912,-15.321759
-1.9614444,-0.42281994,-15.321979
-1.9621944,-0.42193076,-15.322198
-1.9629445,-0.42104158,-15.322417
-1.9636946,-0.4201524,-15.322637
-1.9644446,-0.4192632,-15.322856
-1.9651947,-0.41837403,-15.323075
-1.9659448,-0.41748485,-15.323295
-1.9666948,-0.41659567,-15.323514
-1.9674449,-0.4157065,-15.323733
-1.968195,-0.4148173,-15.323953
-1.9688885,-0.4139914,-15.324155
-1.9695256,-0.41322875,-15.32434
-1.9701626,-0.4124661,-15.324525
-1.9707997,-0.41170347,-15.32471
-1.9714367,-0.41094083,-15.324895
-1.9720738,-0.41017818,-15.32508
-1.9727108,-0.40941554,-15.325265
-1.9733479,-0.4086529,-15.32545
-1.973985,-0.40789026,-15.325635
-1.974622,-0.40712762,-15.32582
-1.9752591,-0.40636498,-15.326005
-1.9761622,-0.40529922,-15.326279
-1.9770391,-0.40427256,-15.3265505
-1.977916,-0.4032459,-15.326822
-1.9787929,-0.40221924,-15.327094
-1.9796698,-0.40119258,-15.327366
-1.9805467,-0.40016592,-15.327638
-1.9814236,-0.39913926,-15.327909
-1.9823005,-0.3981126,-15.328181
-1.9831774,-0.39708593,-15.328453
-1.9840543,-0.39605927,-15.328725
-1.9849312,-0.3950326,-15.328997
-1.9858081,-0.39400595,-15.329268
-1.986685,-0.3929793,-15.32954
-1.987562,-0.39195263,-15.329812
-1.9884388,-0.39092597,-15.330084
-1.9893157,-0.3898993,-15.330356
-1.9901927,-0.38887265,-15.330627
-1.9910696,-0.387846,-15.330899
-1.9919465,-0.38681933,-15.331171
-1.9928234,-0.38579267,-15.331443
-1.9937003,-0.384766,-15.331715
-1.9945772,-0.38373935,-15.331986
-1.9954541,-0.3827127,-15.332258
-1.996331,-0.38168603,-15.33253
-1.9972079,-0.38065937,-15.332802
-1.9980848,-0.3796327,-15.333074
-1.9989617,-0.37860605,-15.333345
-1.9998083,-0.37760353,-15.333601
-2.0005944,-0.3766493,-15.333824
-2.0013804,-0.37569505,-15.334047
-2.0021665,-0.3747408,-15.3342705
-2.0029526,-0.37378657,-15.334494
-2.0037386,-0.37283233,-15.334717
-2.0045242,-0.37187755,-15.33494
-2.005279,-0.3709463,-15.335146
-2.0059729,-0.3700626,-15.335318
-2.0066667,-0.3691789,-15.335489
-2.0073605,-0.3682952,-15.335661
-2.0080543,-0.3674115,-15.335833
-2.008748,-0.3665278,-15.336004
-2.0094419,-0.3656441,-15.336176
-2.0101357,-0.3647604,-15.336348
-2.0108294,-0.3638767,-15.336519
-2.0115232,-0.362993,-15.336691
-2.012217,-0.3621093,-15.336863
-2.0129108,-0.3612256,-15.337034
-2.0136046,-0.3603419,-15.337206
-2.0142984,-0.3594582,-15.337378
-2.0149922,-0.3585745,-15.337549
-2.015686,-0.3576908,-15.337721
-2.0163798,-0.3568071,-15.337893
-2.0170736,-0.3559234,-15.338064
-2.0177674,-0.35503972,-15.338236
-2.0184612,-0.35415602,-15.3384075
-2.019155,-0.35327232,-15.338579
-2.0198488,-0.35238862,-15.338751
-2.0205426,-0.35150492,-15.3389225
-2.0212364,-0.35062122,-15.339094
-2.0219302,-0.34973752,-15.339266
-2.022624,-0.34885383,-15.3394375
-2.0233178,-0.34797013,-15.339609
-2.0240116,-0.34708643,-15.339781
-2.0247633,-0.34621203,-15.340021
-2.025515,-0.34533763,-15.340261
-2.0262668,-0.34446323,-15.340502
-2.0270185,-0.34358883,-15.340742
-2.0277703,-0.34271443,-15.340982
-2.0285354,-0.34175575,-15.341185
-2.0293071,-0.34075493,-15.341368
-2.030079,-0.3397541,-15.341551
-2.0308506,-0.33875328,-15.341734
-2.0316224,-0.33775246,-15.341917
-2.0323942,-0.33675164,-15.3421
-2.033166,-0.33575082,-15.342283
-2.0339377,-0.33475,-15.342466
-2.0347095,-0.33374918,-15.342649
-2.0354812,-0.33274835,-15.342833
-2.036253,-0.33174753,-15.343016
-2.0370634,-0.33075303,-15.343243
-2.037893,-0.32976168,-15.343492
-2.0387228,-0.32877034,-15.34374
-2.0395525,-0.327779,-15.343989
-2.0403821,-0.32678765,-15.344238
-2.0412118,-0.3257963,-15.344487
-2.0420415,-0.32480496,-15.344736
-2.0428712,-0.32381362,-15.344985
-2.043701,-0.32282227,-15.345234
-2.0445306,-0.32183093,-15.345483
-2.0453603,-0.32083958,-15.345732
-2.04619,-0.31984824,-15.345981
-2.0470197,-0.3188569,-15.34623
-2.0478494,-0.31786555,-15.346478
-2.048679,-0.3168742,-15.346727
-2.0495088,-0.31588286,-15.346976
-2.0503385,-0.31489152,-15.347225
-2.0511682,-0.31390017,-15.347474
-2.051998,-0.31290883,-15.347723
-2.0528276,-0.31191748,-15.347972
-2.0536573,-0.31092614,-15.348221
-2.054487,-0.3099348,-15.34847
-2.0553167,-0.30894345,-15.348719
-2.0561464,-0.3079521,-15.348968
-2.056976,-0.30696076,-15.349216
-2.0578058,-0.30596942,-15.349465
-2.0586355,-0.30497807,-15.349714
-2.0594876,-0.30393255,-15.34995
-2.060351,-0.30285993,-15.350179
-2.0612142,-0.30178732,-15.350408
-2.0620775,-0.3007147,-15.3506365
-2.0629408,-0.2996421,-15.350865
-2.0638041,-0.29856947,-15.351094
-2.0646675,-0.29749686,-15.351323
-2.065304,-0.29673415,-15.351508
-2.0660017,-0.29592383,-15.351726
-2.0666993,-0.2951135,-15.351943
-2.0673969,-0.29430318,-15.35216
-2.0680945,-0.29349285,-15.352378
-2.068792,-0.29268253,-15.352595
-2.0694897,-0.2918722,-15.352813
-2.0701873,-0.29106188,-15.35303
-2.070885,-0.29025155,-15.353248
-2.0715826,-0.28944123,-15.353465
-2.0722802,-0.2886309,-15.3536825
-2.0729778,-0.28782058,-15.3539
-2.0736754,-0.28701025,-15.354117
-2.074373,-0.28619993,-15.354335
-2.0750706,-0.2853896,-15.354552
-2.0757682,-0.28457928,-15.35477
-2.0764658,-0.28376895,-15.354987
-2.0771635,-0.28295863,-15.355205
-2.077861,-0.2821483,-15.355422
-2.0785587,-0.28133798,-15.355639
-2.0792563,-0.28052765,-15.355857
-2.079954,-0.27971733,-15.356074
-2.0806515,-0.278907,-15.356292
-2.0813491,-0.27809668,-15.356509
-2.0820467,-0.27728635,-15.356727
-2.0827444,-0.27647603,-15.356944
-2.083442,-0.2756657,-15.3571615
-2.0841396,-0.27485538,-15.357379
-2.0848372,-0.27404505,-15.357596
-2.0855348,-0.27323472,-15.357814
-2.0862324,-0.2724244,-15.358031
-2.08693,-0.27161407,-15.358249
-2.0876276,-0.27080375,-15.358466
-2.0883253,-0.26999342,-15.358684
-2.0890229,-0.2691831,-15.358901
-2.0897205,-0.26837277,-15.359118
-2.090418,-0.26756245,-15.359336
-2.0911157,-0.26675212,-15.359553
-2.0918133,-0.2659418,-15.359771
-2.092511,-0.26513147,-15.359988
-2.0932086,-0.26432115,-15.360206
-2.093974,-0.26342112,-15.360436
-2.0948076,-0.26243138,-15.360681
-2.0956411,-0.26144165,-15.360925
-2.0964746,-0.2604519,-15.361169
-2.0973082,-0.25946218,-15.361413
-2.0981417,-0.25847244,-15.361657
-2.0989752,-0.2574827,-15.361901
-2.0998087,-0.25649297,-15.362145
-2.1007,-0.25544068,-15.362406
-2.1016488,-0.25432584,-15.362682
-2.1025977,-0.253211,-15.362959
-2.103588,-0.25210282,-15.363274
-2.1045785,-0.25099465,-15.363588
-2.105569,-0.2498865,-15.363903
-2.1065593,-0.24877836,-15.364218
-2.1075497,-0.24767022,-15.364532
-2.10854,-0.24656208,-15.364847
-2.1095304,-0.24545394,-15.365162
-2.1105208,-0.2443458,-15.365477
-2.1115112,-0.24323766,-15.365791
-2.1125016,-0.24212952,-15.366106
-2.113492,-0.24102138,-15.366421
-2.1144824,-0.23991324,-15.366735
-2.1154728,-0.2388051,-15.36705
-2.1164632,-0.23769696,-15.367365
-2.1174536,-0.23658882,-15.36768
-2.118444,-0.23548068,-15.367994
-2.1194344,-0.23437254,-15.368309
-2.1204247,-0.2332644,-15.368624
-2.1214151,-0.23215626,-15.368938
-2.1224055,-0.23104812,-15.369253
-2.123396,-0.22993998,-15.369568
-2.1243863,-0.22883184,-15.369883
-2.1253767,-0.2277237,-15.370197
-2.126367,-0.22661556,-15.370512
-2.1273575,-0.22550742,-15.370827
-2.1283479,-0.22439928,-15.371141
-2.1293383,-0.22329114,-15.371456
-2.1303287,-0.222183,-15.371771
-2.131319,-0.22107486,-15.372086
-2.1323094,-0.21996672,-15.3724
-2.1332998,-0.21885858,-15.372715
-2.1342902,-0.21775045,-15.37303
-2.1352806,-0.2166423,-15.373344
-2.136271,-0.21553417,-15.373659
-2.1372614,-0.21442603,-15.373974
-2.1382518,-0.21331789,-15.374289
-2.1392422,-0.21220975,-15.374603
-2.1402326,-0.2111016,-15.374918
-2.141223,-0.20999347,-15.375233
-2.1422133,-0.20888533,-15.375547
-2.1432853,-0.20767474,-15.375885
-2.1444387,-0.20636171,-15.3762455
-2.1455922,-0.20504868,-15.376606
-2.1467457,-0.20373565,-15.376966
-2.1478992,-0.20242262,-15.377327
-2.1490526,-0.20110959,-15.377687
-2.150206,-0.19979656,-15.378048
-2.1513596,-0.19848353,-15.378408
-2.152527,-0.19715808,-15.378779
-2.1537087,-0.19582023,-15.379161
-2.1548903,-0.19448237,-15.379542
-2.156072,-0.19314452,-15.379924
-2.1572535,-0.19180666,-15.380305
-2.158435,-0.1904688,-15.380687
-2.1596167,-0.18913095,-15.381068
-2.1607983,-0.18779309,-15.38145
-2.16198,-0.18645523,-15.381831
-2.163089,-0.1852522,-15.382222
-2.1641982,-0.18404917,-15.382613
-2.1653073,-0.18284614,-15.383004
-2.1664164,-0.18164311,-15.383395
-2.1675255,-0.18044008,-15.383786
-2.1686347,-0.17923705,-15.384177
-2.1697438,-0.17803402,-15.384568
-2.170853,-0.17683099,-15.384959
-2.171962,-0.17562796,-15.38535
-2.1730711,-0.17442493,-15.385741
-2.1741803,-0.1732219,-15.386132
-2.1752894,-0.17201887,-15.386523
-2.1763985,-0.17081584,-15.386914
-2.1775076,-0.16961281,-15.387305
-2.1786168,-0.16840978,-15.387696
-2.179726,-0.16720675,-15.388087
-2.180835,-0.16600372,-15.388478
-2.1819441,-0.16480069,-15.388869
-2.1830533,-0.16359766,-15.38926
-2.1841624,-0.16239463,-15.389651
-2.1852715,-0.1611916,-15.390042
-2.1863806,-0.15998857,-15.390433
-2.1874897,-0.15878554,-15.390824
-2.1885989,-0.1575825,-15.391215
-2.189708,-0.15637948,-15.391606
-2.190817,-0.15517645,-15.391997
-2.1919262,-0.15397342,-15.392388
-2.1930354,-0.15277039,-15.392779
-2.1941445,-0.15156735,-15.39317
-2.1952536,-0.15036432,-15.393561
-2.1963627,-0.1491613,-15.393952
-2.1974719,-0.14795826,-15.394343
-2.198581,-0.14675523,-15.394734
-2.19969,-0.1455522,-15.395125
-2.2007992,-0.14434917,-15.395516
-2.2019083,-0.14314614,-15.395907
-2.2030175,-0.14194311,-15.396298
-2.2041266,-0.14074008,-15.396689
-2.2052357,-0.13953705,-15.39708
-2.2063448,-0.13833402,-15.397471
-2.207454,-0.13713099,-15.397862
-2.208563,-0.13592796,-15.398253
-2.2096722,-0.13472493,-15.398644
-2.2105782,-0.13372116,-15.398952
-2.2114842,-0.13271739,-15.399259
-2.2123902,-0.13171361,-15.399566
-2.2132962,-0.13070984,-15.399873
-2.2142022,-0.12970607,-15.40018
-2.2151082,-0.1287023,-15.400487
-2.2160141,-0.12769853,-15.400794
-2.2169201,-0.12669475,-15.401101
-2.2177708,-0.12575488,-15.401389
-2.2185662,-0.124878906,-15.401658
-2.2193615,-0.12400294,-15.401927
-2.220157,-0.123126976,-15.402196
-2.2209523,-0.12225101,-15.402465
-2.2217476,-0.12137505,-15.402734
-2.222543,-0.12049908,-15.403003
-2.2233384,-0.11962312,-15.403272
-2.2240472,-0.118834175,-15.403504
-2.2249806,-0.1177813,-15.403799
-2.225914,-0.11672842,-15.404094
-2.2268474,-0.11567554,-15.404388
-2.2277808,-0.11462266,-15.404683
-2.2287142,-0.11356978,-15.404978
-2.2296476,-0.1125169,-15.4052725
-2.230581,-0.11146402,-15.405567
-2.2315145,-0.110411145,-15.405862
-2.2324479,-0.109358266,-15.406157
-2.2333813,-0.10830539,-15.406451
-2.2343147,-0.10725251,-15.406746
-2.235248,-0.10619963,-15.407041
-2.2361815,-0.10514675,-15.407335
-2.237115,-0.10409387,-15.40763
-2.2380483,-0.10304099,-15.407925
-2.2389817,-0.101988114,-15.408219
-2.2399151,-0.100935236,-15.408514
-2.2408485,-0.09988236,-15.408809
-2.241782,-0.09882948,-15.409103
-2.2427154,-0.0977766,-15.409398
-2.2436488,-0.09672372,-15.409693
-2.2445822,-0.09567084,-15.409987
-2.2455156,-0.09461796,-15.410282
-2.246449,-0.093565084,-15.410577
-2.2473824,-0.092512205,-15.4108715
-2.2483158,-0.09145933,-15.411166
-2.2492492,-0.09040645,-15.411461
-2.249948,-0.08970505,-15.411733
-2.2506487,-0.08894643,-15.411972
-2.2514284,-0.08807173,-15.41222
-2.252208,-0.087197036,-15.412468
-2.2529876,-0.08632234,-15.412716
-2.2537673,-0.08544764,-15.412964
-2.2545469,-0.08457294,-15.413212
-2.2553265,-0.08369824,-15.41346
-2.2561061,-0.082823545,-15.413708
-2.2568858,-0.08194885,-15.413956
-2.2576654,-0.08107415,-15.414204
-2.2583506,-0.08038673,-15.414465
-2.2590563,-0.07970342,-15.414747
-2.259762,-0.07902011,-15.41503
-2.2604678,-0.078336805,-15.415312
-2.2611735,-0.0776535,-15.415594
-2.2618792,-0.07697019,-15.415876
-2.262585,-0.07628688,-15.416159
-2.2632906,-0.075603575,-15.416441
-2.2639964,-0.07492027,-15.416723
-2.264702,-0.07423696,-15.417006
-2.2654107,-0.073496,-15.417257
-2.266082,-0.072689906,-15.41744
-2.2667315,-0.07193832,-15.417635
-2.2674754,-0.07138328,-15.418047
-2.2682214,-0.07082896,-15.418453
-2.2690072,-0.07018663,-15.418737
-2.2697558,-0.069448054,-15.418947
-2.2705045,-0.06870948,-15.419157
-2.271253,-0.0679709,-15.419367
-2.2720017,-0.067232326,-15.419577
-2.2727504,-0.06649375,-15.419786
-2.273499,-0.06575517,-15.419996
-2.2742476,-0.0650166,-15.420206
-2.2749963,-0.06427802,-15.420416
-2.275777,-0.06361678,-15.420678
-2.276558,-0.06295554,-15.42094
-2.2773387,-0.06229431,-15.421203
-2.2781196,-0.06163309,-15.421465
-2.2790685,-0.06086838,-15.421797
-2.2800174,-0.060103666,-15.422129
-2.2809663,-0.059338953,-15.422461
-2.2819152,-0.05857424,-15.422792
-2.282864,-0.057809528,-15.423124
-2.283813,-0.057044815,-15.423456
-2.284762,-0.056280103,-15.423788
-2.2857108,-0.05551539,-15.42412
-2.2864873,-0.054895073,-15.424397
-2.2872963,-0.054251365,-15.424689
-2.2881052,-0.053607658,-15.424981
-2.2889142,-0.05296395,-15.425273
-2.2897232,-0.052320242,-15.425565
-2.290532,-0.051676534,-15.425857
-2.291341,-0.051032826,-15.426148
-2.29215,-0.05038912,-15.42644
-2.292959,-0.04974541,-15.426732
-2.293768,-0.049101703,-15.427024
-2.294577,-0.048457995,-15.427316
-2.2953858,-0.047814287,-15.427608
-2.2961948,-0.04717058,-15.427899
-2.2970037,-0.04652687,-15.428191
-2.2978127,-0.045883164,-15.428483
-2.2986217,-0.045239456,-15.428775
-2.2994306,-0.04459575,-15.429067
-2.3002396,-0.04395204,-15.4293585
-2.3010485,-0.043308333,-15.42965
-2.3018575,-0.042664625,-15.429942
-2.3026664,-0.042020917,-15.430234
-2.3034754,-0.04137721,-15.430526
-2.3042843,-0.0407335,-15.430818
-2.3050933,-0.040089794,-15.431109
-2.3059022,-0.039446086,-15.431401
-2.3067112,-0.038802378,-15.431693
-2.3075202,-0.03815867,-15.431985
-2.308329,-0.037514962,-15.432277
-2.309332,-0.036731277,-15.432649
-2.3103347,-0.03594759,-15.433021
-2.3113375,-0.035163905,-15.433393
-2.3123403,-0.03438022,-15.433764
-2.313343,-0.033596534,-15.434136
-2.3143458,-0.03281285,-15.434508
-2.3153625,-0.032061543,-15.434903
-2.316386,-0.031326428,-15.435309
-2.3174095,-0.030591318,-15.435716
-2.318433,-0.029856209,-15.436122
-2.3194566,-0.029121099,-15.436528
-2.32048,-0.02838599,-15.436934
-2.3215036,-0.02765088,-15.437341
-2.3225272,-0.02691577,-15.437747
-2.3235507,-0.02618066,-15.438153
-2.3245742,-0.02544555,-15.43856
-2.3255978,-0.024710441,-15.438966
-2.3266213,-0.023975331,-15.439372
-2.3276448,-0.023240222,-15.439778
-2.3286684,-0.022505112,-15.440185
-2.329692,-0.021770002,-15.440591
-2.3307154,-0.021034893,-15.440997
-2.331739,-0.020299783,-15.441403
-2.3327625,-0.019564673,-15.44181
-2.333786,-0.018829564,-15.442216
-2.3348095,-0.018094454,-15.442622
-2.335833,-0.017359344,-15.443028
-2.3368566,-0.016624235,-15.443435
-2.3378801,-0.015889125,-15.443841
-2.3389037,-0.015154015,-15.444247
-2.3399272,-0.014418906,-15.4446535
-2.3409507,-0.013683796,-15.44506
-2.3419743,-0.012948686,-15.445466
-2.3429978,-0.012213577,-15.445872
-2.3440213,-0.011478467,-15.446279
-2.344851,-0.010884324,-15.446605
-2.3456807,-0.010290181,-15.446931
-2.3465104,-0.009696038,-15.447257
-2.34734,-0.009101896,-15.447583
-2.3481698,-0.008507753,-15.447909
-2.349114,-0.0078331735,-15.448281
-2.3498962,-0.00727729,-15.448593
-2.3506787,-0.006722489,-15.448908
-2.3514612,-0.006167688,-15.449223
-2.3522437,-0.005612887,-15.449537
-2.3530262,-0.005058086,-15.449852
-2.3538086,-0.004503285,-15.450167
-2.3545911,-0.003948484,-15.450481
-2.3553736,-0.0033936817,-15.450796
-2.356156,-0.0028388794,-15.451111
-2.3569386,-0.002284077,-15.451426
-2.357721,-0.0017292746,-15.45174
-2.3585036,-0.0011744723,-15.452055
-2.359286,-6.196699E-4,-15.45237
-2.3600686,-6.486758E-5,-15.452684
-2.3609173,5.360118E-4,-15.453024
-2.3617013,0.0010906055,-15.453337
-2.362339,0.0018940005,-15.453431
-2.3631172,0.00244924,-15.453752
-2.3639135,0.0030163247,-15.454079
-2.3647125,0.00358396,-15.454395
-2.3654945,0.004140002,-15.4547
-2.366294,0.004707494,-15.455021
-2.3670778,0.0052633034,-15.455341
-2.3678617,0.005819113,-15.455662
-2.3687046,0.0063340575,-15.456041
-2.3694863,0.006889458,-15.456362
-2.3702748,0.007445013,-15.456677
-2.3710587,0.008001683,-15.456975
-2.3718426,0.008558353,-15.457273
-2.3726265,0.009115024,-15.45757
-2.373393,0.009764246,-15.457822
-2.3743448,0.01052723,-15.458154
-2.3752966,0.011290214,-15.458486
-2.3762484,0.012053198,-15.4588175
-2.3772001,0.012816182,-15.459149
-2.378152,0.0135791665,-15.459481
-2.3791037,0.014342151,-15.459813
-2.3800554,0.015105135,-15.460145
-2.3810072,0.01586812,-15.460477
-2.381959,0.016631104,-15.460809
-2.3829107,0.017394088,-15.461141
-2.3838625,0.018157072,-15.4614725
-2.3848143,0.018920057,-15.461804
-2.3857942,0.019766971,-15.462116
-2.3865361,0.02042314,-15.462345
-2.387278,0.02107931,-15.462574
-2.38802,0.021735478,-15.462803
-2.388762,0.022391647,-15.463032
-2.389504,0.023047816,-15.463261
-2.390246,0.023703985,-15.46349
-2.3909879,0.024360154,-15.463718
-2.3917298,0.025016323,-15.463947
-2.3924718,0.025672492,-15.464176
-2.3932137,0.02632866,-15.464405
-2.3939557,0.02698483,-15.464634
-2.3946977,0.027640998,-15.464863
-2.3954396,0.028297167,-15.465092
-2.3961816,0.028953336,-15.465321
-2.3969235,0.029609505,-15.465549
-2.3976655,0.030265674,-15.465778
-2.3984075,0.030921843,-15.466007
-2.3991494,0.03157801,-15.466236
-2.3998914,0.032234177,-15.466465
-2.4006333,0.032890342,-15.466694
-2.4013753,0.033546507,-15.466923
-2.4021173,0.034202673,-15.467152
-2.4028592,0.034858838,-15.467381
-2.4036012,0.035515003,-15.467609
-2.4043431,0.036171168,-15.467838
-2.405085,0.036827333,-15.468067
-2.405827,0.0374835,-15.468296
-2.406569,0.038139664,-15.468525
-2.407311,0.03879583,-15.468754
-2.408053,0.039451994,-15.468983
-2.4087949,0.04010816,-15.469212
-2.4095368,0.040764324,-15.46944
-2.4102788,0.04142049,-15.469669
-2.4110208,0.042076655,-15.469898
-2.4117627,0.04273282,-15.470127
-2.4125047,0.043388985,-15.470356
-2.4132466,0.04404515,-15.470585
-2.4139886,0.044701315,-15.470814
-2.4147305,0.04535748,-15.471043
-2.4154725,0.046013646,-15.4712715
-2.4162145,0.04666981,-15.4715
-2.4169564,0.047325976,-15.471729
-2.4178052,0.048080493,-15.471991
-2.4187608,0.04893336,-15.472284
-2.4197164,0.04978623,-15.472578
-2.420672,0.050639097,-15.472872
-2.4216275,0.051491965,-15.4731655
-2.422583,0.052344833,-15.473459
-2.4235387,0.0531977,-15.473753
-2.4244943,0.05405057,-15.474047
-2.4254498,0.054903436,-15.47434
-2.4264054,0.055756304,-15.474634
-2.427361,0.056609172,-15.474928
-2.4286208,0.057643432,-15.475359
-2.4298806,0.058677692,-15.47579
-2.4311404,0.05971195,-15.476221
-2.4324002,0.06074621,-15.476652
-2.43366,0.06178047,-15.477083
-2.4349198,0.06281473,-15.477514
-2.4361796,0.06384899,-15.477945
-2.4374394,0.06488325,-15.478376
-2.4386992,0.06591751,-15.478807
-2.439959,0.06695177,-15.4792385
-2.4412189,0.06798603,-15.47967
-2.4424787,0.069020286,-15.480101
-2.4437385,0.070054546,-15.480532
-2.4449983,0.071088806,-15.480963
-2.446258,0.072123066,-15.481394
-2.4475179,0.073157325,-15.481825
-2.4487777,0.074191585,-15.482256
-2.4500375,0.075225845,-15.482687
-2.4512973,0.076260105,-15.483118
-2.452557,0.077294365,-15.483549
-2.453817,0.078328624,-15.48398
-2.4550767,0.079362884,-15.484411
-2.4563365,0.080397144,-15.484842
-2.4575963,0.081431404,-15.485273
-2.458856,0.08246566,-15.485704
-2.460116,0.08349992,-15.4861355
-2.4613757,0.08453418,-15.486567
-2.4626355,0.08556844,-15.486998
-2.4638953,0.0866027,-15.487429
-2.4651551,0.08763696,-15.48786
-2.466415,0.08867122,-15.488291
-2.4676747,0.08970548,-15.488722
-2.4689345,0.09073974,-15.489153
-2.4701943,0.091774,-15.489584
-2.4714541,0.09280826,-15.490015
-2.472714,0.09384252,-15.490446
-2.4739738,0.09487678,-15.490877
-2.4752336,0.09591104,-15.491308
-2.4764934,0.0969453,-15.491739
-2.4777532,0.09797956,-15.49217
-2.479046,0.09903677,-15.492614
-2.4803722,0.10011692,-15.49307
-2.4816983,0.10119708,-15.4935255
-2.4830244,0.102277234,-15.493981
-2.4843504,0.10335739,-15.494437
-2.4856765,0.104437545,-15.494893
-2.4870026,0.1055177,-15.495349
-2.4883287,0.106597856,-15.495805
-2.4896548,0.10767801,-15.496261
-2.490916,0.10871077,-15.496692
-2.4921124,0.10969614,-15.497098
-2.493342,0.110704124,-15.497518
-2.4946046,0.11173472,-15.497951
-2.4958673,0.11276531,-15.4983835
-2.49713,0.11379591,-15.4988165
-2.4983926,0.1148265,-15.499249
-2.4996552,0.115857095,-15.499682
-2.500918,0.11688769,-15.500115
-2.5021806,0.11791828,-15.500548
-2.5034432,0.11894888,-15.500981
-2.504706,0.11997947,-15.501414
-2.5059686,0.121010065,-15.501847
-2.5072312,0.12204066,-15.50228
-2.508494,0.12307125,-15.502713
-2.5097566,0.12410185,-15.503146
-2.5110192,0.12513244,-15.503579
-2.512282,0.12616304,-15.504012
-2.5135446,0.12719363,-15.504445
-2.5148072,0.12822422,-15.504878
-2.51607,0.12925482,-15.505311
-2.5173326,0.13028541,-15.505744
-2.5185952,0.131316,-15.506177
-2.519858,0.1323466,-15.50661
-2.5211205,0.1333772,-15.507043
-2.5223832,0.13440779,-15.507476
-2.5236459,0.13543838,-15.507909
-2.5249085,0.13646898,-15.508342
-2.5261712,0.13749957,-15.508775
-2.5274339,0.13853016,-15.509208
-2.5286965,0.13956076,-15.509641
-2.5299592,0.14059135,-15.510074
-2.5312219,0.14162195,-15.510507
-2.5324845,0.14265254,-15.51094
-2.5337472,0.14368314,-15.511373
-2.5350099,0.14471373,-15.511806
-2.5362725,0.14574432,-15.5122385
-2.5375352,0.14677492,-15.512671
-2.5387979,0.14780551,-15.513104
-2.5400605,0.1488361,-15.513537
-2.5413232,0.1498667,-15.51397
-2.5425858,0.1508973,-15.514403
-2.543765,0.15182438,-15.514823
-2.5449443,0.15275148,-15.515243
-2.5461235,0.15367857,-15.515662
-2.5473027,0.15460566,-15.516082
-2.548482,0.15553275,-15.516501
-2.5496612,0.15645984,-15.516921
-2.5507436,0.15731487,-15.517304
-2.551826,0.1581699,-15.517688
-2.5529084,0.15902492,-15.518071
-2.5539908,0.15987995,-15.518455
-2.5550733,0.16073498,-15.518838
-2.5561557,0.16159001,-15.519221
-2.557238,0.16244504,-15.519605
-2.5582461,0.16322517,-15.519969
-2.5591798,0.16393042,-15.520314
-2.5601134,0.16463566,-15.520659
-2.561047,0.1653409,-15.521005
-2.5619807,0.16604614,-15.52135
-2.5629144,0.16675138,-15.521695
-2.563848,0.16745663,-15.52204
-2.5647817,0.16816187,-15.522386
-2.5657153,0.16886711,-15.522731
-2.566649,0.16957235,-15.523076
-2.5675826,0.1702776,-15.523421
-2.5685163,0.17098284,-15.5237665
-2.56945,0.17168808,-15.524112
-2.5703835,0.17239332,-15.524457
-2.5713172,0.17309856,-15.524802
-2.5722508,0.1738038,-15.525147
-2.5731845,0.17450905,-15.525493
-2.5741181,0.17521429,-15.525838
-2.5750518,0.17591953,-15.526183
-2.5759854,0.17662477,-15.526528
-2.576919,0.17733002,-15.526874
-2.5778527,0.17803526,-15.527219
-2.5787864,0.1787405,-15.527564
-2.57972,0.17944574,-15.527909
-2.5806537,0.18015099,-15.5282545
-2.5814762,0.1808187,-15.528537
-2.5822988,0.18148643,-15.528819
-2.5831213,0.18215415,-15.529101
-2.5839438,0.18282187,-15.529384
-2.5847664,0.18348959,-15.529666
-2.585589,0.18415731,-15.529948
-2.5864115,0.18482503,-15.5302305
-2.587234,0.18549275,-15.530513
-2.5880566,0.18616048,-15.530795
-2.588879,0.1868282,-15.531077
-2.5897017,0.18749592,-15.53136
-2.5905242,0.18816364,-15.531642
-2.5913467,0.18883136,-15.531924
-2.5921693,0.18949908,-15.532207
-2.5929918,0.1901668,-15.532489
-2.5940754,0.19102077,-15.532872
-2.595084,0.19180094,-15.533236
-2.5960925,0.1925811,-15.533599
-2.597101,0.19336127,-15.533962
-2.5981095,0.19414143,-15.534326
-2.599118,0.1949216,-15.534689
-2.6001265,0.19570176,-15.535052
-2.601135,0.19648193,-15.535416
-2.6021435,0.1972621,-15.535779
-2.603152,0.19804226,-15.536142
-2.6041605,0.19882242,-15.536506
-2.605169,0.19960259,-15.536869
-2.6061776,0.20038275,-15.537232
-2.607186,0.20116292,-15.537596
-2.6081946,0.20194308,-15.537959
-2.609203,0.20272325,-15.538322
-2.6102116,0.20350341,-15.538686
-2.611165,0.20426412,-15.539017
-2.6120083,0.2049859,-15.539283
-2.6128516,0.20570768,-15.539549
-2.613695,0.20642947,-15.539815
-2.6145382,0.20715125,-15.540081
-2.6153815,0.20787303,-15.540347
-2.6162248,0.20859481,-15.540613
-2.617068,0.2093166,-15.540879
-2.6179113,0.21003838,-15.541145
-2.6187546,0.21076016,-15.541411
-2.619598,0.21148194,-15.541677
-2.6205478,0.21225652,-15.541992
-2.6214395,0.2129685,-15.542294
-2.6223311,0.21368048,-15.542595
-2.6232228,0.21439245,-15.542896
-2.6241145,0.21510443,-15.543198
-2.6250062,0.21581641,-15.543499
-2.625898,0.21652839,-15.5438
-2.6267896,0.21724036,-15.544102
-2.6276813,0.21795234,-15.544403
-2.628573,0.21866432,-15.544704
-2.6294646,0.2193763,-15.545006
-2.6303563,0.22008827,-15.545307
-2.631248,0.22080025,-15.5456085
-2.6321397,0.22151223,-15.54591
-2.6330314,0.2222242,-15.546211
-2.633923,0.22293618,-15.546513
-2.6348147,0.22364816,-15.546814
-2.6357064,0.22436014,-15.547115
-2.636598,0.22507212,-15.547417
-2.6374898,0.2257841,-15.547718
-2.6383495,0.22647265,-15.548006
-2.6391773,0.22713777,-15.548281
-2.640005,0.2278029,-15.548555
-2.640833,0.22846803,-15.54883
-2.6416154,0.22914132,-15.549065
-2.6423526,0.22982278,-15.549259
-2.6430898,0.23050424,-15.549454
-2.643827,0.2311857,-15.549648
-2.6445642,0.23186716,-15.549843
-2.6453013,0.23254862,-15.550037
-2.6460385,0.23323008,-15.550232
-2.6467757,0.23391154,-15.5504265
-2.647513,0.234593,-15.550621
-2.64825,0.2352744,-15.5508175
-2.6489873,0.23595574,-15.551016
-2.6497245,0.23663709,-15.551214
-2.6504617,0.23731843,-15.551413
-2.6511989,0.23799977,-15.551611
-2.651936,0.23868111,-15.551809
-2.6526732,0.23936245,-15.552008
-2.6534104,0.24004379,-15.552206
-2.6541476,0.24072513,-15.552404
-2.6548848,0.24140647,-15.552603
-2.655622,0.24208781,-15.552801
-2.6563592,0.24276915,-15.5529995
-2.6570964,0.2434505,-15.553198
-2.6578336,0.24413183,-15.553396
-2.6585708,0.24481317,-15.553595
-2.659308,0.24549451,-15.553793
-2.6600451,0.24617586,-15.553991
-2.6607823,0.2468572,-15.55419
-2.6615195,0.24753854,-15.554388
-2.6622567,0.24821988,-15.554586
-2.6629775,0.24888963,-15.554778
-2.6638167,0.24968334,-15.554993
-2.664656,0.2504771,-15.555207
-2.665479,0.251259,-15.555416
-2.666237,0.25199333,-15.555602
-2.6669953,0.25272766,-15.555788
-2.6677535,0.253462,-15.555974
-2.668566,0.25427255,-15.556163
-2.6693785,0.2550831,-15.556352
-2.670191,0.25589368,-15.5565405
-2.6710036,0.25670424,-15.556729
-2.671816,0.2575148,-15.556918
-2.6726286,0.25832537,-15.557107
-2.6734412,0.25913593,-15.557296
-2.6742537,0.2599465,-15.557485
-2.6750662,0.26075706,-15.557673
-2.6758788,0.26156762,-15.557862
-2.6766913,0.2623782,-15.558051
-2.6775038,0.26318875,-15.55824
-2.6783164,0.2639993,-15.558429
-2.6790936,0.26474315,-15.558622
-2.679784,0.26554638,-15.558722
-2.6804745,0.2663496,-15.558821
-2.681165,0.26715285,-15.55892
-2.6818454,0.2679287,-15.559025
-2.6826084,0.26865885,-15.559206
-2.6833713,0.269389,-15.559387
-2.6841342,0.27011916,-15.559568
-2.6848972,0.27084932,-15.55975
-2.6856601,0.27157947,-15.559931
-2.686423,0.27230963,-15.560112
-2.687186,0.2730398,-15.560293
-2.687949,0.27376994,-15.560474
-2.6886928,0.2744449,-15.560665
-2.6894367,0.27511987,-15.560856
-2.690129,0.27592167,-15.560947
-2.6908214,0.27672347,-15.561039
-2.6915138,0.27752528,-15.561131
-2.6922061,0.27832708,-15.561222
-2.6929653,0.27917442,-15.56134
-2.693688,0.2799557,-15.561467
-2.6944106,0.28073695,-15.561594
-2.6951332,0.28151822,-15.561721
-2.6958559,0.2822995,-15.561848
-2.6965785,0.28308076,-15.561975
-2.6973011,0.28386202,-15.562101
-2.6980238,0.2846433,-15.562228
-2.6987464,0.28542456,-15.562355
-2.699469,0.28620583,-15.562482
-2.7001917,0.2869871,-15.562609
-2.7009308,0.2877798,-15.562741
-2.701649,0.28851813,-15.562884
-2.702367,0.28925645,-15.563027
-2.7031145,0.29007676,-15.563156
-2.7038913,0.29097906,-15.563271
-2.704668,0.29188135,-15.563385
-2.705407,0.29261515,-15.563557
-2.7061687,0.2933444,-15.563747
-2.7069304,0.29407367,-15.563938
-2.7076921,0.29480293,-15.564129
-2.708454,0.2955322,-15.56432
-2.7092156,0.29626146,-15.56451
-2.7099774,0.29699072,-15.564701
-2.7107391,0.29772,-15.564892
-2.711501,0.29844925,-15.565083
-2.7122626,0.2991785,-15.565273
-2.7130244,0.29990777,-15.565464
-2.7137861,0.30063704,-15.565655
-2.7145479,0.3013663,-15.5658455
-2.7153096,0.30209556,-15.566036
-2.7160714,0.30282483,-15.566227
-2.716833,0.3035541,-15.566418
-2.7175488,0.30429223,-15.566574
-2.7183094,0.3050203,-15.566774
-2.71907,0.30574837,-15.566975
-2.7198305,0.30647644,-15.567175
-2.7205005,0.30722252,-15.5673065
-2.721191,0.30802312,-15.567429
-2.7218814,0.30882373,-15.567551
-2.7225718,0.30962434,-15.567673
-2.7232623,0.31042495,-15.567795
-2.7240458,0.3109846,-15.568103
-2.723192,0.31075823,-15.567616
-2.722391,0.31023824,-15.567296
-2.7215898,0.30971825,-15.566976
-2.7207887,0.30919826,-15.566655
-2.7199304,0.3088413,-15.566211
-2.7190435,0.30856502,-15.565704
-2.718208,0.3081417,-15.56531
-2.717407,0.30762053,-15.564989
-2.716606,0.30709934,-15.564669
-2.7158048,0.30657816,-15.564348
-2.7150037,0.30605698,-15.564028
-2.714163,0.30558985,-15.563651
-2.713362,0.30506843,-15.563331
-2.712561,0.304547,-15.56301
-2.7117598,0.3040256,-15.56269
-2.7109587,0.30350417,-15.562369
-2.7101083,0.3031292,-15.561937
-2.7092533,0.3030092,-15.561371
-2.7084036,0.30281314,-15.560847
-2.7076025,0.302291,-15.560527
-2.7067888,0.30175748,-15.560184
-2.7059617,0.30121374,-15.559832
-2.7051682,0.30069208,-15.559496
-2.7043748,0.30017042,-15.55916
-2.7035813,0.29964876,-15.558825
-2.7027879,0.2991271,-15.558489
-2.7019258,0.29880214,-15.558004
-2.7011085,0.29834676,-15.557615
-2.700313,0.29782605,-15.557272
-2.6995177,0.29730535,-15.556929
-2.6987224,0.29678464,-15.556585
-2.697927,0.29626393,-15.556242
-2.6971316,0.29574323,-15.555899
-2.6963363,0.29522252,-15.555555
-2.695486,0.29486424,-15.555098
-2.6946578,0.2944408,-15.554686
-2.6938295,0.29389814,-15.554329
-2.693036,0.2933779,-15.553993
-2.6922426,0.29285768,-15.553658
-2.6914492,0.29233745,-15.553322
-2.6906557,0.29181722,-15.552986
-2.689818,0.2913079,-15.552612
-2.6889567,0.29098317,-15.552132
-2.6881504,0.29049632,-15.551765
-2.687355,0.28997704,-15.551422
-2.6865435,0.28944704,-15.551073
-2.68575,0.28892824,-15.550737
-2.6849566,0.28840944,-15.550402
-2.684163,0.28789064,-15.550066
-2.6833696,0.28737184,-15.54973
-2.6825762,0.28685305,-15.549393
-2.681734,0.28630206,-15.549027
-2.6809416,0.2857835,-15.548684
-2.680099,0.28523257,-15.548318
-2.6792717,0.28469256,-15.5479555
-2.6784444,0.28415254,-15.547593
-2.677639,0.28360704,-15.547251
-2.6769094,0.2828932,-15.547056
-2.67618,0.2821794,-15.546862
-2.6754503,0.28146556,-15.546667
-2.6747208,0.28075173,-15.546473
-2.6739976,0.28008157,-15.546257
-2.6732252,0.27937913,-15.546019
-2.6724527,0.2786767,-15.54578
-2.6716802,0.27797425,-15.545542
-2.6709077,0.2772718,-15.545303
-2.6701353,0.27656937,-15.545065
-2.6693628,0.27586693,-15.5448265
-2.6685903,0.27516448,-15.544588
-2.6678178,0.27446204,-15.544343
-2.6670566,0.27378675,-15.54409
-2.666264,0.27326962,-15.5437355
-2.6655188,0.27260605,-15.543492
-2.6647892,0.27189365,-15.543286
-2.6640596,0.27118126,-15.54308
-2.66333,0.27046886,-15.542874
-2.6626005,0.26975647,-15.542668
-2.661871,0.26904407,-15.542462
-2.6611414,0.26833168,-15.542256
-2.6605177,0.26753226,-15.542172
-2.659904,0.26670024,-15.5421095
-2.6591809,0.2660321,-15.541883
-2.6583912,0.26551664,-15.5415325
-2.6576016,0.26500118,-15.541182
-2.656812,0.26448572,-15.540831
-2.6560223,0.26397026,-15.54048
-2.6552727,0.26332438,-15.540228
-2.6545632,0.2625481,-15.540075
-2.6538537,0.2617718,-15.539923
-2.6531441,0.2609955,-15.53977
-2.6524346,0.26021922,-15.539618
-2.651725,0.25944293,-15.539465
-2.6510534,0.2586719,-15.539336
-2.6503818,0.25790155,-15.539202
-2.6496522,0.25719202,-15.538996
-2.6489227,0.25648248,-15.53879
-2.6481931,0.25577295,-15.538584
-2.6474636,0.2550634,-15.538378
-2.646734,0.25435388,-15.538172
-2.6460044,0.25364435,-15.537966
-2.6452773,0.25285938,-15.537801
-2.644625,0.25208503,-15.537689
-2.6438582,0.25135577,-15.537466
-2.643086,0.25064304,-15.5372305
-2.6424315,0.24987006,-15.537119
-2.641777,0.24909718,-15.537007
-2.6411226,0.2483243,-15.536896
-2.6404681,0.24755143,-15.536784
-2.6398137,0.24677855,-15.536673
-2.6391592,0.24600567,-15.536561
-2.6385047,0.24523279,-15.536449
-2.6378503,0.24445991,-15.536338
-2.6371725,0.24363326,-15.536237
-2.6365535,0.24280632,-15.536184
-2.6358283,0.24206722,-15.536003
-2.635093,0.24136075,-15.535797
-2.6343577,0.24065444,-15.535591
-2.6336224,0.23994812,-15.535385
-2.6328871,0.23924181,-15.535179
-2.6321518,0.2385355,-15.534973
-2.6314166,0.23782918,-15.534767
-2.6306813,0.23712286,-15.534561
-2.6299849,0.2364217,-15.534384
-2.6292698,0.23565087,-15.534231
-2.6285527,0.2348803,-15.534079
-2.6279054,0.23407683,-15.533998
-2.627348,0.2331756,-15.534038
-2.6267905,0.23227438,-15.534078
-2.626233,0.23137316,-15.534118
-2.6256757,0.23047194,-15.534158
-2.6251183,0.22957072,-15.534198
-2.6244323,0.22876303,-15.534088
-2.6236942,0.22805868,-15.533882
-2.622956,0.22735433,-15.533676
-2.622371,0.22653526,-15.533653
-2.6218102,0.22563508,-15.533693
-2.6212494,0.2247349,-15.533733
-2.6206887,0.22383472,-15.533773
-2.620128,0.22293454,-15.533813
-2.6195672,0.22203436,-15.533854
-2.6189606,0.22122194,-15.533811
-2.6183999,0.22032301,-15.533851
-2.617839,0.21942408,-15.533891
-2.617264,0.2185738,-15.533894
-2.6165469,0.21780585,-15.533741
-2.6158297,0.2170379,-15.533588
-2.6151125,0.21626996,-15.533436
-2.6143954,0.21550201,-15.533283
-2.6136782,0.21473409,-15.533131
-2.612994,0.2139876,-15.532991
-2.6123698,0.21316554,-15.532928
-2.6117456,0.21234368,-15.532866
-2.6111214,0.21152182,-15.532803
-2.6104972,0.21069996,-15.53274
-2.609987,0.20981859,-15.532802
-2.6094315,0.2089491,-15.532837
-2.608802,0.20812888,-15.532795
-2.6081727,0.20730866,-15.532753
-2.6075313,0.20646174,-15.532716
-2.6069233,0.20563649,-15.532676
-2.606294,0.20481692,-15.532613
-2.6057625,0.20392635,-15.532676
-2.605353,0.2030182,-15.532854
-2.6049438,0.20211005,-15.533032
-2.6045344,0.2012019,-15.533211
-2.604125,0.20029375,-15.533389
-2.603607,0.1994303,-15.533442
-2.6030157,0.19861647,-15.533406
-2.6025279,0.19769895,-15.533513
-2.6021144,0.19679105,-15.533675
-2.601701,0.19588315,-15.533837
-2.6012876,0.19497526,-15.533999
-2.6008413,0.19404644,-15.534146
-2.6002948,0.19320625,-15.534163
-2.5997026,0.19239464,-15.534128
-2.5990732,0.19157836,-15.534065
-2.5984437,0.19076207,-15.534002
-2.5978174,0.18992992,-15.533952
-2.5974,0.18902531,-15.534114
-2.5969825,0.18812071,-15.534276
-2.596482,0.18723911,-15.534358
-2.5957572,0.18647975,-15.53419
-2.5950325,0.18572038,-15.534022
-2.5943077,0.18496102,-15.5338545
-2.5935829,0.18420166,-15.533687
-2.5929115,0.18345745,-15.533554
-2.592334,0.18256687,-15.533581
-2.5917566,0.18167643,-15.5336075
-2.5911791,0.18078606,-15.533634
-2.5906017,0.17989568,-15.533661
-2.5900242,0.17900531,-15.533688
-2.5894468,0.17811494,-15.533714
-2.5888653,0.17724074,-15.533729
-2.5881445,0.17646599,-15.533573
-2.5875015,0.17561023,-15.533527
-2.5868669,0.17479722,-15.533464
-2.5862322,0.17398421,-15.5334015
-2.5855975,0.1731712,-15.533339
-2.5849628,0.1723582,-15.533276
-2.5843282,0.1715452,-15.533213
-2.5836935,0.17073219,-15.53315
-2.5830588,0.16991936,-15.533087
-2.58242,0.16912283,-15.5330105
-2.581683,0.16841412,-15.532795
-2.5810456,0.16760324,-15.532732
-2.5804083,0.16679236,-15.532669
-2.579771,0.16598149,-15.532606
-2.5791337,0.16517061,-15.532543
-2.5784965,0.16435973,-15.53248
-2.5778592,0.16354886,-15.532417
-2.5772219,0.16273807,-15.532354
-2.5765846,0.16192752,-15.532291
-2.575889,0.16119294,-15.532125
-2.5751605,0.16043763,-15.531942
-2.574432,0.15968297,-15.531759
-2.5737033,0.15892862,-15.531576
-2.5729747,0.15817426,-15.531393
-2.572246,0.1574199,-15.53121
-2.5715175,0.15666555,-15.531027
-2.5707889,0.15591216,-15.530856
-2.5701406,0.15512106,-15.530781
-2.5694954,0.1543146,-15.530718
-2.5688503,0.15350816,-15.530655
-2.568205,0.1527017,-15.530592
-2.5676036,0.15186849,-15.530578
-2.566917,0.1511653,-15.530392
-2.5661273,0.15067106,-15.52998
-2.5654206,0.14995976,-15.529806
-2.564631,0.14946897,-15.5294075
-2.5638413,0.14897902,-15.5289955
-2.5631413,0.14823745,-15.528828
-2.5624313,0.14754535,-15.52862
-2.5616417,0.14705826,-15.528208
-2.560852,0.14657117,-15.527796
-2.560069,0.14605202,-15.5274105
-2.5593493,0.14531943,-15.527221
-2.558613,0.14457676,-15.527022
-2.5578825,0.14390911,-15.526779
-2.5571358,0.1432314,-15.526527
-2.556389,0.1425537,-15.526276
-2.5556424,0.141876,-15.526024
-2.5548956,0.14119829,-15.525772
-2.554149,0.14052059,-15.52552
-2.553421,0.13983692,-15.5252905
-2.5527146,0.1391313,-15.525096
-2.5519679,0.1384543,-15.524844
-2.5512211,0.13777731,-15.524592
-2.5504744,0.13710032,-15.524341
-2.5497277,0.13642333,-15.524089
-2.548981,0.13574634,-15.523837
-2.5482342,0.13506936,-15.523585
-2.5474658,0.13450596,-15.52324
-2.5466418,0.1339456,-15.522842
-2.545855,0.13328339,-15.522547
-2.5450683,0.1326215,-15.522244
-2.5442815,0.13195974,-15.521939
-2.5434947,0.13129798,-15.521634
-2.542708,0.13063622,-15.521329
-2.5419211,0.12997445,-15.521024
-2.5411344,0.1293127,-15.520719
-2.5403476,0.12865093,-15.520413
-2.5395608,0.12798917,-15.520108
-2.5387914,0.1273378,-15.519812
-2.5380447,0.12666403,-15.519548
-2.537298,0.12599026,-15.519285
-2.5365622,0.12535848,-15.518999
-2.5357778,0.12469657,-15.518684
-2.5349934,0.12403466,-15.51837
-2.534279,0.123380765,-15.518119
-2.5335429,0.12264262,-15.517905
-2.5328066,0.12190448,-15.517692
-2.5320704,0.12116657,-15.517478
-2.5313342,0.120428905,-15.517264
-2.530598,0.11969124,-15.517051
-2.5298617,0.11895357,-15.516837
-2.5291255,0.1182159,-15.5166235
-2.5283897,0.11758466,-15.516344
-2.528024,0.11669668,-15.516649
-2.5280583,0.11592456,-15.51729
-2.5280926,0.11515186,-15.517931
-2.528127,0.11437867,-15.518572
