-4.353146,-3.9870694,-15.010968
-4.0077333,-4.704981,-16.033361
-4.0072355,-4.705353,-16.03256
-4.0067577,-4.7059603,-16.031906
-4.006269,-4.70658,-16.031239
-4.00578,-4.7072,-16.030571
-4.0052915,-4.70782,-16.029903
-4.0048027,-4.70844,-16.029236
-4.004314,-4.7090597,-16.028568
-4.003854,-4.709708,-16.027948
-4.003381,-4.710311,-16.027277
-4.0029078,-4.7109137,-16.026606
-4.002488,-4.711776,-16.026148
-4.0020685,-4.712638,-16.02569
-4.001649,-4.7135,-16.025232
-4.0012293,-4.714362,-16.024775
-4.000841,-4.7152495,-16.024378
-4.0004063,-4.716045,-16.023874
-3.9999714,-4.7168403,-16.02337
-3.9995365,-4.7176356,-16.022867
-3.9991016,-4.718431,-16.022364
-3.9986668,-4.7192264,-16.02186
-3.9982433,-4.7200885,-16.021402
-3.9978027,-4.720884,-16.020899
-3.9973621,-4.721679,-16.020395
-3.9969215,-4.7224746,-16.019892
-3.996481,-4.72327,-16.019388
-3.9960403,-4.7240653,-16.018885
-3.9955997,-4.7248607,-16.018381
-3.9951591,-4.725656,-16.017878
-3.9947374,-4.7264724,-16.01741
-3.994314,-4.7273345,-16.016953
-3.9938905,-4.7281966,-16.016495
-3.993467,-4.7290587,-16.016037
-3.9930415,-4.729921,-16.01558
-3.992602,-4.7307286,-16.015087
-3.9921587,-4.7315183,-16.014584
-3.991682,-4.732329,-16.014029
-3.9912124,-4.733111,-16.013475
-3.9907427,-4.733893,-16.012922
-3.990273,-4.734675,-16.01237
-3.9898033,-4.735457,-16.011816
-3.9893336,-4.736239,-16.011263
-3.988898,-4.737,-16.010761
-3.988464,-4.737822,-16.01027
-3.9880202,-4.7386565,-16.009762
-3.9875762,-4.739491,-16.009254
-3.9871387,-4.740297,-16.008749
-3.986683,-4.7410216,-16.008184
-3.986227,-4.7417464,-16.00762
-3.9857712,-4.742471,-16.007055
-3.9853153,-4.743196,-16.00649
-3.9848595,-4.743921,-16.005926
-3.9844036,-4.7446456,-16.005362
-3.9839478,-4.7453704,-16.004797
-3.9834785,-4.7461524,-16.004229
-3.983043,-4.7469273,-16.003727
-3.9825966,-4.747714,-16.003212
-3.9821503,-4.748501,-16.002697
-3.981704,-4.7492876,-16.002182
-3.9812243,-4.750158,-16.001635
-3.9807754,-4.7509923,-16.001127
-3.9803264,-4.751827,-16.00062
-3.9798775,-4.752661,-16.000113
-3.9794285,-4.7534957,-15.999611
-3.9789796,-4.75433,-15.99911
-3.9785306,-4.7551646,-15.99861
-3.9780817,-4.755999,-15.998109
-3.9776328,-4.7568336,-15.997608
-3.977183,-4.7576666,-15.9971075
-3.9767325,-4.7584977,-15.996607
-3.9762776,-4.759374,-15.996117
-3.9757884,-4.7603326,-15.995596
-3.9752991,-4.761291,-15.995075
-3.97481,-4.7622495,-15.9945545
-3.9743207,-4.763208,-15.994034
-3.9738808,-4.7640414,-15.993558
-3.973403,-4.76494,-15.993039
-3.9729252,-4.765838,-15.99252
-3.9724474,-4.7667365,-15.992002
-3.9719696,-4.767635,-15.991483
-3.9714918,-4.768533,-15.990964
-3.971014,-4.7694316,-15.990445
-3.9705362,-4.77033,-15.989926
-3.9700584,-4.7712283,-15.989408
-3.9695807,-4.7721267,-15.988889
-3.9691029,-4.773025,-15.98837
-3.968625,-4.7739234,-15.987851
-3.9681473,-4.7748218,-15.987332
-3.9676695,-4.77572,-15.986814
-3.9671917,-4.7766185,-15.986295
-3.966714,-4.777517,-15.985776
-3.9661918,-4.7783995,-15.985177
-3.9656549,-4.779277,-15.984551
-3.965118,-4.780154,-15.983926
-3.964669,-4.7809525,-15.983422
-3.964197,-4.781821,-15.982902
-3.9637249,-4.782689,-15.982381
-3.9632528,-4.7835574,-15.98186
-3.96276,-4.7844496,-15.981311
-3.9622257,-4.7853894,-15.980704
-3.9616914,-4.7863293,-15.980098
-3.961157,-4.787269,-15.979491
-3.9606228,-4.788209,-15.978885
-3.9600885,-4.789149,-15.978278
-3.9595542,-4.7900887,-15.977672
-3.95902,-4.7910285,-15.977065
-3.9584856,-4.7919683,-15.976459
-3.9579513,-4.792908,-15.975852
-3.957417,-4.793848,-15.975245
-3.9568827,-4.794788,-15.974639
-3.9563484,-4.7957277,-15.974032
-3.9558141,-4.7966676,-15.973426
-3.9552798,-4.7976074,-15.972819
-3.9547455,-4.7985473,-15.972213
-3.9542112,-4.799487,-15.971606
-3.953677,-4.800427,-15.971
-3.9531426,-4.801367,-15.970393
-3.9526083,-4.8023067,-15.969787
-3.952074,-4.8032465,-15.96918
-3.9515283,-4.804198,-15.96856
-3.9509597,-4.805172,-15.967914
-3.9503567,-4.8061805,-15.967227
-3.9497538,-4.807189,-15.96654
-3.9491508,-4.8081975,-15.965854
-3.9485478,-4.809206,-15.965167
-3.9479449,-4.8102145,-15.96448
-3.947342,-4.811223,-15.963794
-3.946739,-4.8122315,-15.963107
-3.946136,-4.81324,-15.96242
-3.945533,-4.8142486,-15.961734
-3.94493,-4.815257,-15.961047
-3.944327,-4.8162656,-15.960361
-3.9437242,-4.817274,-15.959674
-3.9430935,-4.8183346,-15.958957
-3.9426363,-4.819111,-15.958438
-3.942179,-4.819887,-15.957919
-3.9417217,-4.8206635,-15.9574
-3.9412644,-4.8214397,-15.9568815
-3.940807,-4.822216,-15.956363
-3.9403498,-4.8229923,-15.955844
-3.9398925,-4.8237686,-15.955325
-3.9394352,-4.824545,-15.954806
-3.938978,-4.825321,-15.954288
-3.9385207,-4.8260975,-15.953769
-3.9380634,-4.826874,-15.95325
-3.937606,-4.82765,-15.952731
-3.9371488,-4.8284264,-15.952212
-3.9366915,-4.8292027,-15.951694
-3.9362342,-4.829979,-15.951175
-3.935777,-4.830755,-15.950656
-3.9353197,-4.8315315,-15.950137
-3.9348624,-4.832308,-15.949618
-3.934405,-4.833084,-15.9491
-3.9339478,-4.8338604,-15.948581
-3.9334905,-4.8346367,-15.948062
-3.9330332,-4.835413,-15.947543
-3.932576,-4.8361893,-15.947024
-3.9321187,-4.8369656,-15.946506
-3.9316614,-4.837742,-15.945987
-3.931204,-4.838518,-15.945468
-3.9307468,-4.8392944,-15.944949
-3.9302895,-4.8400707,-15.94443
-3.9298322,-4.840847,-15.943912
-3.929375,-4.8416233,-15.943393
-3.9289176,-4.8423996,-15.942874
-3.9282625,-4.843527,-15.942136
-3.9276073,-4.844654,-15.941398
-3.9269521,-4.8457813,-15.9406595
-3.926297,-4.8469086,-15.939921
-3.9256418,-4.848036,-15.939183
-3.9251733,-4.8488226,-15.938648
-3.924673,-4.8496447,-15.93807
-3.9241729,-4.8504667,-15.937492
-3.9236727,-4.851289,-15.936914
-3.9231725,-4.852111,-15.9363365
-3.9226723,-4.852933,-15.935759
-3.922172,-4.853755,-15.935181
-3.9216719,-4.854577,-15.934603
-3.9211717,-4.855399,-15.934025
-3.9206715,-4.856221,-15.933447
-3.9201713,-4.8570433,-15.932869
-3.919671,-4.8578653,-15.932291
-3.9191709,-4.8586874,-15.931713
-3.9186707,-4.8595095,-15.931135
-3.9181705,-4.8603315,-15.930557
-3.9176702,-4.8611536,-15.929979
-3.91717,-4.8619757,-15.929401
-3.9166698,-4.8627977,-15.928823
-3.9161696,-4.86362,-15.928246
-3.9156694,-4.864442,-15.927668
-3.9151692,-4.865264,-15.92709
-3.914669,-4.866086,-15.926512
-3.9141688,-4.866908,-15.925934
-3.9136686,-4.86773,-15.925356
-3.9131684,-4.868552,-15.924778
-3.9126682,-4.8693743,-15.9242
-3.912168,-4.8701963,-15.923622
-3.9116678,-4.8710184,-15.923044
-3.9111676,-4.8718405,-15.922466
-3.9106674,-4.8726625,-15.921888
-3.9101672,-4.8734846,-15.92131
-3.909667,-4.8743067,-15.9207325
-3.9091456,-4.8751516,-15.920127
-3.908603,-4.8760195,-15.919494
-3.9080603,-4.8768873,-15.91886
-3.9075177,-4.877755,-15.918227
-3.906975,-4.878623,-15.917594
-3.9064324,-4.879491,-15.916961
-3.9058897,-4.8803587,-15.916327
-3.9053333,-4.8812847,-15.91569
-3.9048002,-4.882141,-15.9150715
-3.9042904,-4.882928,-15.914471
-3.9037807,-4.8837147,-15.91387
-3.903271,-4.8845015,-15.913269
-3.9027612,-4.8852882,-15.912668
-3.9022515,-4.886075,-15.912067
-3.9017417,-4.886862,-15.911467
-3.901232,-4.8876486,-15.910866
-3.9007223,-4.8884354,-15.910265
-3.9002125,-4.889222,-15.909664
-3.8997028,-4.890009,-15.909063
-3.899193,-4.8907957,-15.908463
-3.8986833,-4.8915825,-15.907862
-3.8981736,-4.8923693,-15.907261
-3.8976638,-4.893156,-15.90666
-3.897154,-4.893943,-15.906059
-3.8966444,-4.8947296,-15.905458
-3.8961346,-4.8955164,-15.904858
-3.8956249,-4.896303,-15.904257
-3.8951151,-4.89709,-15.903656
-3.8946054,-4.8978767,-15.903055
-3.8940957,-4.8986635,-15.902454
-3.893586,-4.8994503,-15.901854
-3.8930762,-4.900237,-15.901253
-3.8925664,-4.901024,-15.900652
-3.8920567,-4.9018106,-15.900051
-3.891547,-4.9025974,-15.89945
-3.8910372,-4.903384,-15.8988495
-3.8905275,-4.904171,-15.898249
-3.8900177,-4.904958,-15.897648
-3.889508,-4.9057446,-15.897047
-3.8889983,-4.9065313,-15.896446
-3.8884566,-4.9073544,-15.895805
-3.887883,-4.9082136,-15.895124
-3.8873093,-4.909073,-15.8944435
-3.8867357,-4.909932,-15.893763
-3.886162,-4.9107914,-15.893082
-3.8855884,-4.9116507,-15.892401
-3.8850148,-4.91251,-15.89172
-3.8844626,-4.9133472,-15.891069
-3.8839104,-4.9141846,-15.890419
-3.8833582,-4.915022,-15.889769
-3.882806,-4.915859,-15.889118
-3.882254,-4.9166965,-15.888468
-3.8817017,-4.917534,-15.887817
-3.8811557,-4.918342,-15.887169
-3.880616,-4.9191213,-15.886522
-3.8800762,-4.9199004,-15.885876
-3.8795364,-4.9206796,-15.885229
-3.8789966,-4.9214587,-15.8845825
-3.8784568,-4.922238,-15.883936
-3.877917,-4.923017,-15.883289
-3.8773773,-4.923796,-15.882643
-3.8768375,-4.9245753,-15.881996
-3.8762977,-4.9253545,-15.88135
-3.875758,-4.9261336,-15.880703
-3.8752182,-4.926913,-15.880056
-3.8746784,-4.927692,-15.87941
-3.8741386,-4.928471,-15.878763
-3.8735988,-4.9292502,-15.878117
-3.873059,-4.9300294,-15.87747
-3.8725193,-4.9308085,-15.876823
-3.8719795,-4.9315877,-15.876177
-3.8714397,-4.932367,-15.87553
-3.8709,-4.933146,-15.874884
-3.8703601,-4.933925,-15.874237
-3.8698204,-4.9347043,-15.87359
-3.8692806,-4.9354835,-15.872944
-3.8687408,-4.9362626,-15.872297
-3.868201,-4.9370418,-15.871651
-3.8676612,-4.937821,-15.871004
-3.8671215,-4.9386,-15.8703575
-3.8665817,-4.939379,-15.869711
-3.866042,-4.9401584,-15.869064
-3.865502,-4.9409375,-15.868418
-3.8649623,-4.9417167,-15.867771
-3.8644226,-4.942496,-15.867125
-3.8639457,-4.9432044,-15.866562
-3.863469,-4.943913,-15.865999
-3.862992,-4.9446216,-15.865437
-3.8625152,-4.94533,-15.864874
-3.8620384,-4.9460387,-15.864311
-3.8615615,-4.9467473,-15.863749
-3.8608592,-4.947753,-15.86291
-3.8601632,-4.94873,-15.862075
-3.8594673,-4.949707,-15.861239
-3.8587713,-4.950684,-15.860404
-3.8580754,-4.951661,-15.859569
-3.8574216,-4.9525905,-15.858788
-3.8568523,-4.9534245,-15.858115
-3.856283,-4.9542584,-15.857443
-3.8557136,-4.9550924,-15.8567705
-3.8551443,-4.9559264,-15.856098
-3.854575,-4.9567604,-15.855426
-3.8540056,-4.9575944,-15.8547535
-3.8534362,-4.9584284,-15.854081
-3.852867,-4.9592624,-15.853409
-3.8522975,-4.9600964,-15.852736
-3.8517282,-4.9609303,-15.852064
-3.8511589,-4.9617643,-15.851392
-3.8505895,-4.9625983,-15.850719
-3.8500202,-4.9634323,-15.850047
-3.8494508,-4.9642663,-15.849375
-3.8488815,-4.9651003,-15.848702
-3.8483121,-4.9659343,-15.84803
-3.8477428,-4.9667683,-15.847358
-3.8471735,-4.9676023,-15.846685
-3.846604,-4.9684362,-15.846013
-3.8460348,-4.96927,-15.845341
-3.8454654,-4.970104,-15.844668
-3.8449457,-4.9708652,-15.844058
-3.844426,-4.9716263,-15.843448
-3.8439062,-4.9723873,-15.842837
-3.843397,-4.9729652,-15.842185
-3.8428876,-4.973543,-15.841533
-3.8423784,-4.974121,-15.84088
-3.841869,-4.974699,-15.840228
-3.8413572,-4.9754324,-15.839617
-3.8408685,-4.976205,-15.839054
-3.8403797,-4.9769773,-15.838491
-3.839891,-4.97775,-15.837929
-3.8394022,-4.9785223,-15.837366
-3.8389134,-4.979295,-15.836803
-3.838435,-4.9799905,-15.836236
-3.837921,-4.9805746,-15.835582
-3.837394,-4.9811707,-15.834914
-3.8368635,-4.9817667,-15.834247
-3.8363495,-4.982339,-15.833606
-3.8358374,-4.982917,-15.832965
-3.835328,-4.9835005,-15.832324
-3.8348188,-4.984084,-15.831683
-3.8342888,-4.984691,-15.831012
-3.8337781,-4.9852676,-15.830362
-3.8332632,-4.98584,-15.829721
-3.832688,-4.986212,-15.828943
-3.8321059,-4.986369,-15.828104
-3.8315237,-4.9865265,-15.827265
-3.830962,-4.986989,-15.826544
-3.8304331,-4.9875793,-15.825903
-3.8299053,-4.9881716,-15.825268
-3.8293695,-4.9887624,-15.82465
-3.8288305,-4.9893575,-15.824037
-3.8282897,-4.9899526,-15.82343
-3.827749,-4.9905477,-15.822824
-3.827208,-4.9911437,-15.822218
-3.8266664,-4.9917426,-15.821615
-3.8261247,-4.9923415,-15.8210125
-3.825583,-4.9929404,-15.82041
-3.8250413,-4.9935393,-15.819807
-3.8244996,-4.9941382,-15.819204
-3.823958,-4.994737,-15.818602
-3.823348,-4.995413,-15.817925
-3.822806,-4.9960136,-15.817325
-3.8222637,-4.9966145,-15.816724
-3.8217216,-4.9972153,-15.816123
-3.8211794,-4.997816,-15.815522
-3.8206372,-4.998417,-15.814921
-3.8200889,-4.9990473,-15.814321
-3.8195095,-4.9998255,-15.81372
-3.8189301,-5.0006037,-15.813119
-3.8183508,-5.001382,-15.812518
-3.8177714,-5.00216,-15.811917
-3.817192,-5.0029383,-15.8113165
-3.8166127,-5.0037165,-15.810716
-3.8160334,-5.0044947,-15.810115
-3.815454,-5.005273,-15.809514
-3.8148746,-5.006051,-15.808913
-3.8142953,-5.0068293,-15.808312
-3.8137667,-5.0075283,-15.807762
-3.8131695,-5.008303,-15.8071375
-3.8125722,-5.009078,-15.806513
-3.8120477,-5.0097494,-15.805967
-3.8115232,-5.010421,-15.805422
-3.8109987,-5.011092,-15.804876
-3.8104727,-5.011765,-15.804334
-3.8099463,-5.0124383,-15.803792
-3.8094199,-5.0131116,-15.80325
-3.8088934,-5.013785,-15.802709
-3.808367,-5.014458,-15.802167
-3.8078406,-5.0151315,-15.801625
-3.8073142,-5.015805,-15.801084
-3.8067877,-5.016478,-15.800542
-3.8062613,-5.0171514,-15.8
-3.8057349,-5.0178246,-15.7994585
-3.8052084,-5.018498,-15.798917
-3.804682,-5.019171,-15.798375
-3.8041556,-5.0198445,-15.797833
-3.8036292,-5.020518,-15.797292
-3.8031027,-5.021191,-15.79675
-3.8025763,-5.0218644,-15.796208
-3.8020155,-5.022578,-15.795632
-3.8014708,-5.023298,-15.795084
-3.800926,-5.024018,-15.794536
-3.8003812,-5.024738,-15.793987
-3.7998364,-5.025458,-15.793439
-3.7992916,-5.026178,-15.792891
-3.798724,-5.026833,-15.792296
-3.7981505,-5.027472,-15.791691
-3.7975771,-5.028111,-15.791085
-3.7970037,-5.02875,-15.79048
-3.7964303,-5.029389,-15.789874
-3.795857,-5.030028,-15.7892685
-3.7952836,-5.030667,-15.788663
-3.7947102,-5.031306,-15.788057
-3.7941368,-5.0319448,-15.787452
-3.7935634,-5.0325837,-15.786846
-3.79299,-5.0332227,-15.786241
-3.7924166,-5.0338616,-15.785635
-3.7918255,-5.034542,-15.785017
-3.7912962,-5.035219,-15.784483
-3.790767,-5.0358963,-15.783949
-3.7902377,-5.0365734,-15.783415
-3.7897012,-5.0372343,-15.782871
-3.7891648,-5.037895,-15.782328
-3.7886283,-5.038556,-15.781784
-3.788092,-5.039217,-15.78124
-3.7875555,-5.039878,-15.780697
-3.787019,-5.040539,-15.780153
-3.7864826,-5.0411997,-15.77961
-3.7859461,-5.0418606,-15.779066
-3.7854097,-5.0425215,-15.7785225
-3.784815,-5.0432467,-15.77792
-3.784104,-5.0441008,-15.777199
-3.7833931,-5.044955,-15.776478
-3.7826822,-5.045809,-15.775757
-3.7819712,-5.046663,-15.775036
-3.7812603,-5.047517,-15.774315
-3.7805493,-5.048371,-15.773594
-3.7798383,-5.049225,-15.772873
-3.7791274,-5.050079,-15.772152
-3.7784164,-5.050933,-15.771431
-3.7777054,-5.051787,-15.77071
-3.7769945,-5.052641,-15.769989
-3.7762835,-5.053495,-15.769268
-3.7755725,-5.054349,-15.768547
-3.7748616,-5.055203,-15.767826
-3.7741506,-5.056057,-15.767105
-3.7734575,-5.056916,-15.766409
-3.7728002,-5.057786,-15.765762
-3.772143,-5.0586557,-15.765116
-3.7714856,-5.0595255,-15.764469
-3.7708173,-5.0604095,-15.763812
-3.770127,-5.061322,-15.763134
-3.7694368,-5.062235,-15.762456
-3.7687466,-5.0631475,-15.761778
-3.7681022,-5.0640106,-15.761151
-3.7674806,-5.064849,-15.7605505
-3.766859,-5.065687,-15.75995
-3.7662375,-5.0665255,-15.759349
-3.765616,-5.0673637,-15.758748
-3.7649944,-5.068202,-15.758147
-3.7643728,-5.0690403,-15.757546
-3.7637513,-5.0698786,-15.756946
-3.7631297,-5.070717,-15.756345
-3.7625082,-5.071555,-15.755744
-3.7618866,-5.0723934,-15.755143
-3.761265,-5.0732317,-15.754542
-3.7606435,-5.07407,-15.753942
-3.760022,-5.0749083,-15.753341
-3.7594004,-5.0757465,-15.75274
-3.7587788,-5.076585,-15.752139
-3.7581573,-5.077423,-15.751538
-3.7575357,-5.0782614,-15.750937
-3.7569141,-5.0790997,-15.750337
-3.756344,-5.079858,-15.749784
-3.7557516,-5.0806465,-15.749213
-3.7552056,-5.081383,-15.748689
-3.7546597,-5.08212,-15.748164
-3.7541137,-5.0828567,-15.74764
-3.7535677,-5.0835934,-15.747115
-3.752993,-5.084256,-15.746533
-3.7524185,-5.084919,-15.745952
-3.751844,-5.085582,-15.74537
-3.7512693,-5.0862446,-15.744788
-3.7506948,-5.0869074,-15.744206
-3.7501855,-5.087655,-15.743737
-3.7498856,-5.08862,-15.743627
-3.749313,-5.089298,-15.743113
-3.7487524,-5.0899615,-15.742609
-3.7481916,-5.0906253,-15.7421055
-3.7476342,-5.0913796,-15.741631
-3.747108,-5.0921693,-15.741203
-3.7465339,-5.0928535,-15.740689
-3.7459598,-5.093538,-15.740175
-3.7453856,-5.094222,-15.739661
-3.7448583,-5.095013,-15.739241
-3.744331,-5.095804,-15.73882
-3.7438035,-5.0965953,-15.7383995
-3.7432761,-5.0973864,-15.737979
-3.7427487,-5.0981774,-15.737558
-3.7422214,-5.0989685,-15.737138
-3.741694,-5.0997596,-15.736717
-3.7411666,-5.1005507,-15.736297
-3.7406456,-5.101358,-15.735896
-3.7401013,-5.1021943,-15.735476
-3.739574,-5.1029887,-15.735062
-3.7390027,-5.103722,-15.734571
-3.738442,-5.1043973,-15.734076
-3.7378812,-5.1050725,-15.73358
-3.7373204,-5.1057477,-15.733084
-3.7367597,-5.106423,-15.732588
-3.736199,-5.107098,-15.732092
-3.7356381,-5.1077733,-15.731596
-3.735112,-5.1085258,-15.731167
-3.7346065,-5.109327,-15.730778
-3.734101,-5.110128,-15.730389
-3.7335505,-5.110913,-15.729943
-3.732964,-5.1116233,-15.729438
-3.7323775,-5.112334,-15.728932
-3.731791,-5.1130443,-15.728427
-3.7312045,-5.1137547,-15.7279215
-3.730618,-5.114465,-15.727416
-3.7300754,-5.1151943,-15.726971
-3.7295117,-5.115881,-15.72649
-3.728948,-5.1165676,-15.726009
-3.728426,-5.117343,-15.725609
-3.7279453,-5.118207,-15.725288
-3.7274647,-5.119071,-15.724968
-3.726984,-5.119935,-15.7246475
-3.7265034,-5.120799,-15.724327
-3.7260013,-5.1216187,-15.723967
-3.725492,-5.1224236,-15.723593
-3.7250147,-5.123335,-15.723292
-3.7245374,-5.124246,-15.722992
-3.72406,-5.1251574,-15.722692
-3.7235827,-5.1260686,-15.722391
-3.7231054,-5.12698,-15.722091
-3.722628,-5.127891,-15.72179
-3.7221508,-5.1288023,-15.72149
-3.7216735,-5.1297135,-15.7211895
-3.7211213,-5.1306663,-15.720818
-3.7206016,-5.1315317,-15.72046
-3.7200096,-5.132483,-15.720042
-3.7194784,-5.133406,-15.719691
-3.7189472,-5.1343293,-15.71934
-3.718416,-5.1352525,-15.718989
-3.7178848,-5.1361756,-15.718638
-3.7173536,-5.137099,-15.718287
-3.7168224,-5.138022,-15.7179365
-3.7162912,-5.138945,-15.717586
-3.71576,-5.1398683,-15.717235
-3.7152288,-5.1407914,-15.716884
-3.7146976,-5.1417146,-15.716533
-3.7141664,-5.1426377,-15.716182
-3.7136352,-5.143561,-15.715831
-3.713104,-5.144484,-15.71548
-3.7125728,-5.145407,-15.715129
-3.7119792,-5.146359,-15.714715
-3.711323,-5.1473393,-15.714238
-3.710667,-5.1483197,-15.713761
-3.710117,-5.1491704,-15.713373
-3.7095385,-5.150079,-15.71297
-3.7089598,-5.150987,-15.712566
-3.7083812,-5.1518955,-15.712163
-3.707826,-5.1527753,-15.711779
-3.7072823,-5.1536407,-15.711404
-3.7067387,-5.154506,-15.711029
-3.706195,-5.1553717,-15.710654
-3.7056515,-5.156237,-15.710279
-3.705108,-5.1571026,-15.709905
-3.7045643,-5.157968,-15.70953
-3.7040207,-5.1588335,-15.709155
-3.7034771,-5.159699,-15.70878
-3.7029335,-5.1605644,-15.7084055
-3.70239,-5.16143,-15.708031
-3.7018464,-5.1622953,-15.707656
-3.7013028,-5.163161,-15.707281
-3.7007592,-5.1640263,-15.706906
-3.7002156,-5.1648917,-15.706532
-3.699672,-5.165757,-15.706157
-3.6991284,-5.1666226,-15.705782
-3.6985848,-5.167488,-15.705407
-3.6980412,-5.1683536,-15.705032
-3.6974733,-5.1692486,-15.70464
-3.6968932,-5.1701584,-15.70424
-3.6963131,-5.171068,-15.703839
-3.695733,-5.171978,-15.703439
-3.6951768,-5.172859,-15.703059
-3.6946325,-5.173726,-15.70269
-3.6940882,-5.174593,-15.702321
-3.693544,-5.17546,-15.701952
-3.6929996,-5.1763268,-15.701583
-3.6924553,-5.1771936,-15.701214
-3.691911,-5.1780605,-15.700845
-3.6913667,-5.1789274,-15.700476
-3.6908216,-5.1797943,-15.700107
-3.6902766,-5.180661,-15.699738
-3.6897316,-5.181528,-15.6993685
-3.6891866,-5.182395,-15.698999
-3.6886415,-5.183262,-15.69863
-3.6880965,-5.1841288,-15.698261
-3.6875515,-5.1849957,-15.697892
-3.6870065,-5.1858625,-15.697523
-3.6864614,-5.1867294,-15.697154
-3.6859164,-5.1875963,-15.696785
-3.6853714,-5.188463,-15.696416
-3.6848264,-5.18933,-15.696047
-3.6842813,-5.190197,-15.695678
-3.6837363,-5.191064,-15.695309
-3.6831913,-5.191931,-15.69494
-3.6826463,-5.1927977,-15.694571
-3.6821012,-5.1936646,-15.694201
-3.6815562,-5.1945314,-15.693832
-3.6810112,-5.1953983,-15.693463
-3.6803808,-5.196365,-15.6930275
-3.6798449,-5.19729,-15.692692
-3.679309,-5.198215,-15.692356
-3.678773,-5.19914,-15.69202
-3.678237,-5.200065,-15.691685
-3.677701,-5.20099,-15.691349
-3.6771498,-5.2018867,-15.690989
-3.6765833,-5.2027545,-15.690603
-3.6760168,-5.2036223,-15.690218
-3.6754503,-5.20449,-15.689833
-3.6748838,-5.205358,-15.689447
-3.6743174,-5.206226,-15.689062
-3.6737652,-5.2070065,-15.688665
-3.6732178,-5.207758,-15.688265
-3.6726704,-5.2085094,-15.687864
-3.672123,-5.209261,-15.687464
-3.6715755,-5.2100124,-15.687063
-3.6710281,-5.210764,-15.686663
-3.6704807,-5.2115154,-15.686262
-3.6699333,-5.212267,-15.685862
-3.669386,-5.2130184,-15.685461
-3.6687412,-5.2139587,-15.685006
-3.668156,-5.2149005,-15.68462
-3.6675706,-5.2158422,-15.684234
-3.6669853,-5.216784,-15.683847
-3.6664,-5.2177258,-15.683461
-3.6658146,-5.2186675,-15.683075
-3.6652293,-5.2196093,-15.682689
-3.664644,-5.220551,-15.682302
-3.6640587,-5.221493,-15.681916
-3.6634734,-5.2224345,-15.68153
-3.662888,-5.2233763,-15.681144
-3.6623027,-5.224318,-15.6807575
-3.6616793,-5.2251883,-15.680309
-3.6610558,-5.2260585,-15.679861
-3.6605077,-5.2268863,-15.679485
-3.659943,-5.227758,-15.679104
-3.6593785,-5.2286296,-15.678722
-3.6587195,-5.2295427,-15.678244
-3.658029,-5.2304697,-15.677732
-3.6573386,-5.2313967,-15.677221
-3.6566482,-5.2323236,-15.67671
-3.6559577,-5.2332506,-15.676199
-3.6552672,-5.2341776,-15.675688
-3.6545768,-5.2351046,-15.675177
-3.6538863,-5.2360315,-15.674665
-3.6531959,-5.2369585,-15.674154
-3.6525054,-5.2378855,-15.673643
-3.651815,-5.2388124,-15.673132
-3.6511245,-5.2397394,-15.672621
-3.650434,-5.2406664,-15.67211
-3.6497436,-5.2415934,-15.671598
-3.6490488,-5.24255,-15.671091
-3.6484811,-5.243377,-15.670692
-3.6478395,-5.2442913,-15.67024
-3.647198,-5.2452054,-15.669788
-3.6465564,-5.2461195,-15.669336
-3.6459148,-5.2470336,-15.668884
-3.6452732,-5.2479477,-15.668432
-3.6446316,-5.248862,-15.66798
-3.64399,-5.249776,-15.667528
-3.643382,-5.2506456,-15.667108
-3.642774,-5.2515154,-15.666687
-3.6421661,-5.252385,-15.666266
-3.6415582,-5.253255,-15.665846
-3.6409502,-5.2541246,-15.665425
-3.6403422,-5.2549944,-15.665005
-3.6397343,-5.255864,-15.664584
-3.6391263,-5.256734,-15.664164
-3.6385183,-5.2576036,-15.663743
-3.6379104,-5.2584734,-15.663322
-3.6373024,-5.259343,-15.662902
-3.6366944,-5.260213,-15.662481
-3.6360865,-5.2610826,-15.662061
-3.6354785,-5.2619524,-15.66164
-3.6348705,-5.262822,-15.66122
-3.6342626,-5.263692,-15.660799
-3.6336546,-5.2645617,-15.660378
-3.6330466,-5.2654314,-15.659958
-3.6324387,-5.266301,-15.659537
-3.6318216,-5.26723,-15.659126
-3.6312,-5.2681885,-15.65872
-3.6305785,-5.269147,-15.658314
-3.629957,-5.2701054,-15.6579075
-3.6293354,-5.271064,-15.657501
-3.6287267,-5.2719364,-15.657086
-3.628118,-5.272809,-15.656672
-3.6275094,-5.2736816,-15.656257
-3.6269007,-5.2745543,-15.655842
-3.626292,-5.275427,-15.655427
-3.6256833,-5.2762995,-15.655012
-3.6250746,-5.277172,-15.654597
-3.624466,-5.2780447,-15.654182
-3.6238573,-5.2789173,-15.653768
-3.6232486,-5.27979,-15.653353
-3.62264,-5.2806625,-15.652938
-3.6220312,-5.281535,-15.652523
-3.6214225,-5.2824078,-15.652108
-3.6208138,-5.2832804,-15.651693
-3.6202052,-5.284153,-15.6512785
-3.6195965,-5.2850256,-15.650864
-3.6189878,-5.285898,-15.650449
-3.618379,-5.286771,-15.650034
-3.6177704,-5.2876434,-15.649619
-3.6172104,-5.288459,-15.649242
-3.6166747,-5.2892456,-15.648885
-3.616139,-5.2900324,-15.648527
-3.6156032,-5.290819,-15.6481695
-3.615053,-5.2915783,-15.647788
-3.6145027,-5.2923374,-15.647407
-3.6139524,-5.2930965,-15.647025
-3.6133862,-5.2939,-15.646639
-3.61282,-5.2947035,-15.646253
-3.6122537,-5.295507,-15.645866
-3.6116874,-5.2963104,-15.64548
-3.6111212,-5.297114,-15.645094
-3.610555,-5.2979174,-15.644708
-3.6099887,-5.298721,-15.644321
-3.6094224,-5.2995243,-15.643935
-3.6088562,-5.300328,-15.643549
-3.60829,-5.3011312,-15.643163
-3.6077237,-5.3019347,-15.6427765
-3.607105,-5.302827,-15.64236
-3.6065714,-5.3036165,-15.642005
-3.6060379,-5.304406,-15.64165
-3.6055043,-5.305196,-15.641295
-3.6049387,-5.306073,-15.640933
-3.6044142,-5.3069506,-15.640618
-3.6038897,-5.307828,-15.640304
-3.6033652,-5.3087053,-15.639989
-3.6028407,-5.3095827,-15.639674
-3.6023161,-5.31046,-15.639359
-3.6017444,-5.3112516,-15.638965
-3.6011813,-5.311986,-15.63856
-3.6006978,-5.312867,-15.638286
-3.6002142,-5.3137484,-15.638011
-3.5997307,-5.3146296,-15.637736
-3.5992472,-5.3155107,-15.637462
-3.5987322,-5.3163347,-15.637134
-3.5982065,-5.3171697,-15.636802
-3.5976844,-5.318047,-15.636487
-3.5971622,-5.3189244,-15.636172
-3.59664,-5.319802,-15.635858
-3.596118,-5.320679,-15.635543
-3.5955958,-5.3215566,-15.635228
-3.5950637,-5.322346,-15.634873
-3.5945034,-5.3231945,-15.634505
-3.5939193,-5.324146,-15.634143
-3.5933352,-5.325097,-15.6337805
-3.592751,-5.3260484,-15.633418
-3.592167,-5.3269997,-15.633056
-3.5916514,-5.327821,-15.632731
-3.5910878,-5.328702,-15.632373
-3.5905242,-5.329583,-15.632014
-3.5899606,-5.3304644,-15.631656
-3.589397,-5.3313456,-15.631297
-3.5888333,-5.3322268,-15.630939
-3.5882697,-5.333108,-15.63058
-3.587706,-5.333989,-15.630221
-3.5871425,-5.3348703,-15.629863
-3.5865788,-5.3357515,-15.629504
-3.5860152,-5.3366327,-15.629146
-3.5854516,-5.337514,-15.628787
-3.584888,-5.338395,-15.628428
-3.5843244,-5.3392763,-15.62807
-3.5837607,-5.3401575,-15.627711
-3.5831485,-5.341098,-15.627318
-3.5825362,-5.342038,-15.626925
-3.5819,-5.343008,-15.626515
-3.5813684,-5.343802,-15.626169
-3.580837,-5.344596,-15.625823
-3.5803056,-5.34539,-15.625477
-3.5797698,-5.3462133,-15.625135
-3.5792255,-5.347096,-15.624804
-3.5786812,-5.3479786,-15.624472
-3.578137,-5.348861,-15.62414
-3.5775926,-5.349744,-15.623808
-3.5770483,-5.3506265,-15.623476
-3.576504,-5.351509,-15.623144
-3.5759597,-5.3523917,-15.622812
-3.5754154,-5.3532743,-15.62248
-3.574871,-5.354157,-15.6221485
-3.5743268,-5.3550396,-15.621817
-3.5737824,-5.355922,-15.621485
-3.5732381,-5.356805,-15.621153
-3.5726938,-5.3576875,-15.620821
-3.5721495,-5.35857,-15.620489
-3.5716052,-5.3594527,-15.620157
-3.571061,-5.3603354,-15.619825
-3.5705166,-5.361218,-15.6194935
-3.5699723,-5.3621006,-15.619162
-3.5694036,-5.3630123,-15.618813
-3.5687904,-5.3639536,-15.618425
-3.5681853,-5.3648376,-15.618031
-3.5675802,-5.3657217,-15.617636
-3.566975,-5.3666058,-15.617241
-3.56637,-5.36749,-15.616846
-3.565765,-5.368374,-15.616451
-3.5651598,-5.369258,-15.616056
-3.5645547,-5.370142,-15.615662
-3.56391,-5.371174,-15.615269
-3.5632455,-5.3722796,-15.614877
-3.562581,-5.3733854,-15.614485
-3.5619166,-5.374491,-15.614093
-3.561252,-5.375597,-15.613701
-3.5605876,-5.376703,-15.613309
-3.5599232,-5.3778086,-15.612917
-3.5592587,-5.3789144,-15.612525
-3.5585942,-5.38002,-15.612133
-3.5579298,-5.381126,-15.611741
-3.5572653,-5.3822317,-15.611349
-3.5566008,-5.3833375,-15.610957
-3.5559363,-5.3844433,-15.610565
-3.5552719,-5.385549,-15.610173
-3.5546074,-5.386655,-15.609781
-3.553943,-5.3877606,-15.609389
-3.5532784,-5.3888664,-15.608997
-3.552614,-5.389972,-15.608605
-3.5519495,-5.391078,-15.608213
-3.551277,-5.39217,-15.60781
-3.5505877,-5.3932343,-15.607384
-3.5498981,-5.3942986,-15.606957
-3.5492086,-5.395363,-15.606531
-3.5485191,-5.396427,-15.606105
-3.5478296,-5.3974915,-15.605679
-3.5471401,-5.3985558,-15.605252
-3.5464506,-5.39962,-15.604826
-3.545761,-5.4006844,-15.6044
-3.5450716,-5.4017487,-15.603973
-3.544382,-5.402813,-15.603547
-3.5436926,-5.4038773,-15.603121
-3.543003,-5.4049416,-15.6026945
-3.5424588,-5.4058285,-15.602374
-3.5419145,-5.4067154,-15.602054
-3.5413702,-5.4076023,-15.601733
-3.5408258,-5.408489,-15.601413
-3.5402815,-5.409376,-15.601092
-3.5397372,-5.410263,-15.600772
-3.539193,-5.41115,-15.600451
-3.5386486,-5.412037,-15.600131
-3.5381043,-5.412924,-15.599811
-3.53756,-5.4138107,-15.59949
-3.5370157,-5.4146976,-15.59917
-3.5364714,-5.4155846,-15.598849
-3.535927,-5.4164715,-15.598529
-3.5353827,-5.4173584,-15.598208
-3.5348384,-5.4182453,-15.597888
-3.5342941,-5.419132,-15.597568
-3.5337498,-5.420019,-15.597247
-3.5332055,-5.420906,-15.596927
-3.5326612,-5.421793,-15.596606
-3.5319839,-5.4227715,-15.596171
-3.5313065,-5.42375,-15.5957365
-3.5306292,-5.4247284,-15.595302
-3.5299518,-5.425707,-15.594867
-3.5292745,-5.4266853,-15.594432
-3.5286958,-5.427618,-15.594089
-3.5281172,-5.4285507,-15.593745
-3.5275385,-5.4294834,-15.593402
-3.52696,-5.430416,-15.593059
-3.5263813,-5.431349,-15.592715
-3.5258026,-5.4322815,-15.592372
-3.525224,-5.433214,-15.592029
-3.5246453,-5.434147,-15.591685
-3.5240667,-5.4350796,-15.591342
-3.523488,-5.4360123,-15.590999
-3.5229094,-5.436945,-15.590655
-3.5223308,-5.4378777,-15.590312
-3.521752,-5.4388103,-15.589969
-3.5211735,-5.439743,-15.589625
-3.5205948,-5.4406757,-15.589282
-3.5200162,-5.4416084,-15.588939
-3.5194376,-5.442541,-15.588595
-3.518859,-5.443474,-15.588252
-3.5182803,-5.4444065,-15.587909
-3.5177016,-5.44534,-15.587567
-3.517123,-5.4462743,-15.587227
-3.5165443,-5.4472084,-15.586886
-3.5159657,-5.4481425,-15.586546
-3.5154343,-5.448945,-15.58622
-3.514892,-5.4498363,-15.585908
-3.51435,-5.4507275,-15.585596
-3.5138078,-5.4516187,-15.585284
-3.5132656,-5.45251,-15.584972
-3.5127234,-5.453401,-15.584661
-3.5121813,-5.4542923,-15.584349
-3.511639,-5.4551835,-15.584037
-3.511097,-5.4560747,-15.583725
-3.5105548,-5.456966,-15.583413
-3.5100126,-5.457857,-15.583101
-3.5094705,-5.4587483,-15.582789
-3.5089283,-5.4596395,-15.582478
-3.5083861,-5.4605308,-15.582166
-3.507844,-5.461422,-15.581854
-3.5073018,-5.462313,-15.581542
-3.5067596,-5.4632044,-15.58123
-3.5062175,-5.4640956,-15.580918
-3.5056753,-5.464987,-15.580606
-3.5051332,-5.465878,-15.580295
-3.5046017,-5.466682,-15.579971
-3.5040703,-5.467486,-15.579648
-3.5035388,-5.46829,-15.579325
-3.5030074,-5.469094,-15.579001
-3.5023484,-5.4701066,-15.578605
-3.5016894,-5.4711194,-15.578208
-3.5010304,-5.472132,-15.577811
-3.5003715,-5.473145,-15.5774145
-3.4997125,-5.474158,-15.577018
-3.4990544,-5.4751716,-15.576621
-3.4983974,-5.4761863,-15.576224
-3.4977403,-5.477201,-15.575828
-3.4970832,-5.4782157,-15.575431
-3.496426,-5.4792304,-15.575034
-3.495769,-5.480245,-15.574637
-3.495112,-5.48126,-15.574241
-3.4944549,-5.4822745,-15.573844
-3.4937978,-5.4832892,-15.573447
-3.4931407,-5.484304,-15.5730505
-3.4924836,-5.4853187,-15.572654
-3.4918265,-5.4863334,-15.572257
-3.4911695,-5.487348,-15.57186
-3.4905124,-5.488363,-15.571464
-3.4898465,-5.4893637,-15.571055
-3.489154,-5.490323,-15.570613
-3.4884617,-5.4912825,-15.57017
-3.4877903,-5.4922414,-15.56975
-3.487182,-5.493199,-15.569395
-3.4865735,-5.4941564,-15.56904
-3.485995,-5.495026,-15.568693
-3.4854467,-5.495808,-15.568354
-3.4848983,-5.49659,-15.568014
-3.48435,-5.497372,-15.567675
-3.4838016,-5.498154,-15.567335
-3.4832532,-5.498936,-15.566996
-3.4827049,-5.499718,-15.566656
-3.4821565,-5.5005,-15.566317
-3.4816082,-5.501282,-15.565977
-3.4810598,-5.502064,-15.565638
-3.4805114,-5.5028462,-15.565298
-3.479963,-5.5036283,-15.564959
-3.4794147,-5.5044103,-15.564619
-3.4788663,-5.5051923,-15.56428
-3.4782534,-5.506079,-15.563907
-3.4777367,-5.5069466,-15.563634
-3.477217,-5.507843,-15.563367
-3.4766653,-5.5086575,-15.563045
-3.4760816,-5.50939,-15.562667
-3.475498,-5.5101223,-15.562289
-3.4749143,-5.5108547,-15.561912
-3.4743307,-5.511587,-15.561534
-3.4740295,-5.512546,-15.561518
-3.4735775,-5.513472,-15.561325
-3.4731255,-5.514399,-15.561132
-3.472622,-5.515246,-15.560865
-3.4721184,-5.516093,-15.560598
-3.4716148,-5.5169396,-15.560331
-3.4711113,-5.5177865,-15.560064
-3.4706078,-5.5186334,-15.559797
-3.4701042,-5.51948,-15.55953
-3.4696007,-5.520327,-15.559263
-3.4690971,-5.521178,-15.558996
-3.4685488,-5.5221605,-15.558724
-3.4680095,-5.523156,-15.558467
-3.4674702,-5.524154,-15.558209
-3.4669309,-5.5251527,-15.557952
-3.4663916,-5.526151,-15.557694
-3.4658523,-5.5271497,-15.557437
-3.465313,-5.528148,-15.557179
-3.4647737,-5.5291467,-15.556922
-3.4642344,-5.530145,-15.556664
-3.463695,-5.5311437,-15.556407
-3.4631557,-5.532142,-15.5561495
-3.4626193,-5.5331116,-15.555887
-3.4621568,-5.53409,-15.555706
-3.4617276,-5.5350513,-15.555553
-3.4612985,-5.5360126,-15.555401
-3.4607968,-5.536867,-15.555149
-3.4602952,-5.5377216,-15.554897
-3.4597936,-5.538576,-15.554646
-3.459292,-5.5394306,-15.554394
-3.4587903,-5.540285,-15.554142
-3.4582887,-5.5411396,-15.55389
-3.457787,-5.541994,-15.553638
-3.4572766,-5.542836,-15.553372
-3.456748,-5.5437512,-15.55311
-3.4562817,-5.544658,-15.55291
-3.4558153,-5.545565,-15.55271
-3.455349,-5.546472,-15.552509
-3.4548826,-5.547379,-15.552309
-3.4544177,-5.548289,-15.5521145
-3.4539528,-5.5491986,-15.55192
-3.4534879,-5.5501084,-15.551725
-3.453023,-5.551018,-15.551531
-3.452558,-5.551928,-15.551336
-3.4520931,-5.552838,-15.551142
-3.4516282,-5.5537477,-15.550947
-3.4511633,-5.5546575,-15.550753
-3.4506984,-5.5555673,-15.550558
-3.4501705,-5.556484,-15.550303
-3.4495797,-5.5574083,-15.549989
-3.4490795,-5.558267,-15.5497465
-3.448574,-5.559185,-15.549518
-3.448054,-5.560148,-15.549289
-3.4475915,-5.5610614,-15.549106
-3.447129,-5.561975,-15.548923
-3.4466665,-5.5628886,-15.548739
-3.446204,-5.5638022,-15.548556
-3.4457414,-5.564716,-15.548373
-3.445279,-5.5656295,-15.54819
-3.4448164,-5.566543,-15.548007
-3.4443538,-5.5674567,-15.547824
-3.4438913,-5.5683703,-15.547641
-3.4434288,-5.569284,-15.547458
-3.4429662,-5.5701976,-15.547275
-3.4425037,-5.571111,-15.5470915
-3.4420412,-5.572025,-15.546908
-3.4415786,-5.5729384,-15.546725
-3.4410882,-5.573812,-15.546503
-3.4406257,-5.5747256,-15.546324
-3.4401631,-5.5756392,-15.5461445
-3.4397006,-5.576553,-15.545965
-3.439238,-5.5774665,-15.545786
-3.4387755,-5.57838,-15.545607
-3.4382415,-5.579388,-15.545385
-3.437636,-5.5804906,-15.545122
-3.4370303,-5.581593,-15.544859
-3.4364247,-5.5826955,-15.544596
-3.4358191,-5.583798,-15.5443325
-3.4352136,-5.5849004,-15.544069
-3.434608,-5.586003,-15.543806
-3.4340024,-5.5871053,-15.543543
-3.4333968,-5.5882077,-15.54328
-3.4327912,-5.58931,-15.543016
-3.4321856,-5.5904126,-15.542753
-3.43158,-5.591515,-15.54249
-3.4309745,-5.5926175,-15.542227
-3.430369,-5.59372,-15.541964
-3.4297514,-5.5948386,-15.541694
-3.4292614,-5.595714,-15.541476
-3.4287715,-5.5965896,-15.541259
-3.4282815,-5.597465,-15.541041
-3.4277916,-5.5983405,-15.540824
-3.4273007,-5.599216,-15.540608
-3.4268093,-5.6000915,-15.540394
-3.426318,-5.600967,-15.540179
-3.4258265,-5.6018424,-15.539965
-3.4253352,-5.602718,-15.53975
-3.4248438,-5.6035933,-15.5395355
-3.4243524,-5.604469,-15.539321
-3.423861,-5.6053443,-15.539106
-3.4233696,-5.60622,-15.538892
-3.4228783,-5.6070952,-15.538677
-3.422387,-5.6079707,-15.538463
-3.4218955,-5.608846,-15.538248
-3.4214041,-5.6097217,-15.5380335
-3.4209127,-5.610597,-15.537819
-3.4204214,-5.6114726,-15.537604
-3.41993,-5.612348,-15.53739
-3.4194386,-5.6132236,-15.537175
-3.4189472,-5.614099,-15.536961
-3.4184558,-5.6149745,-15.536746
-3.417807,-5.616056,-15.536446
-3.4171605,-5.617109,-15.53614
-3.416514,-5.6181617,-15.535835
-3.415917,-5.6191535,-15.535561
-3.41532,-5.6201453,-15.535286
-3.414723,-5.621137,-15.535011
-3.4141278,-5.622129,-15.53474
-3.4135327,-5.623121,-15.53447
-3.4129376,-5.6241126,-15.534199
-3.4123425,-5.6251044,-15.533928
-3.4117475,-5.6260962,-15.533657
-3.4111524,-5.627088,-15.533386
-3.4105573,-5.62808,-15.533115
-3.4099622,-5.6290717,-15.532845
-3.409367,-5.6300635,-15.532574
-3.408772,-5.6310554,-15.532303
-3.408177,-5.632047,-15.532032
-3.4075818,-5.633039,-15.531761
-3.4069867,-5.634031,-15.53149
-3.4063916,-5.6350226,-15.5312195
-3.4058695,-5.6359215,-15.530992
-3.4053726,-5.6367893,-15.530778
-3.4048758,-5.637657,-15.530564
-3.404379,-5.638525,-15.530351
-3.403882,-5.639393,-15.530137
-3.4033852,-5.6402607,-15.529923
-3.4029005,-5.641113,-15.5297165
-3.4023402,-5.642119,-15.529483
-3.40178,-5.643125,-15.529249
-3.4012196,-5.644131,-15.529016
-3.4006593,-5.6451373,-15.528782
-3.400099,-5.6461434,-15.528548
-3.3995388,-5.6471496,-15.528315
-3.3989785,-5.6481557,-15.528081
-3.3984182,-5.649162,-15.527847
-3.397858,-5.650168,-15.527614
-3.3972976,-5.651174,-15.52738
-3.3967373,-5.65218,-15.527146
-3.396179,-5.653188,-15.5269165
-3.395621,-5.6541967,-15.526688
-3.3950632,-5.6552052,-15.526459
-3.3945065,-5.6562138,-15.52623
-3.3939497,-5.6572223,-15.526001
-3.393393,-5.658231,-15.525772
-3.3928363,-5.6592393,-15.525543
-3.3922796,-5.660248,-15.525314
-3.391723,-5.6612563,-15.525085
-3.3911662,-5.662265,-15.524857
-3.3906095,-5.6632733,-15.524628
-3.3900528,-5.664282,-15.524399
-3.389496,-5.6652904,-15.52417
-3.3889394,-5.666299,-15.523941
-3.3883834,-5.667309,-15.523715
-3.3878279,-5.6683197,-15.523491
-3.3872728,-5.6693306,-15.523267
-3.3866794,-5.670292,-15.522989
-3.3860762,-5.671241,-15.522698
-3.385473,-5.6721897,-15.522408
-3.3848698,-5.6731386,-15.522117
-3.3842666,-5.6740875,-15.521826
-3.3836634,-5.6750364,-15.521535
-3.3830602,-5.6759853,-15.521244
-3.382457,-5.6769342,-15.520953
-3.3818538,-5.677883,-15.520662
-3.3812506,-5.678832,-15.520371
-3.3806474,-5.679781,-15.520081
-3.38006,-5.680813,-15.519834
-3.3796089,-5.681738,-15.519689
-3.3791578,-5.682663,-15.519544
-3.3786569,-5.6835256,-15.519332
-3.3780746,-5.6844726,-15.519069
-3.3774924,-5.6854196,-15.5188055
-3.3769102,-5.6863666,-15.518542
-3.3764389,-5.687297,-15.518384
-3.3759897,-5.688224,-15.518247
-3.3755405,-5.689151,-15.518109
-3.3750913,-5.690078,-15.517972
-3.3746421,-5.6910048,-15.517835
-3.374193,-5.6919317,-15.517697
-3.3737438,-5.6928587,-15.51756
-3.3732946,-5.6937857,-15.517423
-3.3728454,-5.6947126,-15.517285
-3.3723278,-5.6957083,-15.517102
-3.3718188,-5.6965895,-15.516889
-3.3713906,-5.697573,-15.516785
-3.370988,-5.698497,-15.516686
-3.3705416,-5.6994295,-15.516549
-3.3700953,-5.700362,-15.516412
-3.369649,-5.701295,-15.516274
-3.3692026,-5.7022276,-15.516137
-3.3687806,-5.703157,-15.516025
-3.36838,-5.704141,-15.515948
-3.3679807,-5.7050962,-15.515865
-3.3675373,-5.706029,-15.515739
-3.3670938,-5.7069616,-15.515614
-3.3666503,-5.7078943,-15.515488
-3.366207,-5.708827,-15.515362
-3.3656926,-5.709857,-15.5152025
-3.3652492,-5.7107897,-15.515082
-3.3648057,-5.7117224,-15.514962
-3.3643622,-5.712655,-15.514842
-3.3638487,-5.7136865,-15.514688
-3.3633623,-5.714628,-15.51453
-3.362876,-5.71557,-15.514373
-3.3623896,-5.7165117,-15.514215
-3.3619032,-5.7174535,-15.514058
-3.3614168,-5.718395,-15.513901
-3.3609304,-5.719337,-15.513743
-3.360444,-5.7202787,-15.513586
-3.3599577,-5.7212205,-15.513429
-3.3594713,-5.7221622,-15.513271
-3.358985,-5.723104,-15.513114
-3.3584754,-5.7240787,-15.512945
-3.3579938,-5.7249637,-15.5127735
-3.3575122,-5.7258487,-15.512602
-3.3570306,-5.7267337,-15.51243
-3.35657,-5.7276435,-15.512285
-3.3561304,-5.728578,-15.512167
-3.3556907,-5.7295127,-15.512049
-3.355251,-5.7304473,-15.51193
-3.3548114,-5.731382,-15.511812
-3.3543718,-5.7323165,-15.511694
-3.3539321,-5.733251,-15.511576
-3.3534925,-5.7341857,-15.511457
-3.3530529,-5.7351203,-15.511339
-3.3526132,-5.736055,-15.511221
-3.3521736,-5.7369895,-15.511103
-3.351734,-5.737924,-15.510984
-3.3512943,-5.7388587,-15.510866
-3.3508546,-5.7397933,-15.510748
-3.3504167,-5.7407,-15.510623
-3.3498755,-5.7417274,-15.510442
-3.3493342,-5.742755,-15.510261
-3.348898,-5.743692,-15.510149
-3.3484707,-5.74467,-15.510062
-3.3480434,-5.745648,-15.509975
-3.3476162,-5.746626,-15.509889
-3.347189,-5.747604,-15.509802
-3.3467617,-5.748582,-15.509715
-3.3463345,-5.74956,-15.509628
-3.3459072,-5.750538,-15.5095415
-3.34546,-5.751492,-15.509428
-3.3449626,-5.7523866,-15.509248
-3.3444643,-5.7533116,-15.509076
-3.3440201,-5.75424,-15.508956
-3.3436272,-5.755228,-15.508903
-3.3432343,-5.756216,-15.508849
-3.3428414,-5.757204,-15.508796
-3.3424485,-5.758192,-15.508742
-3.3420556,-5.75918,-15.508689
-3.3416626,-5.760168,-15.5086355
-3.3412478,-5.761161,-15.508563
-3.3407505,-5.7620587,-15.508383
-3.340254,-5.7629566,-15.508206
-3.3397584,-5.7638545,-15.508033
-3.3392627,-5.7647524,-15.507859
-3.3387675,-5.7656503,-15.507686
-3.3382735,-5.766548,-15.507512
-3.3377795,-5.767446,-15.507339
-3.3372855,-5.768344,-15.507165
-3.3367915,-5.769242,-15.506991
-3.3362975,-5.7701397,-15.506818
-3.3358035,-5.7710376,-15.506644
-3.3353095,-5.7719355,-15.506471
-3.3348272,-5.772817,-15.506303
-3.3343575,-5.7737136,-15.50615
-3.3338883,-5.77461,-15.505998
-3.333419,-5.7755065,-15.505845
-3.332947,-5.77646,-15.505712
-3.332475,-5.777414,-15.505578
-3.3320045,-5.7783675,-15.505451
-3.3315349,-5.779321,-15.505327
-3.3310652,-5.780275,-15.505203
-3.3305955,-5.7812285,-15.505079
-3.3301282,-5.782182,-15.504955
-3.329661,-5.783136,-15.504831
-3.3291936,-5.7840896,-15.504707
-3.3287263,-5.7850432,-15.504583
-3.328259,-5.785997,-15.504459
-3.3277602,-5.786917,-15.504296
-3.3273404,-5.787837,-15.50421
-3.326791,-5.7886496,-15.503959
-3.3262417,-5.789462,-15.503707
-3.3260078,-5.7904296,-15.503807
-3.325447,-5.7912474,-15.503573
-3.3249202,-5.7920732,-15.503371
-3.3245053,-5.793023,-15.503303
-3.3240905,-5.793973,-15.503234
-3.3236756,-5.794923,-15.503165
-3.3232608,-5.7958727,-15.503097
-3.322846,-5.7968225,-15.503028
-3.3224318,-5.7977724,-15.502959
-3.3220198,-5.7987223,-15.502891
-3.3216078,-5.799672,-15.502822
-3.3211958,-5.8005943,-15.502745
-3.320738,-5.8015575,-15.50264
-3.3202803,-5.8025208,-15.502535
-3.3198225,-5.803484,-15.50243
-3.3193648,-5.804447,-15.502325
-3.318907,-5.8054104,-15.50222
-3.3184836,-5.8063498,-15.502138
-3.3180716,-5.8072996,-15.502069
-3.3176596,-5.8082523,-15.502007
-3.3172476,-5.809208,-15.501949
-3.3168356,-5.8101635,-15.501892
-3.3164237,-5.811119,-15.501835
-3.3160117,-5.8120747,-15.501778
-3.3155906,-5.8130193,-15.501706
-3.31505,-5.8138433,-15.501477
-3.314691,-5.8147864,-15.501458
-3.3143325,-5.815786,-15.501458
-3.3140635,-5.8167605,-15.501534
-3.3136082,-5.8176613,-15.501406
-3.3130987,-5.8185654,-15.5012245
-3.312701,-5.8195267,-15.501167
-3.3122594,-5.8205566,-15.501093
-3.3118188,-5.821472,-15.500986
-3.3113782,-5.8223877,-15.500879
-3.3109376,-5.823303,-15.500772
-3.310497,-5.8242188,-15.500666
-3.3100564,-5.8251343,-15.500559
-3.3096159,-5.82605,-15.500452
-3.3091977,-5.826959,-15.500364
-3.3089037,-5.8279333,-15.500416
-3.3084872,-5.828846,-15.500335
-3.308017,-5.829901,-15.500253
-3.307625,-5.8308625,-15.500213
-3.307233,-5.831824,-15.500173
-3.3068411,-5.832785,-15.500133
-3.3064492,-5.8337464,-15.5000925
-3.3060572,-5.8347077,-15.500052
-3.3056653,-5.835669,-15.500012
-3.3052733,-5.8366303,-15.499972
-3.3048813,-5.8375916,-15.499932
-3.3044894,-5.838553,-15.499892
-3.3039658,-5.839557,-15.499743
-3.3034422,-5.8405614,-15.499595
-3.3030403,-5.841514,-15.499542
-3.3026612,-5.842544,-15.499537
-3.302282,-5.843574,-15.499533
-3.301903,-5.844604,-15.499528
-3.301524,-5.845634,-15.499523
-3.3010871,-5.8465533,-15.499428
-3.3006504,-5.8474727,-15.499332
-3.3002136,-5.848392,-15.499237
-3.2997768,-5.8493114,-15.499142
-3.29934,-5.8502307,-15.499046
-3.2989032,-5.85115,-15.498951
-3.2984664,-5.8520694,-15.498856
-3.2980297,-5.8529887,-15.49876
-3.2975929,-5.853908,-15.498665
-3.297156,-5.8548274,-15.4985695
-3.2967193,-5.8557467,-15.498474
-3.2962825,-5.856666,-15.498379
-3.2958457,-5.8575854,-15.498283
-3.295409,-5.858505,-15.498188
-3.2949088,-5.859587,-15.498092
-3.29442,-5.860653,-15.498001
-3.2939334,-5.8617187,-15.4979105
-3.2934482,-5.8627844,-15.49782
-3.292963,-5.86385,-15.497729
-3.2924778,-5.864916,-15.497639
-3.2919927,-5.8659816,-15.497548
-3.291507,-5.866992,-15.497438
-3.2910206,-5.8679194,-15.4973
-3.2905343,-5.868847,-15.497162
-3.290048,-5.8697743,-15.497024
-3.2895615,-5.870702,-15.496885
-3.2890751,-5.871629,-15.496747
-3.2885888,-5.8725567,-15.496609
-3.2881024,-5.873484,-15.49647
-3.287616,-5.8744116,-15.496332
-3.2871296,-5.875339,-15.496194
-3.2866433,-5.8762665,-15.496056
-3.286157,-5.877194,-15.495917
-3.285772,-5.878161,-15.495894
-3.2853656,-5.879163,-15.495863
-3.2849364,-5.8801427,-15.495801
-3.2845073,-5.8811226,-15.495739
-3.2840233,-5.8821907,-15.495658
-3.2835393,-5.883259,-15.495577
-3.2830553,-5.884327,-15.495496
-3.2825713,-5.885395,-15.495415
-3.2820873,-5.886463,-15.495334
-3.2816033,-5.8875313,-15.495253
-3.2811193,-5.8885994,-15.495172
-3.2806354,-5.8896675,-15.4950905
-3.2801514,-5.8907356,-15.495009
-3.2796674,-5.8918037,-15.494928
-3.2791834,-5.892872,-15.494847
-3.2787673,-5.8939185,-15.494826
-3.2783394,-5.894901,-15.494779
-3.2779114,-5.895883,-15.494731
-3.2774835,-5.8968654,-15.494683
-3.2770555,-5.8978477,-15.494636
-3.276629,-5.89883,-15.494588
-3.2762034,-5.899812,-15.49454
-3.2757778,-5.9007945,-15.494493
-3.2753522,-5.901777,-15.494445
-3.2749267,-5.902759,-15.494397
-3.274501,-5.9037414,-15.4943495
-3.2740755,-5.9047236,-15.494302
-3.27365,-5.905706,-15.494254
-3.2732244,-5.906688,-15.494206
-3.2727988,-5.9076705,-15.494159
-3.2723732,-5.908653,-15.494111
-3.2719598,-5.9096456,-15.494078
-3.271595,-5.9106803,-15.494102
-3.2712302,-5.911715,-15.494125
-3.2708426,-5.9127297,-15.4941225
-3.2704206,-5.9137144,-15.49408
-3.2699986,-5.914699,-15.494037
-3.2695765,-5.9156837,-15.493994
-3.2691545,-5.9166684,-15.493951
-3.2687325,-5.917653,-15.493908
-3.2683105,-5.9186378,-15.493865
-3.2678885,-5.9196224,-15.493822
-3.2674665,-5.920607,-15.493779
-3.2670445,-5.9215918,-15.493736
-3.2666225,-5.9225764,-15.493693
-3.26619,-5.9235787,-15.493647
-3.2657156,-5.9246516,-15.493585
-3.2652411,-5.9257245,-15.493523
-3.2648075,-5.926781,-15.493501
-3.2643402,-5.9278893,-15.49347
-3.2638729,-5.9289975,-15.49344
-3.2634056,-5.9301057,-15.493409
-3.2629383,-5.931214,-15.493379
-3.262471,-5.932322,-15.493348
-3.2620037,-5.93343,-15.493318
-3.2615364,-5.9345384,-15.493287
-3.261069,-5.9356465,-15.493257
-3.2606018,-5.9367547,-15.493226
-3.2601345,-5.937863,-15.493196
-3.2596672,-5.938971,-15.493165
-3.2591999,-5.940079,-15.4931345
-3.2587326,-5.9411874,-15.493104
-3.2582653,-5.9422956,-15.493073
-3.257884,-5.9432626,-15.493073
-3.2575028,-5.9442296,-15.493073
-3.2571216,-5.9451966,-15.493073
-3.2567396,-5.946136,-15.493064
-3.2562284,-5.9473147,-15.493026
-3.2557173,-5.9484935,-15.492988
-3.255206,-5.949672,-15.4929495
-3.254695,-5.950851,-15.492911
-3.2541838,-5.9520297,-15.492873
-3.253779,-5.95295,-15.492839
-3.2533634,-5.9538884,-15.492802
-3.2529478,-5.954827,-15.492764
-3.2525322,-5.9557652,-15.492727
-3.2521167,-5.9567037,-15.49269
-3.251701,-5.957642,-15.492653
-3.2512856,-5.9585805,-15.492616
-3.25087,-5.959519,-15.4925785
-3.2504544,-5.9604573,-15.492541
-3.2500389,-5.9613957,-15.492504
-3.2496233,-5.962334,-15.492467
-3.2492077,-5.9632726,-15.49243
-3.2487922,-5.964211,-15.492393
-3.2483766,-5.9651494,-15.492355
-3.247961,-5.966088,-15.492318
-3.2475455,-5.967026,-15.492281
-3.24713,-5.9679646,-15.492244
-3.2467144,-5.968903,-15.492207
-3.2462988,-5.9698415,-15.492169
-3.2458832,-5.97078,-15.492132
-3.2454677,-5.9717183,-15.492095
-3.245052,-5.9726567,-15.492058
-3.2446365,-5.973595,-15.492021
-3.244221,-5.9745336,-15.491983
-3.2437127,-5.975714,-15.491953
-3.2432044,-5.976895,-15.491922
-3.242696,-5.9780755,-15.491892
-3.2421877,-5.979256,-15.491861
-3.2416794,-5.980437,-15.491831
-3.2411711,-5.9816175,-15.4918
-3.2406628,-5.982798,-15.49177
-3.2401545,-5.9839787,-15.491739
-3.2396462,-5.9851594,-15.491709
-3.239138,-5.98634,-15.491678
-3.2386296,-5.9875207,-15.491648
-3.2381213,-5.9887013,-15.491617
-3.237613,-5.989882,-15.491587
-3.2371047,-5.9910626,-15.491556
-3.2366621,-5.9921374,-15.491549
-3.2362416,-5.993177,-15.491549
-3.235821,-5.9942164,-15.491549
-3.2353687,-5.9953094,-15.491539
-3.2349515,-5.9964323,-15.491572
-3.2345343,-5.9975553,-15.491606
-3.234117,-5.998678,-15.491639
-3.2336998,-5.999801,-15.4916725
-3.2332826,-6.000924,-15.491706
-3.2328653,-6.002047,-15.491739
-3.232448,-6.00317,-15.491773
-3.2320309,-6.004293,-15.491806
-3.2316136,-6.005416,-15.491839
-3.2311964,-6.006539,-15.491873
-3.2307675,-6.007652,-15.491892
-3.2302918,-6.0087247,-15.491854
-3.2298162,-6.0097976,-15.491816
-3.2294395,-6.0107665,-15.491835
-3.2290628,-6.0117354,-15.491854
-3.228686,-6.0127044,-15.491873
-3.228264,-6.013689,-15.4918585
-3.227842,-6.0146737,-15.491844
-3.22742,-6.0156584,-15.49183
-3.226998,-6.016643,-15.491816
-3.226576,-6.0176277,-15.491801
-3.226154,-6.0186124,-15.491787
-3.225732,-6.019597,-15.491773
-3.22531,-6.0205817,-15.491758
-3.224888,-6.0215664,-15.491744
-3.224466,-6.022551,-15.49173
-3.224044,-6.0235357,-15.491715
-3.2235801,-6.024593,-15.49169
-3.2231057,-6.025668,-15.491661
-3.2225997,-6.0267963,-15.491621
-3.2221782,-6.027727,-15.491583
-3.2217567,-6.028658,-15.491545
-3.2213595,-6.029608,-15.491539
-3.2209218,-6.0306835,-15.491545
-3.220484,-6.0317593,-15.49155
-3.2200463,-6.032835,-15.491556
-3.2196085,-6.0339108,-15.491562
-3.2191708,-6.0349865,-15.491568
-3.218733,-6.0360622,-15.491573
-3.2182953,-6.037138,-15.491579
-3.2178576,-6.0382137,-15.491585
-3.2174413,-6.039254,-15.491596
-3.2170014,-6.0402226,-15.49156
-3.2165608,-6.041164,-15.491513
-3.2161202,-6.042105,-15.4914665
-3.2156796,-6.0430465,-15.49142
-3.215239,-6.0439878,-15.491373
-3.214913,-6.044995,-15.491465
-3.2145867,-6.046002,-15.491556
-3.2142606,-6.047009,-15.491648
-3.2139344,-6.048016,-15.491739
-3.2136083,-6.049023,-15.491831
-3.213282,-6.05003,-15.491922
-3.212956,-6.0510373,-15.492014
-3.2125485,-6.0519786,-15.491999
-3.2121289,-6.0529094,-15.491968
-3.2117093,-6.05384,-15.491938
-3.2112253,-6.0548797,-15.49189
-3.210783,-6.055821,-15.491843
-3.2103407,-6.056762,-15.4917965
-3.2098985,-6.0577035,-15.49175
-3.2094562,-6.058645,-15.491703
-3.209014,-6.059586,-15.491656
-3.2085717,-6.0605273,-15.49161
-3.2081294,-6.0614686,-15.491563
-3.2077026,-6.062502,-15.491566
-3.2072663,-6.0635805,-15.491577
-3.2069087,-6.0646152,-15.491649
-3.206551,-6.06565,-15.49172
-3.2061934,-6.0666847,-15.491792
-3.2058358,-6.0677195,-15.491863
-3.2054782,-6.068754,-15.491935
-3.204987,-6.069894,-15.491922
-3.2045674,-6.0708265,-15.491896
-3.2041478,-6.071759,-15.491869
-3.2037282,-6.072692,-15.491842
-3.2033086,-6.0736246,-15.491816
-3.202889,-6.0745573,-15.491789
-3.2024693,-6.07549,-15.491762
-3.2020497,-6.0764227,-15.491735
-3.20163,-6.0773554,-15.491709
-3.2012105,-6.078288,-15.491682
-3.200791,-6.079221,-15.491655
-3.2003713,-6.0801535,-15.491629
-3.1999516,-6.081086,-15.491602
-3.199532,-6.082019,-15.491575
-3.1991196,-6.083142,-15.491628
-3.198707,-6.0842648,-15.49168
-3.1983442,-6.0852175,-15.491714
-3.1979704,-6.0861883,-15.491744
-3.1975965,-6.087159,-15.491775
-3.197189,-6.0881014,-15.491762
-3.1967704,-6.089034,-15.491735
-3.1963518,-6.089967,-15.491709
-3.195933,-6.0908995,-15.491682
-3.1955144,-6.091832,-15.491655
-3.1950958,-6.092765,-15.491629
-3.194677,-6.0936975,-15.491602
-3.1942585,-6.0946302,-15.491575
-3.1938398,-6.095563,-15.491549
-3.1934211,-6.0964956,-15.491522
-3.1930025,-6.0974283,-15.491495
-3.1925838,-6.098361,-15.491468
-3.1921651,-6.0992937,-15.491442
-3.1917465,-6.1002264,-15.491415
-3.191345,-6.101278,-15.491455
-3.1909301,-6.102265,-15.49146
-3.1905153,-6.103252,-15.491465
-3.1901004,-6.104239,-15.491469
-3.1896856,-6.105226,-15.491474
-3.18927,-6.106213,-15.491479
-3.188854,-6.1072,-15.491484
-3.188438,-6.108187,-15.491488
-3.188022,-6.1091743,-15.491493
-3.1876059,-6.1101613,-15.491498
-3.1871898,-6.1111484,-15.491503
-3.1867738,-6.1121354,-15.491508
-3.1863577,-6.1131225,-15.491512
-3.1859417,-6.1141095,-15.491517
-3.1855257,-6.1150966,-15.491522
-3.1851096,-6.1160836,-15.491527
-3.184675,-6.1171613,-15.491549
-3.184305,-6.118132,-15.491587
-3.183935,-6.119103,-15.491625
-3.1834686,-6.120208,-15.491627
-3.1830013,-6.1212854,-15.491617
-3.182534,-6.122363,-15.491608
-3.1820667,-6.1234407,-15.491598
-3.1815994,-6.1245184,-15.491589
-3.1811657,-6.125543,-15.491588
-3.1807544,-6.1265326,-15.491592
-3.1803432,-6.127522,-15.491597
-3.1799319,-6.1285114,-15.491602
-3.1795206,-6.129501,-15.491607
-3.1791093,-6.1304903,-15.4916115
-3.178698,-6.1314797,-15.491616
-3.1782868,-6.132469,-15.491621
-3.1778755,-6.1334586,-15.491626
-3.1774642,-6.134448,-15.491631
-3.177053,-6.1354375,-15.491635
-3.1766539,-6.1364365,-15.491655
-3.1763034,-6.1374736,-15.491736
-3.1759415,-6.1385016,-15.491803
-3.1755338,-6.1394935,-15.491813
-3.175126,-6.1404853,-15.491822
-3.1746783,-6.1415496,-15.49182
-3.1742206,-6.142632,-15.491816
-3.1737628,-6.1437144,-15.491811
-3.173305,-6.144797,-15.491806
-3.1728473,-6.1458793,-15.491801
-3.1723895,-6.1469617,-15.4917965
-3.1719317,-6.148044,-15.491792
-3.171474,-6.1491265,-15.491787
-3.1710162,-6.150209,-15.491782
-3.1705585,-6.1512914,-15.491777
-3.1701007,-6.152374,-15.491773
-3.1696215,-6.1534915,-15.491762
-3.169151,-6.1545897,-15.491755
-3.168691,-6.1556697,-15.49175
-3.1682308,-6.1567497,-15.491745
-3.1677706,-6.1578298,-15.49174
-3.1673105,-6.15891,-15.491735
-3.1668503,-6.15999,-15.491731
-3.16638,-6.161088,-15.491723
-3.1659708,-6.1620245,-15.491708
-3.1655617,-6.162961,-15.491693
-3.1651525,-6.1638975,-15.491677
-3.1647434,-6.164834,-15.491662
-3.1643343,-6.1657705,-15.491647
-3.1639252,-6.166707,-15.4916315
-3.163516,-6.1676435,-15.491616
-3.163107,-6.16858,-15.491601
-3.1626978,-6.1695166,-15.491586
-3.1622887,-6.170453,-15.49157
-3.1618795,-6.1713896,-15.491555
-3.1614704,-6.172326,-15.49154
-3.1610613,-6.1732626,-15.491525
-3.1606522,-6.174199,-15.491509
-3.1602468,-6.175191,-15.491524
-3.1598415,-6.1761827,-15.491538
-3.159447,-6.1771564,-15.491555
-3.159025,-6.178238,-15.49159
-3.158603,-6.1793194,-15.491624
-3.158181,-6.180401,-15.491658
-3.157759,-6.1814823,-15.491693
-3.157337,-6.182564,-15.491727
-3.156915,-6.1836452,-15.491761
-3.156493,-6.1847267,-15.491796
-3.156071,-6.185808,-15.49183
-3.155649,-6.1868896,-15.491864
-3.1552806,-6.187883,-15.491913
-3.154923,-6.1888585,-15.491964
-3.154531,-6.189807,-15.49197
-3.1541748,-6.1907825,-15.492022
-3.1538186,-6.191758,-15.492073
-3.1534624,-6.192734,-15.492125
-3.1531062,-6.1937094,-15.492176
-3.15275,-6.194685,-15.492228
-3.1523938,-6.1956606,-15.492279
-3.1520376,-6.196636,-15.492331
-3.1516814,-6.197612,-15.492382
-3.1513252,-6.1985874,-15.492434
-3.1508996,-6.1995354,-15.492407
-3.150474,-6.2004833,-15.49238
-3.1500485,-6.2014313,-15.492353
-3.1496356,-6.202391,-15.492343
-3.149233,-6.2033334,-15.492335
-3.1488307,-6.2042756,-15.492328
-3.1484282,-6.205218,-15.49232
-3.1480258,-6.20616,-15.492312
-3.1476233,-6.2071023,-15.492305
-3.1472208,-6.2080445,-15.492297
-3.14689,-6.2090383,-15.492381
-3.1465828,-6.210049,-15.492496
-3.1461823,-6.2109914,-15.492488
-3.1457818,-6.2119336,-15.49248
-3.1453812,-6.212876,-15.492473
-3.1449807,-6.213818,-15.492465
-3.1445801,-6.2147603,-15.492457
-3.1441796,-6.2157025,-15.49245
-3.143779,-6.216645,-15.492442
-3.1433728,-6.2176595,-15.492458
-3.1429763,-6.218655,-15.492483
-3.142554,-6.2196064,-15.49247
-3.1421318,-6.2205577,-15.492456
-3.1417096,-6.221509,-15.492443
-3.1412873,-6.2224603,-15.49243
-3.140865,-6.2234116,-15.492416
-3.1404428,-6.224363,-15.492403
-3.1400206,-6.225314,-15.49239
-3.1396217,-6.2262826,-15.492407
-3.1392813,-6.227294,-15.4925
-3.1389537,-6.228341,-15.492619
-3.1385493,-6.229435,-15.492683
-3.1381245,-6.230359,-15.4926605
-3.1376996,-6.231283,-15.492638
-3.1372747,-6.2322073,-15.492615
-3.1368499,-6.2331314,-15.492592
-3.136425,-6.2340555,-15.492569
-3.1360002,-6.2349796,-15.492546
-3.1355753,-6.2359037,-15.492523
-3.1351504,-6.236828,-15.4925
-3.1347256,-6.237752,-15.492477
-3.134385,-6.2387633,-15.492571
-3.1340027,-6.239847,-15.492657
-3.133648,-6.240823,-15.492725
-3.1332932,-6.2417984,-15.492794
-3.1329384,-6.242774,-15.492863
-3.1325622,-6.243786,-15.492926
-3.132143,-6.24487,-15.492977
-3.1317239,-6.2459545,-15.493029
-3.1313047,-6.247039,-15.49308
-3.1308856,-6.248123,-15.493132
-3.1304665,-6.2492075,-15.493183
-3.1300473,-6.250292,-15.493235
-3.1296282,-6.251376,-15.493286
-3.129209,-6.2524605,-15.493338
-3.12879,-6.253545,-15.493389
-3.1283696,-6.2546268,-15.493441
-3.127949,-6.255708,-15.493492
-3.1276057,-6.2567453,-15.493602
-3.1272624,-6.2577825,-15.493711
-3.1268303,-6.258856,-15.4937525
-3.1263762,-6.2599382,-15.493776
-3.125922,-6.2610207,-15.4938
-3.1254678,-6.262103,-15.493824
-3.1250136,-6.2631855,-15.493848
-3.1245594,-6.264268,-15.493872
-3.1241052,-6.2653503,-15.493896
-3.123651,-6.266433,-15.493919
-3.1231968,-6.267515,-15.493943
-3.1227427,-6.2685976,-15.493967
-3.1222885,-6.26968,-15.493991
-3.1218758,-6.27069,-15.494024
-3.1214552,-6.2717714,-15.494087
-3.1210346,-6.272853,-15.49415
-3.120614,-6.2739344,-15.494213
-3.120204,-6.2749977,-15.494278
-3.1198463,-6.2759705,-15.494352
-3.1194887,-6.276943,-15.494427
-3.119131,-6.277916,-15.494501
-3.1187735,-6.2788887,-15.4945755
-3.1184158,-6.2798615,-15.49465
-3.1180582,-6.280834,-15.494724
-3.1177006,-6.281807,-15.494799
-3.117343,-6.2827797,-15.494873
-3.1169853,-6.2837524,-15.494947
-3.116561,-6.284727,-15.49496
-3.116106,-6.285756,-15.494966
-3.1157036,-6.2866945,-15.494981
-3.1153011,-6.287633,-15.494996
-3.1148899,-6.288616,-15.495023
-3.114535,-6.289589,-15.495103
-3.1141918,-6.2905703,-15.495197
-3.1138828,-6.2915773,-15.495335
-3.1135387,-6.2925587,-15.495429
-3.1130428,-6.2934284,-15.4953375
-3.1125498,-6.294298,-15.495246
-3.1123543,-6.2952576,-15.495484
-3.1121602,-6.2962437,-15.495736
-3.1118405,-6.2971888,-15.495847
-3.1113484,-6.2980585,-15.495755
-3.1112823,-6.298992,-15.496108
-3.1108618,-6.2999105,-15.496108
-3.1107292,-6.300874,-15.496409
-3.1107194,-6.301796,-15.496812
-3.1104608,-6.3027544,-15.496985
-3.1105175,-6.303646,-15.497439
-3.110097,-6.3045654,-15.497439
-3.1096048,-6.305435,-15.497348
-3.1091383,-6.3063583,-15.497303
-3.1086462,-6.3072395,-15.497211
-3.1082795,-6.308249,-15.497311
-3.1079333,-6.3092217,-15.497414
-3.1075993,-6.310203,-15.497533
-3.1073017,-6.31121,-15.497701
-3.1070042,-6.312217,-15.497869
-3.1067066,-6.3132243,-15.498036
-3.106257,-6.3141546,-15.498011
-3.105893,-6.3151407,-15.4980955
-3.1055992,-6.316148,-15.498263
-3.1053054,-6.317155,-15.498431
-3.104995,-6.3181,-15.498554
-3.1047647,-6.3190784,-15.498776
-3.104581,-6.3200645,-15.499049
-3.1042824,-6.3210464,-15.499206
-3.1037917,-6.321934,-15.499112
-3.1033335,-6.3228583,-15.499078
-3.1030397,-6.3238654,-15.499246
-3.102603,-6.324781,-15.49923
-3.1021185,-6.325666,-15.499154
-3.101634,-6.326551,-15.499078
-3.1011853,-6.327459,-15.49905
-3.100832,-6.328428,-15.499152
-3.1003475,-6.329313,-15.499076
-3.099863,-6.330198,-15.499
-3.0993786,-6.331083,-15.498923
-3.099153,-6.3320565,-15.499151
-3.099218,-6.332948,-15.499638
-3.0989313,-6.3339086,-15.499812
-3.0984187,-6.334815,-15.4997635
-3.0979266,-6.3356924,-15.499702
-3.0974123,-6.3366075,-15.499643
-3.0968974,-6.337523,-15.499586
-3.0963824,-6.3384385,-15.499529
-3.0958674,-6.339354,-15.499472
-3.0953524,-6.3402696,-15.499414
-3.0948377,-6.341185,-15.499357
-3.0943274,-6.3421025,-15.499308
-3.0938382,-6.3429837,-15.499262
-3.093348,-6.343865,-15.499208
-3.0928578,-6.344746,-15.499155
-3.0923676,-6.3456273,-15.499102
-3.0918775,-6.3465085,-15.499048
-3.0913873,-6.3473897,-15.498995
-3.090897,-6.348271,-15.498941
-3.0904067,-6.3491516,-15.498889
-3.0898952,-6.350067,-15.498841
-3.089406,-6.3509483,-15.4987955
-3.088897,-6.3518686,-15.498748
-3.0884087,-6.3527536,-15.498702
-3.0879204,-6.3536386,-15.498656
-3.0874212,-6.3545413,-15.49861
-3.086929,-6.3554225,-15.498564
-3.086437,-6.3563037,-15.498518
-3.085945,-6.357185,-15.498472
-3.0854425,-6.358083,-15.4984255
-3.0849504,-6.35896,-15.49838
-3.0844405,-6.3598776,-15.498332
-3.0839415,-6.3607774,-15.498285
-3.083436,-6.3616977,-15.498238
-3.0829306,-6.362618,-15.49819
-3.082425,-6.3635383,-15.498142
-3.0819101,-6.364478,-15.498094
-3.0814257,-6.365363,-15.498048
-3.0809412,-6.366248,-15.498002
-3.0804358,-6.3671684,-15.497954
-3.0799303,-6.3680887,-15.497907
-3.0794249,-6.369009,-15.497859
-3.0789185,-6.3699293,-15.497811
-3.0784106,-6.3708496,-15.497764
-3.0779028,-6.37177,-15.497716
-3.077395,-6.37269,-15.497668
-3.0768871,-6.3736105,-15.497621
-3.0763793,-6.374531,-15.497573
-3.07587,-6.375449,-15.497525
-3.0753784,-6.3763304,-15.497479
-3.0748863,-6.3772116,-15.497434
-3.0743942,-6.378093,-15.497388
-3.0739021,-6.3789697,-15.497342
-3.07341,-6.379851,-15.497296
-3.072918,-6.380732,-15.497251
-3.0724258,-6.3816133,-15.497205
-3.0719223,-6.3825116,-15.497163
-3.0714264,-6.383389,-15.497132
-3.0709305,-6.3842664,-15.497102
-3.0704346,-6.3851438,-15.497071
-3.0699182,-6.3860574,-15.497039
-3.0694222,-6.3869348,-15.497008
-3.0689263,-6.387812,-15.496978
-3.0684304,-6.3886895,-15.496947
-3.0679345,-6.389567,-15.496917
-3.0674267,-6.3904657,-15.496873
-3.0669289,-6.391347,-15.496827
-3.0664287,-6.3922234,-15.496781
-3.065936,-6.393093,-15.496736
-3.065444,-6.393963,-15.49669
-3.0649443,-6.3948326,-15.496644
-3.0644426,-6.395706,-15.496606
-3.0639439,-6.3965855,-15.496579
-3.0634441,-6.397463,-15.496549
-3.0629444,-6.39834,-15.496518
-3.0624447,-6.3992176,-15.496488
-3.061944,-6.400093,-15.496459
-3.0614405,-6.400963,-15.4964285
-3.060937,-6.4018326,-15.496403
-3.0604334,-6.4027023,-15.49638
-3.0599298,-6.403572,-15.496345
-3.0594263,-6.404442,-15.496299
-3.0588279,-6.405302,-15.496161
-3.0581298,-6.4060497,-15.495872
-3.0575683,-6.4069605,-15.495831
-3.0570505,-6.4078245,-15.495808
-3.0565326,-6.4086885,-15.495785
-3.0560148,-6.4095526,-15.495762
-3.0554523,-6.4103885,-15.495672
-3.054813,-6.4112253,-15.495499
-3.0542765,-6.4121265,-15.49548
-3.05374,-6.413028,-15.4954605
-3.0532036,-6.413929,-15.495441
-3.0526671,-6.41483,-15.495422
-3.0521307,-6.4157314,-15.495403
-3.0515382,-6.416599,-15.495301
-3.050956,-6.4174256,-15.495185
-3.050441,-6.4182954,-15.49517
-3.049926,-6.419165,-15.495154
-3.049411,-6.420035,-15.495139
-3.0488625,-6.420883,-15.495078
-3.0483475,-6.421753,-15.495078
-3.0475996,-6.4221945,-15.494559
-3.0474346,-6.4213877,-15.493964
-3.047394,-6.420512,-15.493478
-3.0477507,-6.419565,-15.493405
