-0.51208466,-2.015924,-14.905227
-0.5120113,-2.0153658,-14.904375
-0.5127146,-2.014671,-14.904544
-0.5134332,-2.0139635,-14.904719
-0.5140666,-2.0131505,-14.904614
-0.51469994,-2.0123374,-14.90451
-0.5153333,-2.0115244,-14.904405
-0.5160006,-2.010708,-14.904349
-0.51673305,-2.01009,-14.90467
-0.517447,-2.00936,-14.904809
-0.51814985,-2.0085628,-14.9048395
-0.5188527,-2.0077655,-14.90487
-0.51955557,-2.0069683,-14.904901
-0.5202584,-2.006171,-14.904931
-0.5209613,-2.0053737,-14.904962
-0.52168524,-2.004711,-14.90521
-0.5224073,-2.004037,-14.905444
-0.5231383,-2.003419,-14.905765
-0.5238693,-2.002801,-14.906085
-0.52460027,-2.002183,-14.906405
-0.5252657,-2.0013778,-14.906386
-0.5259745,-2.0006254,-14.906501
-0.52668333,-1.9998729,-14.906615
-0.52739215,-1.9991205,-14.90673
-0.5280662,-1.9983602,-14.906773
-0.5287691,-1.9975629,-14.906811
-0.52947193,-1.9967656,-14.906849
-0.5301748,-1.9959683,-14.906887
-0.53087765,-1.9951711,-14.906925
-0.5315805,-1.9943738,-14.906963
-0.53228337,-1.9935765,-14.9070015
-0.5329862,-1.9927793,-14.90704
-0.5336891,-1.991982,-14.907078
-0.53439194,-1.9911847,-14.907116
-0.5350948,-1.9903874,-14.907154
-0.5358415,-1.9895402,-14.907194
-0.5366319,-1.9886426,-14.907234
-0.53742224,-1.9877449,-14.907274
-0.53825647,-1.9867975,-14.907317
-0.53895885,-1.9859997,-14.907355
-0.5396612,-1.985202,-14.907393
-0.5403636,-1.9844042,-14.907432
-0.541066,-1.9836065,-14.90747
-0.54179794,-1.9827822,-14.907521
-0.54255944,-1.9819316,-14.907586
-0.54332095,-1.9810809,-14.907651
-0.54408246,-1.9802302,-14.907716
-0.544844,-1.9793795,-14.907781
-0.5456055,-1.9785289,-14.9078455
-0.546367,-1.9776782,-14.90791
-0.5471285,-1.9768275,-14.907975
-0.54789,-1.9759768,-14.90804
-0.5486515,-1.9751261,-14.908105
-0.549413,-1.9742755,-14.90817
-0.55017453,-1.9734248,-14.908235
-0.55093604,-1.9725741,-14.908299
-0.55169755,-1.9717234,-14.908364
-0.55245906,-1.9708728,-14.908429
-0.55322057,-1.9700221,-14.908494
-0.5539821,-1.9691714,-14.908559
-0.5547436,-1.9683207,-14.908624
-0.5555051,-1.96747,-14.908689
-0.5562666,-1.9666194,-14.908753
-0.5570281,-1.9657687,-14.908818
-0.5577896,-1.964918,-14.908883
-0.55849576,-1.9641627,-14.908995
-0.5592019,-1.9634074,-14.909106
-0.5599921,-1.9625394,-14.909206
-0.56078225,-1.9616715,-14.909307
-0.56157243,-1.9608035,-14.909407
-0.5623626,-1.9599355,-14.909507
-0.5631528,-1.9590676,-14.909607
-0.56394297,-1.9581996,-14.909707
-0.56473315,-1.9573317,-14.909807
-0.5655233,-1.9564637,-14.909907
-0.5663135,-1.9555957,-14.910007
-0.5671037,-1.9547278,-14.910108
-0.56789386,-1.9538598,-14.910208
-0.56868404,-1.9529918,-14.910308
-0.56949145,-1.9521224,-14.910432
-0.5703333,-1.9512502,-14.910604
-0.57117516,-1.950378,-14.910775
-0.572017,-1.9495057,-14.910947
-0.57285887,-1.9486334,-14.9111185
-0.5737007,-1.9477612,-14.91129
-0.5745426,-1.9468889,-14.911462
-0.57538444,-1.9460167,-14.9116335
-0.5762263,-1.9451444,-14.911805
-0.57706815,-1.9442722,-14.911977
-0.57791,-1.9433999,-14.912148
-0.57875186,-1.9425277,-14.91232
-0.5795937,-1.9416554,-14.912492
-0.5804356,-1.9407831,-14.912663
-0.58127743,-1.9399109,-14.912835
-0.5821193,-1.9390386,-14.913007
-0.58296114,-1.9381664,-14.913178
-0.583803,-1.9372941,-14.91335
-0.58464485,-1.9364219,-14.913522
-0.5854867,-1.9355496,-14.913693
-0.58632857,-1.9346774,-14.913865
-0.5871704,-1.9338051,-14.914037
-0.5880123,-1.9329329,-14.914208
-0.58885413,-1.9320606,-14.91438
-0.589696,-1.9311883,-14.914552
-0.59053785,-1.9303161,-14.914723
-0.5913797,-1.9294438,-14.914895
-0.59222156,-1.9285716,-14.915067
-0.5930634,-1.9276993,-14.915238
-0.59390527,-1.9268271,-14.91541
-0.5947471,-1.9259548,-14.915582
-0.595589,-1.9250826,-14.915753
-0.59652203,-1.9241334,-14.915968
-0.5975427,-1.9230849,-14.916188
-0.59825236,-1.9223527,-14.916337
-0.598962,-1.9216205,-14.916486
-0.59967166,-1.9208883,-14.916635
-0.6003813,-1.9201561,-14.916783
-0.60109097,-1.9194239,-14.916932
-0.6018006,-1.9186918,-14.917081
-0.6025103,-1.9179596,-14.91723
-0.6032199,-1.9172274,-14.917378
-0.6039296,-1.9164952,-14.917527
-0.60463923,-1.915763,-14.917676
-0.6053489,-1.9150308,-14.917825
-0.60605854,-1.9142987,-14.9179735
-0.6067682,-1.9135665,-14.918122
-0.60747784,-1.9128343,-14.918271
-0.6081875,-1.9121021,-14.91842
-0.60889715,-1.9113699,-14.918569
-0.6096068,-1.9106377,-14.918717
-0.61031646,-1.9099056,-14.918866
-0.6110261,-1.9091734,-14.919015
-0.61173576,-1.9084412,-14.919164
-0.6124454,-1.907709,-14.9193125
-0.61315507,-1.9069768,-14.919461
-0.6138647,-1.9062446,-14.91961
-0.6145744,-1.9055125,-14.919759
-0.615284,-1.9047803,-14.919908
-0.6159937,-1.9040481,-14.920056
-0.61670333,-1.9033159,-14.920205
-0.6174149,-1.9025953,-14.920372
-0.61812836,-1.9018862,-14.920557
-0.6188418,-1.9011772,-14.920742
-0.6195553,-1.9004681,-14.920927
-0.62026876,-1.899759,-14.921112
-0.6209822,-1.89905,-14.921297
-0.6216957,-1.898341,-14.921482
-0.62240916,-1.8976319,-14.921667
-0.62312263,-1.8969228,-14.921852
-0.6238361,-1.8962138,-14.922037
-0.62454957,-1.8955047,-14.922222
-0.62526304,-1.8947957,-14.922407
-0.6259765,-1.8940866,-14.922592
-0.62669,-1.8933775,-14.922777
-0.62740344,-1.8926685,-14.922962
-0.6281169,-1.8919594,-14.923147
-0.6288304,-1.8912504,-14.923332
-0.62954384,-1.8905413,-14.923517
-0.6302573,-1.8898323,-14.923702
-0.6309708,-1.8891232,-14.923887
-0.63168424,-1.8884141,-14.924072
-0.6323977,-1.8877051,-14.924257
-0.6331112,-1.886996,-14.924442
-0.63382465,-1.886287,-14.924627
-0.6345381,-1.8855779,-14.924812
-0.6352516,-1.8848689,-14.924997
-0.63596505,-1.8841598,-14.925182
-0.6366785,-1.8834507,-14.925367
-0.637392,-1.8827417,-14.925552
-0.63810545,-1.8820326,-14.925737
-0.6388189,-1.8813236,-14.925922
-0.6395324,-1.8806145,-14.926107
-0.64024585,-1.8799055,-14.926292
-0.6409593,-1.8791964,-14.926477
-0.6416728,-1.8784873,-14.926662
-0.64238626,-1.8777783,-14.926847
-0.6430997,-1.8770692,-14.927032
-0.6438132,-1.8763602,-14.9272175
-0.64452666,-1.8756511,-14.9274025
-0.6452401,-1.8749421,-14.9275875
-0.6459536,-1.874233,-14.9277725
-0.64666706,-1.873524,-14.927958
-0.64738053,-1.8728149,-14.928143
-0.648094,-1.8721058,-14.928328
-0.64880747,-1.8713968,-14.928513
-0.64952093,-1.8706877,-14.928698
-0.6502344,-1.8699787,-14.928883
-0.65096134,-1.8692455,-14.929057
-0.65170175,-1.8684883,-14.929221
-0.65244216,-1.8677311,-14.929385
-0.65318257,-1.8669739,-14.929549
-0.653923,-1.8662167,-14.929713
-0.6546634,-1.8654594,-14.929877
-0.6554038,-1.8647022,-14.930041
-0.6561442,-1.863945,-14.930205
-0.6568846,-1.8631878,-14.930369
-0.657625,-1.8624306,-14.930533
-0.6583654,-1.8616734,-14.930697
-0.65910584,-1.8609161,-14.930861
-0.65981585,-1.8601847,-14.931012
-0.66052586,-1.8594532,-14.931163
-0.66123587,-1.8587217,-14.9313135
-0.6619459,-1.8579903,-14.931464
-0.6626559,-1.8572588,-14.931615
-0.6633659,-1.8565273,-14.931766
-0.6640759,-1.8557959,-14.931916
-0.6647859,-1.8550644,-14.932067
-0.66549593,-1.8543329,-14.932218
-0.66620594,-1.8536015,-14.932368
-0.66691595,-1.85287,-14.932519
-0.66762596,-1.8521385,-14.93267
-0.668336,-1.851407,-14.93282
-0.669046,-1.8506756,-14.932971
-0.669756,-1.8499441,-14.933122
-0.670466,-1.8492126,-14.933272
-0.671176,-1.8484812,-14.933423
-0.671886,-1.8477497,-14.933574
-0.67259604,-1.8470182,-14.933724
-0.67330605,-1.8462868,-14.933875
-0.67401606,-1.8455553,-14.934026
-0.67472607,-1.8448238,-14.934176
-0.6754361,-1.8440924,-14.934327
-0.6761461,-1.8433609,-14.934478
-0.6768561,-1.8426294,-14.9346285
-0.6775661,-1.841898,-14.934779
-0.6782761,-1.8411665,-14.93493
-0.67898613,-1.840435,-14.935081
-0.67969614,-1.8397036,-14.935231
-0.68040615,-1.8389721,-14.935382
-0.68111616,-1.8382406,-14.935533
-0.6818262,-1.8375092,-14.935683
-0.6825362,-1.8367777,-14.935834
-0.6832462,-1.8360462,-14.935985
-0.6839562,-1.8353148,-14.936135
-0.6846662,-1.8345833,-14.936286
-0.6853762,-1.8338518,-14.936437
-0.68608624,-1.8331203,-14.936587
-0.68679625,-1.8323889,-14.936738
-0.68750626,-1.8316574,-14.936889
-0.68821627,-1.830926,-14.937039
-0.6889263,-1.8301945,-14.93719
-0.6896363,-1.829463,-14.937341
-0.6903463,-1.8287315,-14.937491
-0.6910563,-1.8280001,-14.937642
-0.6917663,-1.8272686,-14.937793
-0.69247633,-1.8265371,-14.937943
-0.6931862,-1.8258057,-14.938096
-0.6938961,-1.8250742,-14.938249
-0.694606,-1.8243427,-14.938401
-0.6953159,-1.8236113,-14.938554
-0.6960258,-1.8228798,-14.938706
-0.6967357,-1.8221483,-14.938859
-0.6974456,-1.8214169,-14.939012
-0.69815546,-1.8206854,-14.939164
-0.69886535,-1.8199539,-14.939317
-0.6996475,-1.8191355,-14.939469
-0.70050186,-1.8182303,-14.939622
-0.70135623,-1.817325,-14.9397745
-0.70235485,-1.816245,-14.939923
-0.70335346,-1.8151649,-14.940072
-0.7043521,-1.8140849,-14.940221
-0.7053507,-1.8130049,-14.94037
-0.7063493,-1.8119248,-14.940518
-0.7073479,-1.8108448,-14.940667
-0.70834655,-1.8097647,-14.940816
-0.70934516,-1.8086847,-14.940965
-0.7103438,-1.8076047,-14.941113
-0.7113424,-1.8065246,-14.941262
-0.712341,-1.8054446,-14.941411
-0.7133396,-1.8043646,-14.94156
-0.71433824,-1.8032845,-14.941709
-0.71533686,-1.8022045,-14.941857
-0.7163355,-1.8011245,-14.942006
-0.7173341,-1.8000444,-14.942155
-0.7183327,-1.7989644,-14.942304
-0.7193313,-1.7978843,-14.942452
-0.72032994,-1.7968043,-14.942601
-0.72132856,-1.7957243,-14.94275
-0.7223272,-1.7946442,-14.942899
-0.7233258,-1.7935642,-14.943048
-0.7243244,-1.7924842,-14.943196
-0.725323,-1.7914041,-14.943345
-0.72632164,-1.7903241,-14.943494
-0.72732025,-1.789244,-14.943643
-0.72831887,-1.788164,-14.943791
-0.7293175,-1.787084,-14.94394
-0.7303161,-1.786004,-14.944089
-0.7313147,-1.7849239,-14.944238
-0.73231333,-1.7838439,-14.9443865
-0.73331195,-1.7827638,-14.944535
-0.73431057,-1.7816838,-14.944684
-0.7353092,-1.7806038,-14.944833
-0.7363078,-1.7795237,-14.944982
-0.7373064,-1.7784437,-14.94513
-0.73830503,-1.7773637,-14.945279
-0.73930365,-1.7762836,-14.945428
-0.74030226,-1.7752036,-14.945577
-0.7413009,-1.7741235,-14.945725
-0.7422995,-1.7730435,-14.945874
-0.7432981,-1.7719635,-14.946023
-0.7442967,-1.7708834,-14.946172
-0.74529535,-1.7698034,-14.946321
-0.74629396,-1.7687234,-14.946469
-0.7472926,-1.7676433,-14.946618
-0.74836487,-1.7664872,-14.946784
-0.7495108,-1.7652551,-14.946967
-0.7506568,-1.764023,-14.94715
-0.75180274,-1.7627908,-14.947333
-0.7529487,-1.7615587,-14.947516
-0.75409466,-1.7603265,-14.9477
-0.7552406,-1.7590944,-14.947883
-0.7563866,-1.7578622,-14.948066
-0.75753254,-1.7566301,-14.948249
-0.75870794,-1.7553617,-14.948428
-0.7599128,-1.754057,-14.948604
-0.76111764,-1.7527524,-14.948779
-0.7623225,-1.7514478,-14.948955
-0.76352733,-1.7501432,-14.94913
-0.7647322,-1.7488385,-14.949306
-0.76593703,-1.7475339,-14.949481
-0.7671419,-1.7462293,-14.9496565
-0.7683467,-1.7449247,-14.949832
-0.7695516,-1.74362,-14.950007
-0.770244,-1.7428801,-14.950119
-0.7709364,-1.7421402,-14.950231
-0.77162886,-1.7414002,-14.950342
-0.7723213,-1.7406603,-14.950454
-0.7730137,-1.7399204,-14.950565
-0.77370614,-1.7391804,-14.950677
-0.77439857,-1.7384405,-14.9507885
-0.775091,-1.7377006,-14.9509
-0.7757834,-1.7369606,-14.951012
-0.77647585,-1.7362207,-14.951123
-0.7771683,-1.7354808,-14.951235
-0.7778607,-1.7347409,-14.951346
-0.7785531,-1.7340009,-14.951458
-0.77924556,-1.733261,-14.95157
-0.779938,-1.732521,-14.951681
-0.7806304,-1.7317811,-14.951793
-0.78132284,-1.7310412,-14.951904
-0.78201526,-1.7303013,-14.952016
-0.7827077,-1.7295613,-14.952127
-0.7834001,-1.7288214,-14.952239
-0.78409255,-1.7280815,-14.952351
-0.784785,-1.7273415,-14.952462
-0.7854774,-1.7266016,-14.952574
-0.7861698,-1.7258617,-14.952685
-0.78686225,-1.7251217,-14.952797
-0.7875547,-1.7243818,-14.9529085
-0.7882471,-1.7236419,-14.95302
-0.78893954,-1.7229019,-14.953132
-0.78963196,-1.722162,-14.953243
-0.7903244,-1.7214221,-14.953355
-0.7910168,-1.7206821,-14.953466
-0.79170924,-1.7199422,-14.953578
-0.7924017,-1.7192023,-14.95369
-0.7930941,-1.7184623,-14.953801
-0.7937865,-1.7177224,-14.953913
-0.79447895,-1.7169825,-14.954024
-0.7951714,-1.7162426,-14.954136
-0.7958638,-1.7155026,-14.954247
-0.79655623,-1.7147627,-14.954359
-0.79724866,-1.7140228,-14.954471
-0.7979411,-1.7132828,-14.954582
-0.7986335,-1.7125429,-14.954694
-0.79932594,-1.711803,-14.954805
-0.80001837,-1.711063,-14.954917
-0.8007108,-1.7103231,-14.955029
-0.8014032,-1.7095832,-14.95514
-0.80209565,-1.7088432,-14.955252
-0.8027881,-1.7081033,-14.955363
-0.8034805,-1.7073634,-14.955475
-0.80417293,-1.7066234,-14.955586
-0.80486536,-1.7058835,-14.955698
-0.8055578,-1.7051436,-14.95581
-0.8062502,-1.7044036,-14.955921
-0.80694264,-1.7036637,-14.956033
-0.80763507,-1.7029238,-14.956144
-0.8083275,-1.7021838,-14.956256
-0.8090199,-1.7014439,-14.9563675
-0.80971235,-1.700704,-14.956479
-0.8104048,-1.699964,-14.956591
-0.8110972,-1.6992241,-14.956702
-0.81178963,-1.6984842,-14.956814
-0.81248206,-1.6977443,-14.956925
-0.8131745,-1.6970043,-14.957037
-0.8138669,-1.6962644,-14.957149
-0.81455934,-1.6955245,-14.95726
-0.81525177,-1.6947845,-14.957372
-0.8159442,-1.6940446,-14.957483
-0.8166366,-1.6933047,-14.957595
-0.81732905,-1.6925647,-14.957706
-0.8180215,-1.6918248,-14.957818
-0.8187139,-1.6910849,-14.95793
-0.81940633,-1.6903449,-14.958041
-0.82009876,-1.689605,-14.958153
-0.8207912,-1.6888651,-14.958264
-0.8214836,-1.6881251,-14.958376
-0.82217604,-1.6873852,-14.9584875
-0.82286847,-1.6866453,-14.958599
-0.8235609,-1.6859053,-14.958711
-0.8242533,-1.6851654,-14.958822
-0.82494575,-1.6844255,-14.958934
-0.8256382,-1.6836855,-14.959045
-0.8263306,-1.6829456,-14.959157
-0.827023,-1.6822057,-14.959269
-0.82771546,-1.6814657,-14.95938
-0.8284079,-1.6807258,-14.959492
-0.8291003,-1.6799859,-14.959603
-0.82979274,-1.679246,-14.959715
-0.83048517,-1.678506,-14.959826
-0.8311776,-1.6777661,-14.959938
-0.83187,-1.6770262,-14.96005
-0.83256245,-1.6762862,-14.960161
-0.8332549,-1.6755463,-14.960273
-0.8339473,-1.6748064,-14.960384
-0.8346397,-1.6740664,-14.960496
-0.835391,-1.6732639,-14.960619
-0.83614224,-1.6724614,-14.960742
-0.8368935,-1.6716589,-14.960865
-0.83764476,-1.6708564,-14.960988
-0.838396,-1.6700538,-14.961111
-0.83914727,-1.6692513,-14.961234
-0.8398985,-1.6684488,-14.961357
-0.8406498,-1.6676463,-14.96148
-0.84140104,-1.6668438,-14.961603
-0.8421523,-1.6660413,-14.961726
-0.84290355,-1.6652387,-14.961849
-0.8436548,-1.6644362,-14.961972
-0.84440607,-1.6636337,-14.962095
-0.8451573,-1.6628312,-14.962218
-0.8459086,-1.6620287,-14.962341
-0.84665984,-1.6612262,-14.962464
-0.8474111,-1.6604236,-14.962587
-0.84816235,-1.6596211,-14.96271
-0.8489136,-1.6588186,-14.962833
-0.8496345,-1.6580418,-14.962945
-0.85035545,-1.6572651,-14.963057
-0.85107636,-1.6564883,-14.963168
-0.8517973,-1.6557115,-14.96328
-0.8529436,-1.6544629,-14.9634495
-0.8540899,-1.6532143,-14.963619
-0.85523623,-1.6519657,-14.963789
-0.85638255,-1.6507171,-14.963959
-0.85752887,-1.6494685,-14.9641285
-0.8586752,-1.64822,-14.964298
-0.8598215,-1.6469713,-14.964468
-0.8609678,-1.6457227,-14.964638
-0.86205477,-1.6445367,-14.964799
-0.86308235,-1.6434133,-14.9649515
-0.86410993,-1.6422899,-14.965104
-0.8651375,-1.6411664,-14.965257
-0.8661651,-1.640043,-14.965409
-0.8671927,-1.6389196,-14.965562
-0.86822027,-1.6377962,-14.965714
-0.86924785,-1.6366727,-14.965867
-0.87027544,-1.6355493,-14.96602
-0.871303,-1.6344259,-14.966172
-0.8723306,-1.6333025,-14.966325
-0.8733582,-1.632179,-14.966477
-0.8743858,-1.6310556,-14.96663
-0.87541336,-1.6299322,-14.966783
-0.87644094,-1.6288087,-14.966935
-0.8774685,-1.6276853,-14.967088
-0.8784961,-1.6265619,-14.96724
-0.8795237,-1.6254385,-14.967393
-0.8805513,-1.624315,-14.9675455
-0.88157886,-1.6231916,-14.967698
-0.88260645,-1.6220682,-14.967851
-0.88363403,-1.6209447,-14.968003
-0.8846616,-1.6198213,-14.968156
-0.8856892,-1.6186979,-14.968308
-0.8867168,-1.6175745,-14.968461
-0.88774437,-1.616451,-14.968614
-0.88877195,-1.6153276,-14.968766
-0.88979954,-1.6142042,-14.968919
-0.8908271,-1.6130807,-14.969071
-0.8918547,-1.6119573,-14.969224
-0.8928823,-1.6108339,-14.969377
-0.8939099,-1.6097105,-14.969529
-0.89493746,-1.608587,-14.969682
-0.89596504,-1.6074636,-14.969834
-0.8969926,-1.6063402,-14.969987
-0.8980202,-1.6052167,-14.9701395
-0.8990478,-1.6040933,-14.970292
-0.9000754,-1.6029699,-14.970445
-0.90110296,-1.6018465,-14.970597
-0.9021278,-1.6007209,-14.970754
-0.9031665,-1.5995817,-14.970919
-0.904219,-1.598429,-14.971092
-0.9052715,-1.5972762,-14.971266
-0.90632397,-1.5961235,-14.971439
-0.90737647,-1.5949707,-14.971613
-0.90842897,-1.593818,-14.9717865
-0.90948147,-1.5926652,-14.97196
-0.91053396,-1.5915124,-14.972134
-0.91158646,-1.5903597,-14.972307
-0.91263896,-1.5892069,-14.972481
-0.91369146,-1.5880542,-14.972654
-0.91474396,-1.5869014,-14.972828
-0.91579646,-1.5857487,-14.9730015
-0.91684896,-1.5845959,-14.973175
-0.91790146,-1.5834432,-14.973349
-0.91898185,-1.582253,-14.973521
-0.92009014,-1.5810254,-14.973693
-0.9211984,-1.5797977,-14.973865
-0.9223067,-1.5785701,-14.974036
-0.923415,-1.5773425,-14.974208
-0.9245233,-1.5761149,-14.97438
-0.9256316,-1.5748873,-14.974551
-0.9267399,-1.5736597,-14.974723
-0.92784816,-1.572432,-14.974895
-0.92895645,-1.5712044,-14.975066
-0.93006474,-1.5699768,-14.975238
-0.931173,-1.5687492,-14.9754095
-0.9322813,-1.5675216,-14.975581
-0.9333896,-1.566294,-14.975753
-0.9344979,-1.5650663,-14.9759245
-0.9356062,-1.5638387,-14.976096
-0.9367145,-1.5626111,-14.976268
-0.93782276,-1.5613835,-14.976439
-0.93893105,-1.5601559,-14.976611
-0.94003934,-1.5589283,-14.976783
-0.9411476,-1.5577006,-14.976954
-0.9422559,-1.556473,-14.977126
-0.9433642,-1.5552454,-14.977298
-0.9444725,-1.5540178,-14.977469
-0.9455808,-1.5527902,-14.977641
-0.94668907,-1.5515625,-14.977813
-0.94779736,-1.5503349,-14.977984
-0.94890565,-1.5491073,-14.978156
-0.95001394,-1.5478797,-14.978328
-0.9511222,-1.5466521,-14.978499
-0.9522305,-1.5454245,-14.978671
-0.9533388,-1.5441968,-14.978843
-0.9544471,-1.5429692,-14.979014
-0.9555554,-1.5417416,-14.979186
-0.95666367,-1.540514,-14.979358
-0.95777196,-1.5392864,-14.979529
-0.95888025,-1.5380588,-14.979701
-0.95998853,-1.5368311,-14.979873
-0.96115834,-1.5355754,-14.980115
-0.96232814,-1.5343196,-14.980357
-0.96349794,-1.5330639,-14.980599
-0.96466774,-1.5318081,-14.980842
-0.96583754,-1.5305524,-14.981084
-0.96700734,-1.5292966,-14.981326
-0.96817714,-1.5280409,-14.981568
-0.96935976,-1.5267602,-14.981802
-0.9705552,-1.5254546,-14.982027
-0.9717506,-1.5241491,-14.982252
-0.97294605,-1.5228435,-14.982477
-0.9741415,-1.5215379,-14.982702
-0.9753369,-1.5202323,-14.982927
-0.97653234,-1.5189267,-14.983152
-0.9777278,-1.5176212,-14.983377
-0.9789232,-1.5163156,-14.983603
-0.98011863,-1.51501,-14.983828
-0.98131406,-1.5137044,-14.984053
-0.9825095,-1.5123988,-14.984278
-0.9837049,-1.5110933,-14.984503
-0.98490036,-1.5097877,-14.984728
-0.9860958,-1.5084821,-14.984953
-0.9872912,-1.5071765,-14.985178
-0.98845595,-1.505896,-14.98539
-0.98959,-1.5046405,-14.985588
-0.990724,-1.503385,-14.985786
-0.99185807,-1.5021294,-14.985985
-0.9929921,-1.5008739,-14.986183
-0.99412614,-1.4996184,-14.986382
-0.9952602,-1.4983629,-14.98658
-0.9963942,-1.4971074,-14.986778
-0.99752825,-1.4958519,-14.986977
-0.9986623,-1.4945964,-14.987175
-0.99979633,-1.4933408,-14.987373
-1.0009304,-1.4920853,-14.987572
-1.0020646,-1.4908298,-14.98777
-1.0031987,-1.4895743,-14.987968
-1.0043329,-1.4883188,-14.988167
-1.005467,-1.4870633,-14.988365
-1.0066012,-1.4858078,-14.988564
-1.0077354,-1.4845523,-14.988762
-1.0088695,-1.4832968,-14.98896
-1.0100037,-1.4820412,-14.989159
-1.0111378,-1.4807857,-14.989357
-1.012272,-1.4795302,-14.989555
-1.0134062,-1.4782747,-14.989754
-1.0145403,-1.4770192,-14.989952
-1.0156745,-1.4757637,-14.99015
-1.0168086,-1.4745082,-14.990349
-1.0179428,-1.4732527,-14.990547
-1.019077,-1.4719971,-14.990746
-1.0202111,-1.4707416,-14.990944
-1.0213453,-1.4694861,-14.991142
-1.0224794,-1.4682306,-14.991341
-1.0236136,-1.4669751,-14.991539
-1.0247477,-1.4657196,-14.991737
-1.0258819,-1.4644641,-14.991936
-1.027016,-1.4632086,-14.992134
-1.0281502,-1.461953,-14.992332
-1.0292844,-1.4606975,-14.992531
-1.0304185,-1.459442,-14.992729
-1.0315527,-1.4581865,-14.992928
-1.0326868,-1.456931,-14.993126
-1.0338644,-1.4556365,-14.993349
-1.0350853,-1.454303,-14.993597
-1.036182,-1.4530468,-14.993755
-1.0372788,-1.4517906,-14.993914
-1.0383755,-1.4505343,-14.994072
-1.0394722,-1.4492781,-14.99423
-1.040569,-1.4480219,-14.994389
-1.0416657,-1.4467657,-14.994547
-1.0427624,-1.4455094,-14.994705
-1.0438591,-1.4442532,-14.9948635
-1.0449558,-1.442997,-14.995022
-1.0460526,-1.4417408,-14.99518
-1.0471493,-1.4404845,-14.995338
-1.048246,-1.4392283,-14.995497
-1.0493428,-1.4379721,-14.995655
-1.0504395,-1.4367158,-14.995813
-1.0515362,-1.4354596,-14.995972
-1.05259,-1.434265,-14.996145
-1.0536009,-1.433132,-14.996334
-1.0546118,-1.4319991,-14.996523
-1.0556227,-1.4308661,-14.996712
-1.0566336,-1.4297332,-14.996901
-1.0576445,-1.4286002,-14.997089
-1.0586554,-1.4274672,-14.997278
-1.0596663,-1.4263343,-14.997467
-1.0606772,-1.4252013,-14.997656
-1.0616881,-1.4240683,-14.997845
-1.062699,-1.4229354,-14.998034
-1.0637099,-1.4218024,-14.998222
-1.0647207,-1.4206694,-14.998411
-1.0657316,-1.4195365,-14.9986
-1.0667425,-1.4184035,-14.998789
-1.0677534,-1.4172705,-14.998978
-1.0687643,-1.4161376,-14.9991665
-1.0697752,-1.4150046,-14.999355
-1.0707861,-1.4138716,-14.999544
-1.071797,-1.4127387,-14.999733
-1.0728079,-1.4116057,-14.999922
-1.0738188,-1.4104728,-15.000111
-1.0748297,-1.4093398,-15.000299
-1.0758406,-1.4082068,-15.000488
-1.0768515,-1.4070739,-15.000677
-1.0778624,-1.4059409,-15.000866
-1.0788733,-1.4048079,-15.001055
-1.0798842,-1.403675,-15.001244
-1.0808951,-1.402542,-15.001432
-1.081906,-1.401409,-15.001621
-1.0829169,-1.4002761,-15.00181
-1.0839278,-1.3991431,-15.001999
-1.0849386,-1.3980101,-15.002188
-1.0859495,-1.3968772,-15.002377
-1.0869604,-1.3957442,-15.002565
-1.0879713,-1.3946112,-15.002754
-1.0889822,-1.3934783,-15.002943
-1.0899931,-1.3923453,-15.003132
-1.091004,-1.3912123,-15.003321
-1.0918382,-1.3902563,-15.003458
-1.0926725,-1.3893002,-15.003595
-1.0934209,-1.3884457,-15.003727
-1.0941693,-1.3875912,-15.003859
-1.0949177,-1.3867368,-15.00399
-1.095666,-1.3858823,-15.004122
-1.0964144,-1.3850278,-15.004253
-1.0971628,-1.3841733,-15.004385
-1.0979112,-1.3833188,-15.004517
-1.0986596,-1.3824643,-15.004648
-1.099408,-1.3816098,-15.00478
-1.1001564,-1.3807553,-15.004911
-1.1009048,-1.3799008,-15.005043
-1.1016532,-1.3790463,-15.005175
-1.1024016,-1.3781918,-15.005306
-1.10315,-1.3773373,-15.005438
-1.1038984,-1.3764828,-15.005569
-1.1045581,-1.3757051,-15.005659
-1.1052178,-1.3749274,-15.005749
-1.1058775,-1.3741497,-15.005838
-1.1065372,-1.373372,-15.005928
-1.1071969,-1.3725942,-15.006018
-1.1078566,-1.3718165,-15.006107
-1.1085163,-1.3710388,-15.006197
-1.109176,-1.3702611,-15.006287
-1.1098357,-1.3694834,-15.006376
-1.1104954,-1.3687056,-15.006466
-1.1111552,-1.3679279,-15.006556
-1.1118149,-1.3671502,-15.006645
-1.1124746,-1.3663725,-15.006735
-1.1131343,-1.3655947,-15.0068245
-1.113794,-1.364817,-15.006914
-1.1144537,-1.3640393,-15.007004
-1.1151134,-1.3632616,-15.007093
-1.1157731,-1.3624839,-15.007183
-1.1164328,-1.3617061,-15.007273
-1.1170925,-1.3609284,-15.007362
-1.1177522,-1.3601507,-15.007452
-1.1184119,-1.359373,-15.007542
-1.1190716,-1.3585953,-15.007631
-1.1197313,-1.3578175,-15.007721
-1.120391,-1.3570398,-15.007811
-1.1210507,-1.3562621,-15.0079
-1.1217104,-1.3554844,-15.00799
-1.1223701,-1.3547066,-15.00808
-1.1230298,-1.3539289,-15.008169
-1.1236895,-1.3531512,-15.008259
-1.1243492,-1.3523735,-15.008348
-1.125009,-1.3515958,-15.008438
-1.1256686,-1.350818,-15.008528
-1.1263283,-1.3500403,-15.008617
-1.126988,-1.3492626,-15.008707
-1.1276478,-1.3484849,-15.008797
-1.1283075,-1.3477072,-15.008886
-1.1289672,-1.3469294,-15.008976
-1.1299026,-1.3458625,-15.009149
-1.130811,-1.3448454,-15.00934
-1.1317194,-1.3438283,-15.009532
-1.1326277,-1.3428112,-15.009724
-1.1335361,-1.3417941,-15.009915
-1.134385,-1.3408276,-15.0100765
-1.1351149,-1.3399621,-15.010177
-1.1358448,-1.3390967,-15.010277
-1.1365747,-1.3382312,-15.010377
-1.1373047,-1.3373657,-15.010477
-1.1380346,-1.3365003,-15.010577
-1.1387645,-1.3356348,-15.010677
-1.1394944,-1.3347694,-15.010777
-1.1402243,-1.3339039,-15.010878
-1.1409543,-1.3330384,-15.010978
-1.1416842,-1.332173,-15.011078
-1.1424141,-1.3313075,-15.011178
-1.1432756,-1.3303273,-15.011353
-1.1441371,-1.329347,-15.011527
-1.1449987,-1.3283668,-15.011702
-1.1458602,-1.3273865,-15.011876
-1.1467217,-1.3264062,-15.012051
-1.1475832,-1.325426,-15.012225
-1.1484448,-1.3244457,-15.0124
-1.1493063,-1.3234655,-15.012574
-1.1501678,-1.3224852,-15.012749
-1.1510293,-1.321505,-15.012923
-1.1518909,-1.3205247,-15.013098
-1.1527524,-1.3195444,-15.013272
-1.1536139,-1.3185642,-15.013447
-1.1544755,-1.3175839,-15.013621
-1.155337,-1.3166037,-15.013796
-1.1561985,-1.3156234,-15.01397
-1.15706,-1.3146431,-15.014145
-1.1579216,-1.3136629,-15.014319
-1.1587831,-1.3126826,-15.014494
-1.1596446,-1.3117024,-15.014668
-1.1605061,-1.3107221,-15.014843
-1.1613677,-1.3097419,-15.0150175
-1.1622292,-1.3087616,-15.015192
-1.1630907,-1.3077813,-15.015367
-1.1639522,-1.3068011,-15.015541
-1.1648118,-1.3058082,-15.015699
-1.1656677,-1.30479,-15.015825
-1.1665235,-1.3037719,-15.015951
-1.1673793,-1.3027537,-15.016077
-1.1682351,-1.3017355,-15.016203
-1.1690909,-1.3007174,-15.016329
-1.1697775,-1.2999134,-15.016443
-1.1704642,-1.2991095,-15.016558
-1.1711508,-1.2983055,-15.016672
-1.1718374,-1.2975016,-15.016787
-1.1725241,-1.2966976,-15.016901
-1.1732107,-1.2958937,-15.017015
-1.1738974,-1.2950897,-15.01713
-1.1746128,-1.2942487,-15.017244
-1.1753569,-1.2933706,-15.017359
-1.176101,-1.2924925,-15.017473
-1.1768451,-1.2916144,-15.017588
-1.1775892,-1.2907363,-15.017702
-1.1783333,-1.2898582,-15.017817
-1.1790774,-1.2889801,-15.017931
-1.1798215,-1.288102,-15.018045
-1.1805656,-1.2872239,-15.01816
-1.1813097,-1.2863458,-15.018274
-1.1820538,-1.2854677,-15.018389
-1.1827979,-1.2845896,-15.018503
-1.183542,-1.2837116,-15.018618
-1.1842861,-1.2828335,-15.018732
-1.1850302,-1.2819554,-15.0188465
-1.1857743,-1.2810773,-15.018961
-1.1865184,-1.2801992,-15.019075
-1.1872625,-1.2793211,-15.01919
-1.1880066,-1.278443,-15.019304
-1.1887507,-1.2775649,-15.019419
-1.1894948,-1.2766868,-15.019533
-1.190239,-1.2758087,-15.019648
-1.190983,-1.2749306,-15.019762
-1.1917272,-1.2740525,-15.0198765
-1.1924713,-1.2731744,-15.019991
-1.1932154,-1.2722963,-15.020105
-1.1939595,-1.2714182,-15.02022
-1.1947036,-1.2705401,-15.020334
-1.1954477,-1.269662,-15.020449
-1.1961918,-1.2687839,-15.020563
-1.1969359,-1.2679058,-15.020678
-1.19768,-1.2670277,-15.020792
-1.1984241,-1.2661496,-15.020906
-1.1991682,-1.2652715,-15.021021
-1.1999123,-1.2643934,-15.021135
-1.2006564,-1.2635154,-15.02125
-1.2014005,-1.2626373,-15.021364
-1.2021891,-1.2617102,-15.021485
-1.2030221,-1.2607341,-15.021613
-1.2038865,-1.2597343,-15.021756
-1.2047822,-1.2587107,-15.0219145
-1.205678,-1.2576872,-15.022073
-1.2065737,-1.2566637,-15.022231
-1.2074695,-1.2556401,-15.022389
-1.2083652,-1.2546166,-15.022548
-1.209261,-1.2535931,-15.022706
-1.2101567,-1.2525696,-15.022864
-1.2110524,-1.251546,-15.023023
-1.2119482,-1.2505225,-15.023181
-1.2128439,-1.249499,-15.023339
-1.2137396,-1.2484754,-15.023498
-1.2146354,-1.2474519,-15.023656
-1.2155311,-1.2464284,-15.023814
-1.2164268,-1.2454048,-15.0239725
-1.2173226,-1.2443813,-15.024131
-1.2182183,-1.2433578,-15.024289
-1.2191141,-1.2423342,-15.024447
-1.2200098,-1.2413107,-15.024606
-1.2209055,-1.2402872,-15.024764
-1.2218013,-1.2392637,-15.024922
-1.222697,-1.2382401,-15.025081
-1.2235928,-1.2372166,-15.025239
-1.2245013,-1.2361678,-15.025391
-1.2254225,-1.2350937,-15.025536
-1.2263438,-1.2340196,-15.025681
-1.227265,-1.2329456,-15.0258255
-1.2281862,-1.2318715,-15.02597
-1.2291075,-1.2307974,-15.026115
-1.2300287,-1.2297233,-15.02626
-1.23095,-1.2286493,-15.026405
-1.2318712,-1.2275752,-15.02655
-1.2327925,-1.2265011,-15.026695
-1.2337137,-1.225427,-15.02684
-1.234635,-1.224353,-15.026985
-1.2355562,-1.2232789,-15.02713
-1.2364775,-1.2222048,-15.027275
-1.2373987,-1.2211307,-15.02742
-1.23832,-1.2200567,-15.027565
-1.2392412,-1.2189826,-15.02771
-1.2401625,-1.2179085,-15.027855
-1.2410837,-1.2168344,-15.028
-1.242005,-1.2157604,-15.028145
-1.2429262,-1.2146863,-15.02829
-1.2438475,-1.2136122,-15.028435
-1.2447687,-1.2125381,-15.02858
-1.24569,-1.211464,-15.028725
-1.2466112,-1.21039,-15.02887
-1.2475325,-1.2093159,-15.029015
-1.2484537,-1.2082418,-15.02916
-1.249375,-1.2071677,-15.0293045
-1.2502962,-1.2060937,-15.029449
-1.2512175,-1.2050196,-15.029594
-1.2521387,-1.2039455,-15.029739
-1.25306,-1.2028714,-15.029884
-1.2539812,-1.2017974,-15.030029
-1.2549025,-1.2007233,-15.030174
-1.2558237,-1.1996492,-15.030319
-1.256745,-1.1985751,-15.030464
-1.2576662,-1.1975011,-15.030609
-1.2585875,-1.196427,-15.030754
-1.2594804,-1.195402,-15.03092
-1.2603732,-1.1943771,-15.031086
-1.2612661,-1.1933521,-15.031252
-1.262159,-1.1923271,-15.031418
-1.2630519,-1.1913022,-15.031584
-1.2639447,-1.1902772,-15.03175
-1.2648376,-1.1892523,-15.031916
-1.2657305,-1.1882273,-15.032082
-1.2666234,-1.1872023,-15.032248
-1.2674711,-1.1862147,-15.032392
-1.2682736,-1.1852643,-15.032514
-1.2690761,-1.184314,-15.032636
-1.2698786,-1.1833637,-15.032758
-1.2706811,-1.1824133,-15.03288
-1.2714837,-1.181463,-15.033002
-1.2722862,-1.1805127,-15.033124
-1.2730887,-1.1795623,-15.033246
-1.2738912,-1.178612,-15.033368
-1.2746937,-1.1776617,-15.03349
-1.2754962,-1.1767113,-15.033612
-1.2762988,-1.175761,-15.033734
-1.2771013,-1.1748106,-15.033856
-1.2779038,-1.1738603,-15.033978
-1.2787063,-1.17291,-15.034101
-1.2795088,-1.1719596,-15.034223
-1.2803113,-1.1710093,-15.034345
-1.2811139,-1.170059,-15.034467
-1.2819164,-1.1691086,-15.034589
-1.2827189,-1.1681583,-15.034711
-1.2835214,-1.167208,-15.034833
-1.2843239,-1.1662576,-15.034955
-1.2851264,-1.1653073,-15.035077
-1.285929,-1.164357,-15.035199
-1.2867315,-1.1634066,-15.035321
-1.287534,-1.1624563,-15.035443
-1.2883365,-1.1615059,-15.035565
-1.289139,-1.1605556,-15.035687
-1.2899415,-1.1596053,-15.0358095
-1.2907441,-1.1586549,-15.035932
-1.2915466,-1.1577046,-15.036054
-1.2923491,-1.1567543,-15.036176
-1.2931516,-1.1558039,-15.036298
-1.2939541,-1.1548536,-15.03642
-1.2947567,-1.1539032,-15.036542
-1.2955592,-1.1529529,-15.036664
-1.2963617,-1.1520026,-15.036786
-1.2971642,-1.1510522,-15.036908
-1.2979667,-1.1501019,-15.03703
-1.2988298,-1.1491265,-15.037223
-1.2996929,-1.1481512,-15.0374155
-1.300556,-1.1471758,-15.037608
-1.301419,-1.1462004,-15.037801
-1.3022821,-1.145225,-15.037993
-1.3031452,-1.1442497,-15.038186
-1.3040082,-1.1432743,-15.038379
-1.304841,-1.1423235,-15.038556
-1.3056436,-1.1413972,-15.038718
-1.3064604,-1.1404585,-15.038891
-1.3072915,-1.1395072,-15.039074
-1.3081226,-1.1385559,-15.039257
-1.3089538,-1.1376046,-15.03944
-1.3097849,-1.1366533,-15.039623
-1.310616,-1.135702,-15.039806
-1.3114471,-1.1347507,-15.039989
-1.3122783,-1.1337994,-15.040173
-1.3131094,-1.1328481,-15.040356
-1.3139405,-1.1318969,-15.040539
-1.3147717,-1.1309456,-15.040722
-1.3156028,-1.1299943,-15.040905
-1.3164339,-1.129043,-15.041088
-1.317265,-1.1280917,-15.041271
-1.3180962,-1.1271404,-15.041454
-1.3189273,-1.1261891,-15.041637
-1.3197584,-1.1252378,-15.041821
-1.3205895,-1.1242865,-15.042004
-1.3214207,-1.1233352,-15.042187
-1.3222518,-1.122384,-15.04237
-1.3230829,-1.1214327,-15.042553
-1.323914,-1.1204814,-15.042736
-1.3247452,-1.1195301,-15.042919
-1.3255763,-1.1185788,-15.043102
-1.3264074,-1.1176275,-15.043285
-1.3272386,-1.1166762,-15.043468
-1.3280697,-1.1157249,-15.043652
-1.3289008,-1.1147736,-15.043835
-1.329732,-1.1138223,-15.044018
-1.3305631,-1.112871,-15.044201
-1.3313942,-1.1119198,-15.044384
-1.3322253,-1.1109685,-15.044567
-1.3330564,-1.1100172,-15.04475
-1.3338876,-1.1090659,-15.044933
-1.3347187,-1.1081146,-15.045116
-1.3355498,-1.1071633,-15.0453
-1.336381,-1.106212,-15.045483
-1.3372121,-1.1052607,-15.045666
-1.3380148,-1.1043472,-15.04585
-1.3387892,-1.1034715,-15.046035
-1.3395636,-1.1025958,-15.04622
-1.340338,-1.1017201,-15.046405
-1.3411124,-1.1008444,-15.04659
-1.3418868,-1.0999687,-15.046775
-1.3426611,-1.099093,-15.04696
-1.3434355,-1.0982172,-15.047145
-1.344269,-1.0972927,-15.047368
-1.3451025,-1.0963681,-15.047591
-1.3459361,-1.0954435,-15.047814
-1.3467696,-1.0945189,-15.048038
-1.3476031,-1.0935943,-15.048261
-1.3484366,-1.0926697,-15.048484
-1.3492701,-1.0917451,-15.048707
-1.3501483,-1.0907842,-15.048956
-1.3510712,-1.0897869,-15.049231
-1.3519942,-1.0887896,-15.049505
-1.3529171,-1.0877923,-15.04978
-1.35384,-1.086795,-15.050055
-1.3547629,-1.0857977,-15.050329
-1.3556858,-1.0848004,-15.050604
-1.3566087,-1.083803,-15.050879
-1.3575317,-1.0828058,-15.051153
-1.3584546,-1.0818084,-15.051428
-1.3593775,-1.0808111,-15.0517025
-1.3603004,-1.0798138,-15.051977
-1.3612233,-1.0788165,-15.052252
-1.3621463,-1.0778192,-15.052526
-1.3630692,-1.0768219,-15.052801
-1.3639921,-1.0758246,-15.053076
-1.364915,-1.0748273,-15.05335
-1.3658379,-1.07383,-15.053625
-1.3667608,-1.0728327,-15.0539
-1.3676838,-1.0718354,-15.054174
-1.3686067,-1.0708381,-15.054449
-1.3695296,-1.0698408,-15.054724
-1.3704525,-1.0688435,-15.054998
-1.3713754,-1.0678462,-15.055273
-1.3722984,-1.0668489,-15.055548
-1.3732213,-1.0658516,-15.055822
-1.3741442,-1.0648543,-15.056097
-1.3750671,-1.063857,-15.056372
-1.37599,-1.0628597,-15.056646
-1.376913,-1.0618623,-15.056921
-1.3778359,-1.060865,-15.057196
-1.3787588,-1.0598677,-15.05747
-1.3796817,-1.0588704,-15.057745
-1.3806046,-1.0578731,-15.05802
-1.3815275,-1.0568758,-15.058294
-1.3824505,-1.0558785,-15.058569
-1.3833734,-1.0548812,-15.058844
-1.3842963,-1.0538839,-15.059118
-1.3852192,-1.0528866,-15.059393
-1.3861998,-1.0518156,-15.059671
-1.3871804,-1.0507447,-15.05995
-1.3881611,-1.0496737,-15.060228
-1.3891417,-1.0486027,-15.060507
-1.3901223,-1.0475317,-15.060785
-1.3911029,-1.0464607,-15.061064
-1.3920835,-1.0453898,-15.061342
-1.3930641,-1.0443188,-15.061621
-1.3940448,-1.0432478,-15.061899
-1.3949684,-1.0422527,-15.06218
-1.395892,-1.0412575,-15.06246
-1.3968157,-1.0402623,-15.06274
-1.3977393,-1.0392672,-15.063021
-1.3986629,-1.038272,-15.063301
-1.3995866,-1.0372769,-15.063581
-1.4005102,-1.0362817,-15.063862
-1.4014338,-1.0352865,-15.064142
-1.4023575,-1.0342914,-15.064423
-1.4032811,-1.0332962,-15.064703
-1.4042047,-1.0323011,-15.064983
-1.4051284,-1.0313059,-15.065264
-1.406052,-1.0303108,-15.065544
-1.4069756,-1.0293156,-15.0658245
-1.4078993,-1.0283204,-15.066105
-1.4088229,-1.0273253,-15.066385
-1.4097465,-1.0263301,-15.066666
-1.4106702,-1.025335,-15.066946
-1.4115938,-1.0243398,-15.067226
-1.4125174,-1.0233446,-15.067507
-1.4134411,-1.0223495,-15.067787
-1.4143647,-1.0213543,-15.068068
-1.4152883,-1.0203592,-15.068348
-1.416212,-1.019364,-15.068628
-1.4171356,-1.0183688,-15.068909
-1.4180592,-1.0173737,-15.069189
-1.4189829,-1.0163785,-15.069469
-1.4199065,-1.0153834,-15.06975
-1.4208301,-1.0143882,-15.07003
-1.4217538,-1.013393,-15.070311
-1.4226774,-1.0123979,-15.070591
-1.423601,-1.0114027,-15.070871
-1.4245247,-1.0104076,-15.071152
-1.4254483,-1.0094124,-15.071432
-1.4263719,-1.0084172,-15.0717125
-1.4272956,-1.0074221,-15.071993
-1.4282192,-1.0064269,-15.072273
-1.4291428,-1.0054318,-15.072554
-1.4301375,-1.0043494,-15.072845
-1.4312032,-1.0031797,-15.073149
-1.432269,-1.00201,-15.073452
-1.4333347,-1.0008403,-15.073755
-1.4344004,-0.9996706,-15.074059
-1.4354662,-0.99850094,-15.074362
-1.4365319,-0.99733126,-15.074665
-1.4375976,-0.9961616,-15.074968
-1.4386343,-0.99501824,-15.07526
-1.4396709,-0.9938749,-15.075552
-1.4407083,-0.9927337,-15.07585
-1.4417456,-0.9915925,-15.076147
-1.442783,-0.99045134,-15.076445
-1.4438204,-0.98931015,-15.076742
-1.4448577,-0.98816895,-15.07704
-1.4458951,-0.98702776,-15.077337
-1.4469324,-0.9858866,-15.077635
-1.4479698,-0.9847454,-15.077932
-1.4490072,-0.9836042,-15.07823
-1.4500445,-0.982463,-15.078527
-1.4510819,-0.9813218,-15.078825
-1.4521192,-0.9801806,-15.079123
-1.4531566,-0.97903943,-15.07942
-1.454194,-0.97789824,-15.079718
-1.4552313,-0.97675705,-15.080015
-1.4562687,-0.97561586,-15.080313
-1.457306,-0.97447467,-15.08061
-1.4583434,-0.9733335,-15.080908
-1.4593807,-0.9721923,-15.081205
-1.4604181,-0.9710511,-15.081503
-1.4614555,-0.9699099,-15.0818
-1.4624928,-0.9687687,-15.082098
-1.4635302,-0.9676275,-15.082396
-1.4645675,-0.96648633,-15.082693
-1.4656049,-0.96534514,-15.082991
-1.4666423,-0.96420395,-15.083288
-1.4676796,-0.96306276,-15.083586
-1.468717,-0.9619216,-15.083883
-1.4697543,-0.9607804,-15.084181
-1.4707917,-0.9596392,-15.084478
-1.471829,-0.958498,-15.084776
-1.4728664,-0.9573568,-15.085073
-1.4739038,-0.9562156,-15.085371
-1.4749411,-0.9550744,-15.085669
-1.4759785,-0.95393324,-15.085966
-1.4770159,-0.95279205,-15.086264
-1.4780532,-0.95165086,-15.086561
-1.4790906,-0.95050967,-15.086859
-1.4799551,-0.9495684,-15.087124
-1.4808196,-0.9486271,-15.087389
-1.4816841,-0.94768584,-15.087654
-1.4825486,-0.94674456,-15.087919
-1.4834131,-0.9458033,-15.088184
-1.4842776,-0.944862,-15.0884495
-1.4851421,-0.94392073,-15.088715
-1.4860051,-0.9429665,-15.088965
-1.4868665,-0.9419994,-15.089202
-1.4877279,-0.94103223,-15.089438
-1.4885893,-0.9400651,-15.089675
-1.4894507,-0.93909794,-15.089911
-1.4903121,-0.9381308,-15.090148
-1.4911735,-0.93716365,-15.0903845
-1.4920349,-0.9361965,-15.090621
-1.4928963,-0.93522936,-15.0908575
-1.4937577,-0.9342622,-15.091094
-1.4946191,-0.9332951,-15.091331
-1.4954805,-0.9323279,-15.091567
-1.496342,-0.9313608,-15.091804
-1.4972034,-0.93039364,-15.09204
-1.4980648,-0.9294265,-15.092277
-1.4989262,-0.92845935,-15.092513
-1.4997003,-0.927592,-15.092736
-1.5004745,-0.9267246,-15.092959
-1.5012486,-0.92585725,-15.093183
-1.5020227,-0.9249899,-15.093406
-1.5027969,-0.9241225,-15.093629
-1.503571,-0.92325515,-15.093852
-1.5043452,-0.9223878,-15.094075
-1.5051193,-0.9215204,-15.094298
-1.5058935,-0.92065305,-15.0945215
-1.5066676,-0.9197857,-15.094745
-1.5074418,-0.9189183,-15.094968
-1.5082159,-0.91805094,-15.095191
-1.50899,-0.9171836,-15.095414
-1.5097642,-0.9163162,-15.095637
-1.5105383,-0.91544884,-15.0958605
-1.5113125,-0.9145815,-15.096084
-1.5120866,-0.9137141,-15.096307
-1.5128608,-0.91284674,-15.09653
-1.5136349,-0.9119794,-15.096753
-1.5144091,-0.911112,-15.096976
-1.5151832,-0.91024464,-15.097199
-1.5159574,-0.9093773,-15.097423
-1.5167315,-0.9085099,-15.097646
-1.5175056,-0.90764254,-15.097869
-1.5182798,-0.9067752,-15.098092
-1.5190539,-0.9059078,-15.098315
-1.5198281,-0.90504044,-15.098538
-1.5206022,-0.9041731,-15.098762
-1.5213764,-0.9033057,-15.098985
-1.5221505,-0.90243834,-15.099208
-1.5229247,-0.901571,-15.099431
-1.5236988,-0.9007036,-15.099654
-1.524473,-0.89983624,-15.099877
-1.5252471,-0.8989689,-15.1001005
-1.5260212,-0.8981015,-15.100324
-1.5267954,-0.89723414,-15.100547
-1.5275695,-0.8963668,-15.10077
-1.5283437,-0.8954994,-15.100993
-1.5292867,-0.89442027,-15.101251
-1.5302298,-0.8933411,-15.101508
-1.5311729,-0.892262,-15.101766
-1.5321159,-0.89118284,-15.102023
-1.533059,-0.8901037,-15.102281
-1.5340021,-0.88902456,-15.102538
-1.5348157,-0.8880956,-15.10277
-1.5356293,-0.8871667,-15.103002
-1.5364429,-0.88623774,-15.103233
-1.5372565,-0.8853088,-15.103465
-1.5380701,-0.88437986,-15.103697
-1.5388837,-0.8834509,-15.103929
-1.5396973,-0.882522,-15.10416
-1.5405109,-0.88159305,-15.104392
-1.5413245,-0.8806641,-15.104624
-1.5421381,-0.8797352,-15.104856
-1.5429517,-0.87880623,-15.105087
-1.5437653,-0.8778773,-15.105319
-1.5445789,-0.87694836,-15.105551
-1.5453925,-0.8760194,-15.1057825
-1.5462061,-0.8750905,-15.106014
-1.5470197,-0.87416154,-15.106246
-1.5478333,-0.8732326,-15.106478
-1.5486469,-0.87230366,-15.1067095
-1.5494605,-0.8713747,-15.106941
-1.5502741,-0.8704458,-15.107173
-1.5510877,-0.86951685,-15.107405
-1.5519013,-0.8685879,-15.107636
-1.552715,-0.867659,-15.107868
-1.5535285,-0.86673003,-15.1081
-1.5543422,-0.8658011,-15.108332
-1.5551702,-0.86486113,-15.108578
-1.5559126,-0.8640207,-15.108803
-1.556655,-0.8631803,-15.109028
-1.5573975,-0.86233985,-15.109253
-1.5581377,-0.8614729,-15.1094475
-1.5588279,-0.86073726,-15.109699
-1.5595181,-0.8600016,-15.109951
-1.5602083,-0.859266,-15.110203
-1.5608985,-0.85853034,-15.110455
-1.5615888,-0.8577947,-15.110706
-1.562279,-0.85705906,-15.110958
-1.5629692,-0.8563234,-15.11121
-1.5636594,-0.8555878,-15.111462
-1.5643497,-0.85485214,-15.111713
-1.5650399,-0.8541165,-15.111965
-1.5657301,-0.85338086,-15.112217
-1.5664203,-0.8526452,-15.112469
-1.5671664,-0.85183465,-15.112728
-1.5678682,-0.85105985,-15.112962
-1.568526,-0.85032064,-15.113167
-1.5692108,-0.84953004,-15.113358
-1.5699134,-0.8487565,-15.113591
-1.570616,-0.84798294,-15.113825
-1.5713186,-0.8472094,-15.1140585
-1.5720212,-0.84643584,-15.114292
-1.5727239,-0.8456623,-15.114526
-1.5734265,-0.84488875,-15.114759
-1.5741291,-0.8441152,-15.114993
-1.5748317,-0.84334165,-15.115227
-1.5755343,-0.8425681,-15.11546
-1.576237,-0.84179455,-15.115694
-1.5769544,-0.8410094,-15.115937
-1.5776453,-0.8402766,-15.116195
-1.5783362,-0.8395438,-15.116452
-1.5790806,-0.83870804,-15.116687
-1.5798516,-0.83782077,-15.11691
-1.5806227,-0.8369335,-15.117133
-1.5813463,-0.8362069,-15.117443
-1.5820699,-0.83548033,-15.117753
-1.5827935,-0.83475375,-15.118063
-1.5835171,-0.8340272,-15.118373
-1.5842407,-0.8333006,-15.118683
-1.5849643,-0.832574,-15.118993
-1.5856879,-0.8318474,-15.119303
-1.5864115,-0.83112085,-15.119613
-1.5871351,-0.83039427,-15.119923
-1.5878587,-0.8296677,-15.120233
-1.5885823,-0.8289411,-15.120543
-1.5893059,-0.8282145,-15.120852
-1.5900295,-0.82748795,-15.121162
-1.5907531,-0.82676136,-15.121472
-1.5914767,-0.8260348,-15.121782
-1.5921681,-0.82530355,-15.1220455
-1.5930364,-0.8244324,-15.122423
-1.5939047,-0.8235612,-15.122801
-1.594773,-0.82269,-15.1231785
-1.5956414,-0.8218188,-15.123556
-1.5965097,-0.82094765,-15.123934
-1.597378,-0.82007647,-15.124311
-1.5982463,-0.8192053,-15.124689
-1.5991147,-0.8183341,-15.125067
-1.599983,-0.8174629,-15.125444
-1.6008513,-0.81659174,-15.125822
-1.6017196,-0.81572056,-15.1262
-1.6024008,-0.8150442,-15.126501
-1.6031418,-0.814322,-15.126839
-1.6038828,-0.81359977,-15.127176
-1.6046238,-0.81287754,-15.127514
-1.6053648,-0.8121553,-15.1278515
-1.6061058,-0.8114331,-15.128189
-1.6068468,-0.81071085,-15.128527
-1.6075878,-0.8099886,-15.128864
-1.6083288,-0.8092664,-15.129202
-1.6090698,-0.80854416,-15.1295395
-1.6098108,-0.8078219,-15.129877
-1.6105518,-0.8070997,-15.130215
-1.6112928,-0.8063775,-15.130552
-1.6120338,-0.80565524,-15.13089
-1.6127748,-0.804933,-15.1312275
-1.6135159,-0.8042108,-15.131565
-1.6142569,-0.80348855,-15.131903
-1.6149979,-0.8027663,-15.13224
-1.6157389,-0.8020441,-15.132578
-1.6164799,-0.80132186,-15.1329155
-1.6172209,-0.80059963,-15.133253
-1.6179619,-0.7998774,-15.133591
-1.6187029,-0.7991552,-15.133928
-1.6194439,-0.79843295,-15.134266
-1.6201849,-0.7977107,-15.1346035
-1.6209259,-0.7969885,-15.134941
-1.6218014,-0.7961627,-15.135365
-1.6226768,-0.79533696,-15.135788
-1.6235523,-0.7945112,-15.136211
-1.6244278,-0.79368544,-15.136635
-1.6253033,-0.7928597,-15.137058
-1.6261787,-0.7920339,-15.137482
-1.6271112,-0.79113436,-15.137911
-1.6280721,-0.7901979,-15.138343
-1.6290331,-0.78926146,-15.138775
-1.629994,-0.788325,-15.139207
-1.630955,-0.78738856,-15.139639
-1.6319159,-0.7864521,-15.140071
-1.6328769,-0.78551567,-15.140503
-1.6338378,-0.7845792,-15.140935
-1.6347988,-0.78364277,-15.141367
-1.6357597,-0.7827063,-15.141799
-1.6367207,-0.7817699,-15.142231
-1.6376816,-0.7808334,-15.142663
-1.6386425,-0.779897,-15.143095
-1.6396035,-0.7789605,-15.143527
-1.6405644,-0.7780241,-15.143959
-1.6415254,-0.7770876,-15.144391
-1.6424863,-0.7761512,-15.144823
-1.6434473,-0.77521473,-15.145255
-1.6444082,-0.7742783,-15.145687
-1.6453692,-0.77334183,-15.146119
-1.6463301,-0.7724054,-15.146551
-1.6472911,-0.77146894,-15.146983
-1.648252,-0.7705325,-15.147415
-1.649213,-0.76959604,-15.147847
-1.6501739,-0.7686596,-15.148279
-1.6511517,-0.7677264,-15.148736
-1.652163,-0.7667998,-15.149242
-1.6531744,-0.7658732,-15.149749
-1.6541858,-0.7649466,-15.150255
-1.6551971,-0.76401997,-15.150762
-1.6562221,-0.76306826,-15.151263
-1.6569235,-0.7624003,-15.151591
-1.6579165,-0.76144576,-15.152049
-1.65888,-0.76051486,-15.15249
-1.6598434,-0.75958395,-15.15293
-1.6608069,-0.75865304,-15.153371
-1.6617703,-0.75772214,-15.153811
-1.6627338,-0.75679123,-15.154252
-1.6636972,-0.7558603,-15.154693
-1.6646607,-0.7549294,-15.155133
-1.6656241,-0.7539985,-15.155574
-1.6665876,-0.7530676,-15.156014
-1.667551,-0.7521367,-15.156455
-1.6685145,-0.7512058,-15.156896
-1.6694779,-0.7502749,-15.157336
-1.6704414,-0.749344,-15.157777
-1.6714048,-0.7484131,-15.158217
-1.6723683,-0.7474822,-15.158658
-1.6733317,-0.7465513,-15.159099
-1.6742952,-0.74562037,-15.159539
-1.6752586,-0.74468946,-15.15998
-1.6762221,-0.74375856,-15.16042
-1.6771855,-0.74282765,-15.160861
-1.678149,-0.74189675,-15.161302
-1.6791124,-0.74096584,-15.161742
-1.6800759,-0.74003494,-15.162183
-1.6810393,-0.73910403,-15.162623
-1.6819746,-0.73821104,-15.163061
-1.6828537,-0.73739386,-15.163493
-1.6837327,-0.7365767,-15.163925
-1.6846118,-0.7357595,-15.164357
-1.6854908,-0.7349423,-15.164789
-1.6863983,-0.7340883,-15.165225
-1.6873624,-0.7331606,-15.1656685
-1.6883266,-0.7322329,-15.166112
-1.6892908,-0.73130524,-15.166555
-1.6902549,-0.73037755,-15.166999
-1.6912191,-0.72944987,-15.167442
-1.6921833,-0.7285222,-15.167886
-1.6931474,-0.7275945,-15.168329
-1.6941116,-0.7266668,-15.168773
-1.6950758,-0.7257391,-15.169216
-1.6960559,-0.7248149,-15.169686
-1.697068,-0.7238976,-15.17021
-1.6980801,-0.72298026,-15.170733
-1.6990921,-0.72206295,-15.171257
-1.7001042,-0.72114563,-15.171781
-1.7011163,-0.7202283,-15.172304
-1.7021284,-0.719311,-15.172828
-1.7031405,-0.7183937,-15.173351
-1.7041526,-0.71747637,-15.173875
-1.7051647,-0.71655905,-15.174398
-1.7061768,-0.71564174,-15.174922
-1.7071888,-0.7147244,-15.175446
-1.7082009,-0.7138071,-15.175969
-1.709213,-0.7128898,-15.176493
-1.7102251,-0.7119725,-15.177016
-1.7112372,-0.71105516,-15.17754
-1.7122493,-0.71013784,-15.178063
-1.7132614,-0.7092205,-15.178587
-1.7142735,-0.7083032,-15.179111
-1.7152855,-0.7073859,-15.179634
-1.7162976,-0.7064686,-15.180158
-1.7173097,-0.70555127,-15.180681
-1.7183218,-0.70463395,-15.181205
-1.7193339,-0.70371664,-15.181728
-1.720346,-0.7027993,-15.182252
-1.7213581,-0.701882,-15.1827755
-1.7223365,-0.70095885,-15.183251
-1.7232982,-0.7000328,-15.183703
-1.7242599,-0.6991067,-15.184155
-1.7252215,-0.6981806,-15.1846075
-1.7261832,-0.69725454,-15.18506
-1.7271448,-0.69632846,-15.185512
-1.7280507,-0.69547856,-15.185958
-1.7289287,-0.69466674,-15.186401
-1.7298067,-0.6938549,-15.186845
-1.7306846,-0.6930431,-15.187288
-1.7315626,-0.6922313,-15.187732
-1.7324406,-0.6914195,-15.188175
-1.7333186,-0.69060767,-15.188619
-1.7341965,-0.68979585,-15.189062
-1.7350745,-0.68898404,-15.189506
-1.7359525,-0.6881722,-15.189949
-1.7368305,-0.6873604,-15.1903925
-1.7377084,-0.6865486,-15.190836
-1.7385864,-0.6857368,-15.191279
-1.7394644,-0.68492496,-15.191723
-1.7403424,-0.68411314,-15.192166
-1.7412204,-0.6833013,-15.19261
-1.7420983,-0.6824895,-15.193053
-1.7429763,-0.6816777,-15.193497
-1.7438543,-0.6808659,-15.19394
-1.7447323,-0.68005407,-15.194384
-1.7456102,-0.67924225,-15.194827
-1.7464882,-0.67843044,-15.195271
-1.7473662,-0.6776186,-15.195714
-1.7482442,-0.6768068,-15.196157
-1.7491221,-0.675995,-15.196601
-1.7500001,-0.6751832,-15.197044
-1.7509682,-0.67430556,-15.197548
-1.7519363,-0.67342794,-15.198051
-1.7529044,-0.6725503,-15.198555
-1.7538725,-0.6716727,-15.199059
-1.7548406,-0.6707951,-15.199562
-1.7557218,-0.66998774,-15.200008
-1.7566311,-0.66912997,-15.200443
-1.7575545,-0.668247,-15.200872
-1.7584779,-0.667364,-15.201302
-1.7594013,-0.666481,-15.201731
-1.7603247,-0.66559803,-15.20216
-1.7612481,-0.66471505,-15.202589
-1.7621715,-0.66383207,-15.203018
-1.7630949,-0.6629491,-15.203447
-1.7640183,-0.6620661,-15.2038765
-1.7649417,-0.6611831,-15.204306
-1.7658651,-0.66030014,-15.204735
-1.7667885,-0.65941715,-15.205164
-1.7677119,-0.65853417,-15.205593
-1.7686353,-0.6576512,-15.206022
-1.7695587,-0.6567682,-15.206451
-1.7704821,-0.6558852,-15.206881
-1.7714055,-0.65500224,-15.20731
-1.7723289,-0.65411925,-15.207739
-1.7732522,-0.65323627,-15.208168
-1.7741756,-0.6523533,-15.208597
-1.775099,-0.6514703,-15.209026
-1.7760224,-0.6505873,-15.2094555
-1.7769458,-0.64970434,-15.209885
-1.7778692,-0.64882135,-15.210314
-1.7787926,-0.6479384,-15.210743
-1.7796863,-0.6470781,-15.211153
-1.7805207,-0.64626324,-15.211525
-1.781355,-0.6454484,-15.211897
-1.7821894,-0.64463353,-15.212269
-1.7830237,-0.6438187,-15.212641
-1.7839181,-0.64295995,-15.213053
-1.7848426,-0.6420793,-15.213485
-1.7857671,-0.64119864,-15.213917
-1.7866915,-0.640318,-15.214349
-1.787616,-0.6394373,-15.214781
-1.788524,-0.6385532,-15.215189
-1.7893991,-0.6376622,-15.215549
-1.7902743,-0.63677114,-15.21591
-1.7911494,-0.6358801,-15.21627
-1.7920245,-0.6349891,-15.216631
-1.7928996,-0.63409805,-15.216991
-1.7937747,-0.633207,-15.217352
-1.7946498,-0.632316,-15.217712
-1.795525,-0.63142496,-15.218073
-1.7964001,-0.63053393,-15.218433
-1.7972752,-0.6296429,-15.218794
-1.7981503,-0.6287519,-15.219154
-1.7990254,-0.62786084,-15.219515
-1.7999005,-0.6269698,-15.219875
-1.8007756,-0.6260788,-15.220236
-1.8016508,-0.62518775,-15.220596
-1.8025259,-0.6242967,-15.220957
-1.803401,-0.6234057,-15.221317
-1.8042761,-0.62251467,-15.221678
-1.8051512,-0.62162364,-15.222038
-1.8060263,-0.6207326,-15.222399
-1.8069015,-0.6198416,-15.222759
-1.8077766,-0.61895055,-15.22312
-1.8086517,-0.6180595,-15.22348
-1.8095268,-0.6171685,-15.223841
-1.8104019,-0.61627746,-15.224201
-1.8111923,-0.61549944,-15.22455
-1.8119826,-0.6147214,-15.224899
-1.812773,-0.6139434,-15.225248
-1.8135633,-0.6131654,-15.225597
-1.8143537,-0.61238736,-15.225946
-1.8152349,-0.61154455,-15.226355
-1.8161161,-0.61070174,-15.226763
-1.8169973,-0.60985893,-15.227171
-1.8178785,-0.6090161,-15.227579
-1.8187597,-0.6081733,-15.227987
-1.8196409,-0.6073305,-15.228395
-1.8205221,-0.6064877,-15.228804
-1.8214033,-0.6056449,-15.229212
-1.8222241,-0.6048464,-15.229582
-1.8229847,-0.6040923,-15.229914
-1.8237453,-0.6033382,-15.230246
-1.8245058,-0.60258406,-15.230577
-1.8252664,-0.60182995,-15.230909
-1.8260269,-0.6010758,-15.231241
-1.8267875,-0.6003217,-15.231573
-1.827548,-0.5995676,-15.231905
-1.8283086,-0.5988135,-15.232237
-1.8290691,-0.59805936,-15.232569
-1.8298297,-0.59730524,-15.232901
-1.8305902,-0.5965511,-15.2332325
-1.8313508,-0.595797,-15.233564
-1.8321114,-0.5950429,-15.233896
-1.8328719,-0.59428877,-15.234228
-1.8336325,-0.59353465,-15.23456
-1.834393,-0.59278053,-15.234892
-1.8351536,-0.5920264,-15.235224
-1.8359141,-0.5912723,-15.235556
-1.8366146,-0.5905623,-15.235849
-1.8374151,-0.5897299,-15.236169
-1.8382156,-0.5888975,-15.236488
-1.8390162,-0.5880653,-15.236808
-1.8398173,-0.58723384,-15.237127
-1.8406184,-0.58640236,-15.237447
-1.8413045,-0.5857042,-15.237731
-1.8421266,-0.5849072,-15.238101
-1.8429487,-0.58411014,-15.238471
-1.8437707,-0.5833131,-15.238841
-1.8445928,-0.5825161,-15.239211
-1.8454149,-0.58171904,-15.239581
-1.846237,-0.580922,-15.239951
-1.847059,-0.580125,-15.240321
-1.8478811,-0.57932794,-15.240691
-1.8487031,-0.5785309,-15.241061
-1.8495252,-0.5777339,-15.241431
-1.8503473,-0.57693684,-15.241801
-1.8511693,-0.5761398,-15.242171
-1.8519914,-0.5753428,-15.242541
-1.8528135,-0.57454574,-15.242911
-1.8536355,-0.5737487,-15.243281
-1.8544576,-0.5729517,-15.243651
-1.8552797,-0.57215464,-15.244021
-1.8561018,-0.5713576,-15.244391
-1.8569238,-0.5705606,-15.244761
-1.8578752,-0.5696038,-15.24516
-1.8587586,-0.5687623,-15.245566
-1.8596419,-0.5679208,-15.245973
-1.8605253,-0.5670793,-15.246379
-1.8614086,-0.5662378,-15.246785
-1.8622919,-0.5653963,-15.247191
-1.8631753,-0.5645548,-15.247598
-1.8640586,-0.5637133,-15.248004
-1.864942,-0.5628718,-15.24841
-1.8658253,-0.5620303,-15.2488165
-1.8667086,-0.5611888,-15.249223
-1.867725,-0.5602046,-15.249672
-1.8687414,-0.55922043,-15.250121
-1.8697578,-0.55823624,-15.25057
-1.8707741,-0.55725205,-15.2510195
-1.8717905,-0.55626786,-15.251469
-1.8728069,-0.55528367,-15.251918
-1.8738233,-0.5542995,-15.252367
-1.8748397,-0.5533153,-15.252816
-1.875856,-0.5523311,-15.253265
-1.8768724,-0.5513469,-15.253715
-1.8778888,-0.5503627,-15.254164
-1.8789052,-0.5493785,-15.254613
-1.8799216,-0.5483943,-15.255062
-1.8809379,-0.54741013,-15.255511
-1.8819543,-0.54642594,-15.25596
-1.8829707,-0.54544175,-15.25641
-1.8839871,-0.54445755,-15.256859
-1.8850034,-0.54347336,-15.257308
-1.8860198,-0.5424892,-15.257757
-1.8870362,-0.541505,-15.258206
-1.8880526,-0.5405208,-15.258656
-1.889069,-0.5395366,-15.259105
-1.8900853,-0.5385524,-15.259554
-1.8911017,-0.5375682,-15.260003
-1.8921181,-0.536584,-15.260452
-1.8928403,-0.53588057,-15.260765
-1.893607,-0.5351298,-15.261091
-1.8943738,-0.534379,-15.261417
-1.8951405,-0.5336282,-15.261744
-1.8959073,-0.53287745,-15.26207
-1.896674,-0.53212667,-15.262396
-1.8974408,-0.5313759,-15.262722
-1.8982075,-0.5306251,-15.263048
-1.8989509,-0.52995706,-15.263414
-1.8996943,-0.529289,-15.263781
-1.9004377,-0.52862096,-15.264147
-1.9011811,-0.5279529,-15.264513
-1.9019245,-0.52728486,-15.264879
-1.9026679,-0.5266168,-15.265245
-1.9034113,-0.52594876,-15.265612
-1.9041547,-0.5252807,-15.265978
-1.904898,-0.52461267,-15.266344
-1.9056414,-0.5239446,-15.26671
-1.9063848,-0.52327657,-15.2670765
-1.9071282,-0.5226085,-15.267443
-1.9078716,-0.52194047,-15.267809
-1.908615,-0.5212724,-15.268175
-1.9093584,-0.5206044,-15.268541
-1.9101018,-0.5199363,-15.268908
-1.9108452,-0.5192683,-15.269274
-1.9116455,-0.51852655,-15.2696495
-1.9124459,-0.51778483,-15.270025
-1.9132463,-0.5170431,-15.270401
-1.9140466,-0.5163014,-15.270777
-1.914847,-0.5155597,-15.2711525
-1.9156474,-0.51481795,-15.271528
-1.9164478,-0.51407623,-15.271904
-1.9172481,-0.5133345,-15.27228
-1.9180485,-0.5125928,-15.2726555
-1.9188489,-0.5118511,-15.273031
-1.9196492,-0.51110935,-15.273407
-1.9204496,-0.51036763,-15.273783
-1.92125,-0.5096259,-15.2741585
-1.9220504,-0.5088842,-15.274534
-1.9228507,-0.5081425,-15.27491
-1.9236511,-0.50740075,-15.275286
-1.9244515,-0.50665903,-15.275661
-1.9252518,-0.5059173,-15.276037
-1.9260522,-0.5051756,-15.276413
-1.9268526,-0.5044339,-15.276789
-1.927653,-0.50369215,-15.277164
-1.9284533,-0.50295043,-15.27754
-1.9292537,-0.5022087,-15.277916
-1.9300541,-0.501467,-15.278292
-1.9308544,-0.50072527,-15.278667
-1.9316548,-0.49998355,-15.279043
-1.9324552,-0.49924183,-15.279419
-1.9332556,-0.4985001,-15.279795
-1.9340559,-0.4977584,-15.28017
-1.9348563,-0.49701667,-15.280546
-1.9356567,-0.49627495,-15.280922
-1.936457,-0.49553323,-15.281298
-1.9372574,-0.4947915,-15.281673
-1.9380578,-0.4940498,-15.282049
-1.9388582,-0.49330807,-15.282425
-1.9396585,-0.49256635,-15.282801
-1.9404589,-0.49182463,-15.283176
-1.9412593,-0.4910829,-15.283552
-1.9420329,-0.4903946,-15.283939
-1.9428066,-0.48970628,-15.284327
-1.9435803,-0.48901796,-15.284714
-1.9443539,-0.48832965,-15.285101
-1.9451276,-0.48764133,-15.285488
-1.9459013,-0.48695302,-15.285875
-1.946675,-0.4862647,-15.2862625
-1.9474167,-0.4855835,-15.286617
-1.9481264,-0.48490945,-15.28694
-1.9488362,-0.48423538,-15.287262
-1.949546,-0.4835613,-15.287584
-1.9502558,-0.48288724,-15.287907
-1.9509655,-0.48221317,-15.288229
-1.9516753,-0.4815391,-15.288551
-1.9523851,-0.48086503,-15.288874
-1.9532781,-0.480077,-15.289329
-1.9541711,-0.47928897,-15.2897835
-1.955064,-0.47850093,-15.290238
-1.955957,-0.4777129,-15.290693
-1.95685,-0.47692487,-15.291148
-1.957743,-0.47613683,-15.291603
-1.958636,-0.4753488,-15.292058
-1.959529,-0.47456077,-15.292513
-1.960422,-0.47377273,-15.292968
-1.961315,-0.4729847,-15.293423
-1.962208,-0.47219667,-15.293878
-1.963101,-0.47140864,-15.2943325
-1.963994,-0.4706206,-15.294787
-1.964887,-0.46983257,-15.295242
-1.96578,-0.46904454,-15.295697
-1.966673,-0.4682565,-15.296152
-1.967566,-0.46746847,-15.296607
-1.968459,-0.46668044,-15.297062
-1.969352,-0.4658924,-15.297517
-1.970245,-0.46510437,-15.297972
-1.971138,-0.46431634,-15.298427
-1.972031,-0.4635283,-15.298882
-1.972924,-0.46274027,-15.299336
-1.973817,-0.46195224,-15.299791
-1.97471,-0.4611642,-15.300246
-1.9755689,-0.4603679,-15.300655
-1.976323,-0.45966363,-15.301013
-1.9770333,-0.45900747,-15.301356
-1.9777435,-0.4583513,-15.3017
-1.9784538,-0.45769516,-15.302043
-1.979164,-0.457039,-15.302386
-1.9798743,-0.45638284,-15.30273
-1.9805845,-0.45572668,-15.303073
-1.9812948,-0.45507053,-15.303416
-1.982005,-0.45441437,-15.30376
-1.9827152,-0.4537582,-15.304103
-1.9834859,-0.45305946,-15.304489
-1.9841979,-0.45241943,-15.304852
-1.9849098,-0.4517794,-15.305214
-1.9856217,-0.45113936,-15.305576
-1.9863336,-0.45049933,-15.305939
-1.9870455,-0.4498593,-15.306301
-1.9877574,-0.44921926,-15.3066635
-1.9884694,-0.44857922,-15.307026
-1.9891813,-0.4479392,-15.307388
-1.9898932,-0.44729915,-15.307751
-1.9906051,-0.44665912,-15.308113
-1.991317,-0.44601908,-15.3084755
-1.992029,-0.44537905,-15.308838
-1.9927409,-0.444739,-15.3092
-1.9934528,-0.44409898,-15.309563
-1.9941647,-0.44345894,-15.309925
-1.9948766,-0.4428189,-15.310287
-1.9955885,-0.44217888,-15.31065
-1.9963005,-0.44153884,-15.311012
-1.9970745,-0.44087264,-15.311427
-1.9977897,-0.4402652,-15.311816
-1.998505,-0.43965778,-15.312205
-1.9992608,-0.43897256,-15.312582
-1.9999999,-0.43828294,-15.312935
-2.0007389,-0.4375933,-15.313288
-2.001478,-0.4369037,-15.313641
-2.002217,-0.43621406,-15.313993
-2.0029562,-0.43552443,-15.314346
-2.0036952,-0.4348348,-15.314699
-2.004404,-0.4341666,-15.315032
-2.005076,-0.43345863,-15.315286
-2.0058084,-0.43294898,-15.315756
-2.0065408,-0.4324397,-15.316214
-2.0072272,-0.4316761,-15.316435
-2.0078816,-0.4309181,-15.316624
-2.008536,-0.4301601,-15.3168125
-2.0092552,-0.42939022,-15.317066
-2.0099661,-0.42869267,-15.317364
-2.010677,-0.42799512,-15.317661
-2.011388,-0.42729756,-15.317959
-2.012099,-0.4266,-15.318256
-2.012941,-0.42576003,-15.318603
-2.0137515,-0.42494136,-15.318932
-2.0145621,-0.4241227,-15.319261
-2.0153728,-0.42330402,-15.31959
-2.0161834,-0.42248535,-15.319919
-2.016994,-0.42166668,-15.320248
-2.0178046,-0.420848,-15.320577
-2.0186152,-0.42002934,-15.320906
-2.0194259,-0.41921067,-15.321235
-2.020162,-0.41846085,-15.321528
-2.020986,-0.41761613,-15.321853
-2.02181,-0.4167714,-15.322177
-2.022634,-0.4159267,-15.322501
-2.023458,-0.41508198,-15.322825
-2.024282,-0.41423726,-15.32315
-2.025106,-0.41339254,-15.323474
-2.02593,-0.41254783,-15.323798
-2.026754,-0.4117031,-15.324122
-2.0275779,-0.4108584,-15.324447
-2.0284019,-0.41001368,-15.324771
-2.0292258,-0.40916896,-15.325095
-2.0300498,-0.40832424,-15.325419
-2.0308738,-0.40747952,-15.325744
-2.0316978,-0.4066348,-15.326068
-2.0325217,-0.4057901,-15.326392
-2.0333457,-0.40494537,-15.326716
-2.0341697,-0.40410066,-15.327041
-2.0349936,-0.40325594,-15.327365
-2.0358782,-0.40236843,-15.327729
-2.0366442,-0.401597,-15.328044
-2.0375247,-0.40067816,-15.328382
-2.0384052,-0.39975932,-15.328719
-2.0392857,-0.3988405,-15.329057
-2.0401661,-0.39792165,-15.329394
-2.0410466,-0.39700282,-15.329732
-2.041927,-0.39608398,-15.33007
-2.0428076,-0.39516515,-15.330407
-2.043688,-0.3942463,-15.330745
-2.0445685,-0.39332747,-15.331082
-2.0454946,-0.39237657,-15.3314495
-2.0465117,-0.39136153,-15.331876
-2.0475287,-0.3903465,-15.332302
-2.0485458,-0.38933146,-15.332728
-2.049563,-0.38831642,-15.333155
-2.05058,-0.3873014,-15.333581
-2.051597,-0.38628635,-15.334007
-2.0526142,-0.3852713,-15.334434
-2.0536313,-0.38425627,-15.33486
-2.0546484,-0.38324124,-15.335286
-2.0556655,-0.3822262,-15.335712
-2.0566826,-0.38121116,-15.336139
-2.0576997,-0.38019612,-15.336565
-2.0587168,-0.3791811,-15.336991
-2.0597339,-0.37816605,-15.337418
-2.060751,-0.377151,-15.337844
-2.061768,-0.37613598,-15.33827
-2.0627851,-0.37512094,-15.3386965
-2.0638022,-0.3741059,-15.339123
-2.0648193,-0.37309086,-15.339549
-2.0658364,-0.37207583,-15.339975
-2.0668535,-0.3710608,-15.340402
-2.0678706,-0.37004575,-15.340828
-2.0688877,-0.3690307,-15.341254
-2.0699048,-0.36801568,-15.341681
-2.070922,-0.36700064,-15.342107
-2.071939,-0.36598524,-15.342533
-2.072956,-0.36496985,-15.342959
-2.0739732,-0.36395445,-15.343386
-2.0749903,-0.36293906,-15.343812
-2.0760074,-0.36192366,-15.344238
-2.0770245,-0.36090827,-15.344665
-2.0777895,-0.36013636,-15.344981
-2.0786417,-0.35926947,-15.34533
-2.0794938,-0.35840258,-15.345679
-2.0803459,-0.3575357,-15.346028
-2.081198,-0.3566688,-15.346377
-2.08205,-0.3558019,-15.346726
-2.0829022,-0.35493502,-15.347075
-2.0837543,-0.35406813,-15.3474245
-2.0846064,-0.35320124,-15.347774
-2.0854585,-0.35233435,-15.348123
-2.0863106,-0.35146746,-15.348472
-2.0871627,-0.35060057,-15.348821
-2.0880148,-0.34973368,-15.34917
-2.088867,-0.3488668,-15.349519
-2.089719,-0.3479999,-15.349868
-2.0905712,-0.347133,-15.350217
-2.0914233,-0.34626612,-15.350566
-2.0922754,-0.34539923,-15.350915
-2.0931275,-0.34453234,-15.351264
-2.0939796,-0.34366545,-15.351613
-2.0948317,-0.34279856,-15.351962
-2.0956838,-0.34193167,-15.352311
-2.096536,-0.34106478,-15.35266
-2.097388,-0.3401979,-15.353009
-2.0982401,-0.339331,-15.353358
-2.0990922,-0.3384641,-15.353707
-2.0999444,-0.33759722,-15.354056
-2.1007965,-0.33673033,-15.354405
-2.1016486,-0.33586344,-15.354754
-2.1025007,-0.33499655,-15.3551035
-2.1033528,-0.33412966,-15.355453
-2.104205,-0.33326277,-15.355802
-2.105057,-0.33239588,-15.356151
-2.105909,-0.331529,-15.3565
-2.1067612,-0.3306621,-15.356849
-2.1076133,-0.3297952,-15.357198
-2.1084654,-0.32892832,-15.357547
-2.1093175,-0.32806143,-15.357896
-2.1101844,-0.3271839,-15.358255
-2.111066,-0.32629573,-15.358625
-2.1119478,-0.32540756,-15.358995
-2.1128294,-0.3245194,-15.359365
-2.113711,-0.32363123,-15.3597355
-2.1145928,-0.32274306,-15.3601055
-2.1154745,-0.3218549,-15.360476
-2.1163561,-0.32096672,-15.360846
-2.1172693,-0.32005924,-15.3612385
-2.1181824,-0.31915176,-15.361631
-2.119066,-0.31826764,-15.362007
-2.1199496,-0.31738353,-15.362383
-2.1208332,-0.3164994,-15.362759
-2.1217167,-0.3156153,-15.363134
-2.1226003,-0.31473118,-15.36351
-2.123484,-0.31384706,-15.363886
-2.1243675,-0.31296295,-15.364262
-2.125251,-0.31207883,-15.364637
-2.1261346,-0.31119472,-15.365013
-2.1270182,-0.3103106,-15.365389
-2.1279018,-0.3094265,-15.365765
-2.1287854,-0.30854237,-15.36614
-2.129669,-0.30765826,-15.366516
-2.1305525,-0.30677414,-15.366892
-2.131436,-0.30589002,-15.367268
-2.1323197,-0.3050059,-15.367643
-2.1332033,-0.3041218,-15.368019
-2.1340868,-0.30323768,-15.368395
-2.1349704,-0.30235356,-15.368771
-2.135854,-0.30146945,-15.369146
-2.1367376,-0.30058533,-15.369522
-2.1376212,-0.2997012,-15.369898
-2.1385047,-0.2988171,-15.370274
-2.1393883,-0.29793298,-15.370649
-2.140272,-0.29704887,-15.371025
-2.1411555,-0.29616475,-15.371401
-2.142039,-0.29528064,-15.371777
-2.1429226,-0.29439652,-15.372152
-2.1438062,-0.2935124,-15.372528
-2.1446898,-0.2926283,-15.372904
-2.1455734,-0.29174417,-15.37328
-2.146457,-0.29086006,-15.373655
-2.1473405,-0.28997594,-15.374031
-2.148224,-0.28909183,-15.374407
-2.1491077,-0.2882077,-15.374783
-2.1499913,-0.2873236,-15.375158
-2.1508749,-0.28643948,-15.375534
-2.1517584,-0.28555536,-15.37591
-2.1526153,-0.28472507,-15.376297
-2.1534722,-0.28389478,-15.376684
-2.154329,-0.28306448,-15.377071
-2.155186,-0.2822342,-15.377459
-2.1560428,-0.2814039,-15.377846
-2.1568997,-0.2805736,-15.378233
-2.1577566,-0.2797433,-15.37862
-2.1585832,-0.27893478,-15.378988
-2.1593795,-0.278148,-15.379337
-2.1601758,-0.2773612,-15.379686
-2.160972,-0.27657443,-15.380035
-2.1617684,-0.27578765,-15.380384
-2.1625648,-0.27500087,-15.3807335
-2.163361,-0.2742141,-15.381083
-2.1641574,-0.2734273,-15.381432
-2.1649537,-0.27264053,-15.381781
-2.16575,-0.27185374,-15.38213
-2.1665463,-0.27106696,-15.382479
-2.1673427,-0.27028018,-15.382828
-2.168139,-0.2694934,-15.383177
-2.1689353,-0.26870662,-15.383526
-2.1697316,-0.26791984,-15.383875
-2.1704993,-0.26717037,-15.384218
-2.1712384,-0.2664582,-15.384556
-2.1719775,-0.26574606,-15.384893
-2.1727166,-0.2650339,-15.385231
-2.1734557,-0.26432174,-15.385569
-2.1741948,-0.2636096,-15.385906
-2.174934,-0.26289743,-15.386244
-2.175673,-0.26218528,-15.386581
-2.176412,-0.26147312,-15.386919
-2.1771512,-0.26076096,-15.387257
-2.1778903,-0.2600488,-15.387594
-2.1786294,-0.25933665,-15.387932
-2.1793685,-0.2586245,-15.388269
-2.1801076,-0.25791234,-15.388607
-2.1808467,-0.25720018,-15.388945
-2.1815858,-0.25648803,-15.389282
-2.182325,-0.25577587,-15.38962
-2.183064,-0.2550637,-15.389957
-2.183803,-0.25435156,-15.390295
-2.1845422,-0.2536394,-15.390633
-2.1852813,-0.25292724,-15.39097
-2.1860204,-0.2522151,-15.391308
-2.1867595,-0.25150293,-15.391645
-2.1874986,-0.25079077,-15.391983
-2.1882377,-0.25007862,-15.392321
-2.1889768,-0.24936643,-15.392658
-2.1897159,-0.24865425,-15.392996
-2.190455,-0.24794206,-15.393333
-2.191194,-0.24722987,-15.393671
-2.1919332,-0.24651769,-15.394009
-2.1926723,-0.2458055,-15.394346
-2.1934114,-0.24509332,-15.394684
-2.1941504,-0.24438113,-15.395021
-2.1948895,-0.24366894,-15.395359
-2.1956286,-0.24295676,-15.395697
-2.1963677,-0.24224457,-15.396034
-2.1971068,-0.24153239,-15.396372
-2.197846,-0.2408202,-15.396709
-2.1985548,-0.24012949,-15.397028
-2.1995726,-0.23912562,-15.397477
-2.2005904,-0.23812176,-15.397926
-2.2016082,-0.2371179,-15.3983755
-2.202626,-0.23611404,-15.398825
-2.2036438,-0.23511018,-15.399274
-2.2046616,-0.23410632,-15.399723
-2.2055435,-0.23319772,-15.400084
-2.2064254,-0.23228912,-15.400444
-2.2073073,-0.23138052,-15.4008045
-2.2081892,-0.23047192,-15.401165
-2.2090712,-0.22956333,-15.4015255
-2.209953,-0.22865473,-15.401886
-2.210835,-0.22774613,-15.402246
-2.211717,-0.22683753,-15.402607
-2.2125988,-0.22592893,-15.402967
-2.2134807,-0.22502033,-15.403328
-2.2143626,-0.22411174,-15.403688
-2.2152445,-0.22320314,-15.404049
-2.2161264,-0.22229454,-15.404409
-2.2170084,-0.22138594,-15.40477
-2.2178903,-0.22047734,-15.40513
-2.2187722,-0.21956874,-15.405491
-2.219654,-0.21866015,-15.405851
-2.220536,-0.21775155,-15.406212
-2.221418,-0.21684295,-15.406572
-2.2222998,-0.21593435,-15.406933
-2.2231817,-0.21502575,-15.407293
-2.2240636,-0.21411715,-15.407654
-2.2249455,-0.21320856,-15.408014
-2.2258275,-0.21229996,-15.408375
-2.2267094,-0.21139136,-15.408735
-2.2276795,-0.21038945,-15.40913
-2.2283556,-0.2096904,-15.409405
-2.2290318,-0.20899136,-15.409679
-2.229708,-0.20829232,-15.409954
-2.230384,-0.20759328,-15.410229
-2.2310603,-0.20689423,-15.410503
-2.2317364,-0.20619519,-15.410778
-2.2327178,-0.20513697,-15.411144
-2.2333918,-0.20440823,-15.411394
-2.2340965,-0.20365945,-15.411665
-2.2348013,-0.20291066,-15.411936
-2.235506,-0.20216188,-15.412207
-2.2362108,-0.2014131,-15.4124775
-2.2369156,-0.20066431,-15.412748
-2.2376204,-0.19991553,-15.413019
-2.238325,-0.19916674,-15.41329
-2.23903,-0.19841796,-15.413561
-2.2397346,-0.19766918,-15.413832
-2.2404394,-0.1969204,-15.414103
-2.2411442,-0.19617161,-15.414373
-2.241849,-0.19542283,-15.414644
-2.2425537,-0.19467404,-15.414915
-2.2432585,-0.19392526,-15.415186
-2.2439632,-0.19317648,-15.415457
-2.244668,-0.1924277,-15.415728
-2.2453728,-0.19167891,-15.415998
-2.2460775,-0.19093013,-15.416269
-2.2467823,-0.19018134,-15.41654
-2.247487,-0.18943256,-15.416811
-2.2481918,-0.18868378,-15.417082
-2.2488966,-0.187935,-15.417353
-2.2496014,-0.18718621,-15.4176235
-2.2503061,-0.18643743,-15.417894
-2.251011,-0.18568864,-15.418165
-2.2517157,-0.18493986,-15.418436
-2.2524204,-0.18419108,-15.418707
-2.2531252,-0.1834423,-15.418978
-2.25383,-0.18269351,-15.419249
-2.2545347,-0.18194473,-15.419519
-2.2552395,-0.18119594,-15.41979
-2.2559443,-0.18044716,-15.420061
-2.256649,-0.17969838,-15.420332
-2.2573538,-0.1789496,-15.420603
-2.2580585,-0.17820081,-15.420874
-2.2587633,-0.17745203,-15.4211445
-2.259468,-0.17670324,-15.421415
-2.2601411,-0.17595963,-15.421653
-2.2611032,-0.17485197,-15.421959
-2.2620652,-0.1737443,-15.422265
-2.2630272,-0.17263664,-15.422571
-2.2639892,-0.17152898,-15.422877
-2.2649822,-0.17040129,-15.423204
-2.2656856,-0.1696228,-15.42345
-2.266389,-0.1688443,-15.4236965
-2.2670922,-0.1680658,-15.423943
-2.2677956,-0.1672873,-15.424189
-2.268499,-0.16650881,-15.424435
-2.2692022,-0.16573031,-15.424681
-2.2699056,-0.16495182,-15.424927
-2.2706077,-0.164158,-15.42516
-2.2713087,-0.16334887,-15.425382
-2.2720096,-0.16253974,-15.425603
-2.2727106,-0.1617306,-15.425824
-2.2734115,-0.16092147,-15.426045
-2.2741125,-0.16011234,-15.426267
-2.2748134,-0.1593032,-15.426488
-2.2755144,-0.15849407,-15.426709
-2.2762153,-0.15768494,-15.42693
-2.2769163,-0.1568758,-15.427152
-2.2776172,-0.15606667,-15.427373
-2.2783182,-0.15525754,-15.427594
-2.279019,-0.1544484,-15.427815
-2.27972,-0.15363927,-15.428037
-2.280421,-0.15283014,-15.428258
-2.281122,-0.152021,-15.428479
-2.281823,-0.15121187,-15.4287
-2.2825239,-0.15040274,-15.428922
-2.2832248,-0.1495936,-15.429143
-2.2839258,-0.14878447,-15.429364
-2.2846267,-0.14797534,-15.429585
-2.2853277,-0.1471662,-15.429807
-2.2860286,-0.14635707,-15.430028
-2.2867296,-0.14554794,-15.430249
-2.2874305,-0.14473881,-15.43047
-2.2881315,-0.14392968,-15.430692
-2.2888324,-0.14312054,-15.430913
-2.2895334,-0.14231141,-15.431134
-2.2902343,-0.14150228,-15.431355
-2.2909353,-0.14069314,-15.431577
-2.2916362,-0.13988401,-15.431798
-2.2923372,-0.13907488,-15.432019
-2.2930381,-0.13826574,-15.4322405
-2.293739,-0.13745661,-15.432462
-2.29444,-0.13664748,-15.432683
-2.295141,-0.13583834,-15.432904
-2.295842,-0.13502921,-15.4331255
-2.296543,-0.13422008,-15.433347
-2.2972305,-0.1334378,-15.433572
-2.2979047,-0.13268237,-15.433801
-2.298579,-0.13192694,-15.43403
-2.2992532,-0.13117151,-15.434258
-2.2999275,-0.13041608,-15.434487
-2.3006017,-0.12966065,-15.434716
-2.301276,-0.12890522,-15.434945
-2.3021653,-0.12785389,-15.435208
-2.3029935,-0.12684345,-15.4354315
-2.3038218,-0.12583302,-15.435655
-2.30465,-0.12482259,-15.435878
-2.3054783,-0.123812154,-15.436101
-2.3063066,-0.12280172,-15.436324
-2.3071349,-0.12179129,-15.436547
-2.3079631,-0.120780855,-15.43677
-2.3087914,-0.11977042,-15.436994
-2.3096197,-0.11875999,-15.437217
-2.3104072,-0.11782924,-15.437454
-2.3111947,-0.11689849,-15.437692
-2.3119822,-0.11596774,-15.437929
-2.3127697,-0.115036994,-15.438167
-2.3135571,-0.114106245,-15.438404
-2.3143446,-0.1131755,-15.438642
-2.3151321,-0.11224475,-15.438879
-2.3159196,-0.111314,-15.4391165
-2.3167071,-0.11038325,-15.439354
-2.3174946,-0.1094525,-15.439591
-2.3182821,-0.10852175,-15.439829
-2.3190696,-0.107591,-15.440066
-2.3198571,-0.106660254,-15.440304
-2.3206446,-0.105729505,-15.440541
-2.321432,-0.10479876,-15.440779
-2.3222196,-0.10386801,-15.441016
-2.323007,-0.10293726,-15.441254
-2.3237946,-0.10200651,-15.441491
-2.324582,-0.10107576,-15.441729
-2.3253696,-0.10014501,-15.441966
-2.326157,-0.09921426,-15.4422035
-2.3269446,-0.098283514,-15.442441
-2.327732,-0.097352766,-15.442678
-2.3285196,-0.09642202,-15.442916
-2.329307,-0.09549127,-15.443153
-2.3300326,-0.09460062,-15.443353
-2.3306673,-0.09378631,-15.443505
-2.331354,-0.09285066,-15.443635
-2.3320405,-0.09191502,-15.443765
-2.3327272,-0.090979375,-15.443894
-2.3334138,-0.09004373,-15.444024
-2.3341005,-0.08910809,-15.444154
-2.3347871,-0.08817244,-15.4442835
-2.3354738,-0.0872368,-15.444413
-2.3361247,-0.086428985,-15.444594
-2.3367636,-0.08566378,-15.444793
-2.3374026,-0.084898576,-15.444991
-2.3380415,-0.08413337,-15.445189
-2.3386805,-0.08336817,-15.445388
-2.3393195,-0.08260296,-15.445586
-2.3399584,-0.08183776,-15.445785
-2.3405974,-0.081072554,-15.445983
-2.3412364,-0.08030735,-15.446181
-2.3418753,-0.079542145,-15.44638
-2.3425143,-0.07877694,-15.446578
-2.3431532,-0.078011736,-15.446776
-2.3437922,-0.07724653,-15.446975
-2.3444312,-0.07648133,-15.447173
-2.3450701,-0.07571612,-15.4473715
-2.345709,-0.07495092,-15.44757
-2.346348,-0.074185714,-15.447768
-2.346987,-0.07342051,-15.447967
-2.347626,-0.072655305,-15.448165
-2.3482969,-0.07171415,-15.448276
-2.348937,-0.07077772,-15.448352
-2.3495772,-0.069841295,-15.448428
-2.3502173,-0.06890487,-15.448504
-2.3508575,-0.06796844,-15.448581
-2.3514977,-0.06703202,-15.448657
-2.3521378,-0.06609559,-15.448733
-2.352778,-0.065159164,-15.44881
-2.353418,-0.06422274,-15.448886
-2.3540583,-0.06328631,-15.448962
-2.3546534,-0.062380575,-15.449008
-2.3552485,-0.061474837,-15.449054
-2.3558435,-0.0605691,-15.4491
-2.3564386,-0.059663363,-15.449145
-2.3570337,-0.058757626,-15.449191
-2.3576288,-0.05785189,-15.449237
-2.358224,-0.05694615,-15.449283
-2.358819,-0.056040414,-15.449328
-2.359414,-0.055134676,-15.449374
-2.3600092,-0.05422894,-15.44942
-2.3606043,-0.0533232,-15.449466
-2.3611994,-0.052417465,-15.449512
-2.3617945,-0.051511705,-15.449557
-2.3623896,-0.0506059,-15.449603
-2.3629847,-0.049700096,-15.449649
-2.3635507,-0.04883042,-15.449687
-2.3641114,-0.047911704,-15.449687
-2.3646722,-0.046992987,-15.449687
-2.365233,-0.04607427,-15.449687
-2.3657937,-0.045155555,-15.449687
-2.3663545,-0.04423684,-15.449687
-2.3669152,-0.043318123,-15.449687
-2.367476,-0.042399406,-15.449687
-2.3680367,-0.04148069,-15.449687
-2.3685975,-0.040561974,-15.449687
-2.3691666,-0.039725214,-15.449754
-2.3698125,-0.03883918,-15.449874
-2.3704,-0.038025793,-15.44998
-2.3710372,-0.037231676,-15.450158
-2.3716745,-0.03643756,-15.450336
-2.3723118,-0.035643443,-15.450515
-2.3729491,-0.034849327,-15.450693
-2.3735864,-0.03405521,-15.450871
-2.3742237,-0.033261094,-15.45105
-2.3748524,-0.032368965,-15.451148
-2.3754327,-0.031473864,-15.451188
-2.3760786,-0.030588688,-15.451317
-2.3767245,-0.029703716,-15.451446
-2.3773704,-0.028819157,-15.451574
-2.3780162,-0.027934598,-15.451703
-2.378662,-0.027050039,-15.451832
-2.379308,-0.02616548,-15.451961
-2.3799539,-0.02528092,-15.452089
-2.3805997,-0.024396362,-15.452218
-2.3812456,-0.023511803,-15.452347
-2.3818915,-0.022627244,-15.452476
-2.3825288,-0.021834623,-15.452664
-2.3831446,-0.020986285,-15.452793
-2.3837445,-0.020147853,-15.452911
-2.3843791,-0.01935554,-15.4531
-2.3850138,-0.018563226,-15.453289
-2.3856485,-0.017770912,-15.453478
-2.3861847,-0.016921788,-15.453507
-2.3861887,-0.016100656,-15.452922
-2.3856375,-0.015859623,-15.452111
-2.3850904,-0.015620139,-15.451301
-2.3845472,-0.015382177,-15.45049
-2.3839488,-0.015265436,-15.449692
-2.383294,-0.015254328,-15.448901
-2.382751,-0.015018107,-15.448091
-2.382236,-0.014729233,-15.447274
-2.381693,-0.014491798,-15.446464
-2.3811498,-0.014253804,-15.445653
-2.3806067,-0.014015811,-15.444842
-2.3802211,-0.013541806,-15.44404
-2.379678,-0.01330473,-15.44323
-2.379135,-0.013067207,-15.442419
-2.3784113,-0.013378739,-15.441779
-2.3777094,-0.013538223,-15.441061
-2.3776035,-0.012800265,-15.440392
-2.3773317,-0.012199585,-15.439633
-2.377286,-0.011407887,-15.4389925
-2.37703,-0.0107646035,-15.438218
-2.3766575,-0.010246414,-15.4374
-2.3762138,-0.009841822,-15.436583
-2.3756707,-0.009602878,-15.435772
-2.3751545,-0.009279097,-15.434929
-2.3745794,-0.009025137,-15.434059
-2.3740044,-0.008771176,-15.433189
-2.3735185,-0.008427075,-15.432362
-2.3730721,-0.007938553,-15.431478
-2.3726258,-0.007450027,-15.4305935
-2.3721795,-0.0069615003,-15.429709
-2.3717332,-0.0064729736,-15.428825
-2.3712869,-0.005984447,-15.427941
-2.3708405,-0.0054959203,-15.427057
-2.3703942,-0.0050073937,-15.426173
-2.369948,-0.004518867,-15.425289
-2.3695016,-0.004029146,-15.424405
-2.3691034,-0.0035606595,-15.423594
-2.368701,-0.0029926365,-15.422709
-2.3682985,-0.0024246136,-15.421824
-2.3678977,-0.0018560218,-15.420939
-2.3674972,-0.0012873488,-15.420054
-2.3670967,-7.18676E-4,-15.419169
-2.3666961,-1.5000347E-4,-15.418284
-2.3662956,4.186691E-4,-15.417399
-2.365895,9.873417E-4,-15.416514
-2.3654945,0.0015560148,-15.415629
-2.365094,0.0021246877,-15.414744
-2.3646934,0.0026933607,-15.413859
-2.364313,0.003171722,-15.413062
-2.3638573,0.0036020142,-15.412208
-2.363417,0.0040415176,-15.411364
-2.3630183,0.004606972,-15.410471
-2.3626196,0.0051724263,-15.409578
-2.362221,0.0057378807,-15.408686
-2.3618393,0.0062797912,-15.40783
-2.3614748,0.0067981705,-15.407012
-2.3611102,0.00731655,-15.406194
-2.3607457,0.007834929,-15.4053755
-2.3603811,0.008353303,-15.404557
-2.3600166,0.008871677,-15.403739
-2.359652,0.0093900515,-15.402921
-2.3592887,0.009908437,-15.402102
-2.3589268,0.0104257045,-15.401284
-2.3585649,0.010942972,-15.400466
-2.358203,0.011459704,-15.399648
-2.357841,0.011975496,-15.398829
-2.357479,0.012491289,-15.398011
-2.3571172,0.013007081,-15.397193
-2.3567553,0.013523416,-15.396375
-2.3563933,0.0140404375,-15.395556
-2.3560314,0.014557459,-15.394738
-2.3556695,0.015074481,-15.39392
-2.3553386,0.015609005,-15.393123
-2.354774,0.015795548,-15.39231
-2.354239,0.016033383,-15.391483
-2.353704,0.016271219,-15.390656
-2.353169,0.016509054,-15.38983
-2.352634,0.01674689,-15.389003
-2.351933,0.01665331,-15.388245
-2.3511891,0.016466241,-15.387512
-2.350519,0.016471835,-15.386711
-2.349984,0.016707327,-15.385884
-2.349449,0.01694282,-15.385057
-2.348914,0.017178312,-15.384231
-2.348379,0.017413804,-15.383404
-2.3476923,0.01732874,-15.382657
-2.3469484,0.01688233,-15.3821535
-2.3463058,0.01691199,-15.38138
-2.345655,0.016990302,-15.380543
-2.3449876,0.017096974,-15.379677
-2.344364,0.017267056,-15.378815
-2.3437402,0.017437138,-15.377953
-2.3431165,0.01760722,-15.37709
-2.3424928,0.017777301,-15.376228
-2.341869,0.017947383,-15.375366
-2.3412454,0.018117465,-15.374504
-2.3406217,0.018287547,-15.373642
-2.339998,0.018457629,-15.37278
-2.3393743,0.01862771,-15.371918
-2.3387191,0.018813156,-15.371008
-2.3380632,0.019015435,-15.370087
-2.3374074,0.019217715,-15.369165
-2.3367515,0.019419994,-15.368244
-2.3360956,0.019622274,-15.367323
-2.3354578,0.01979835,-15.366437
-2.334836,0.019966554,-15.365575
-2.3342142,0.020134758,-15.364713
-2.3335924,0.020302963,-15.363851
-2.3329706,0.020471167,-15.362988
-2.3323488,0.020639371,-15.362126
-2.331727,0.020807575,-15.361264
-2.3311052,0.02097578,-15.360402
-2.3304834,0.021143984,-15.35954
-2.3298624,0.02126202,-15.358715
-2.329289,0.02150407,-15.3578415
-2.328731,0.021771537,-15.356966
-2.3281732,0.022039004,-15.356091
-2.3276153,0.02230647,-15.355215
-2.3270574,0.022573937,-15.35434
-2.3265305,0.022826446,-15.353518
-2.3259726,0.023093795,-15.352648
-2.3254147,0.023361145,-15.351778
-2.3248568,0.023628494,-15.350908
-2.3242989,0.023895843,-15.350039
-2.323741,0.024163192,-15.349169
-2.3231237,0.024279512,-15.348346
-2.3224628,0.024269998,-15.347566
-2.321944,0.024521798,-15.346723
-2.3214252,0.024773598,-15.34588
-2.3206775,0.024398724,-15.345265
-2.3199298,0.023957929,-15.344705
-2.3191974,0.023526048,-15.344155
-2.318465,0.023094168,-15.343606
-2.3177326,0.022662275,-15.343057
-2.3170002,0.02223035,-15.342507
-2.3162677,0.02179905,-15.341958
-2.3155353,0.021367751,-15.341409
-2.314803,0.020936452,-15.340859
-2.314037,0.020488061,-15.340299
-2.3133018,0.020057902,-15.339761
-2.3125665,0.019627742,-15.339223
-2.3118312,0.019197583,-15.338685
-2.3110645,0.018750433,-15.338128
-2.3103282,0.018321339,-15.337594
-2.309592,0.017892245,-15.33706
-2.3088558,0.017463151,-15.336526
-2.308058,0.01699837,-15.335946
-2.3072903,0.016551744,-15.335383
-2.3065221,0.0161053,-15.334822
-2.305784,0.015676973,-15.334284
-2.3050458,0.015248637,-15.333746
-2.3043077,0.014820299,-15.333208
-2.3035696,0.0143919615,-15.33267
-2.3028314,0.013963624,-15.332132
-2.3020933,0.013535286,-15.331594
-2.3013551,0.013107753,-15.331057
-2.3006136,0.012681013,-15.3305235
-2.2998698,0.012254721,-15.329997
-2.299126,0.011828428,-15.329471
-2.2983665,0.011393366,-15.328931
-2.2976227,0.01096759,-15.328397
-2.2968767,0.010542458,-15.327866
-2.296127,0.0101178195,-15.327339
-2.2953775,0.009693181,-15.326813
-2.2945971,0.009250741,-15.326262
-2.2938352,0.008816721,-15.32572
-2.2930913,0.008391177,-15.325193
-2.2923474,0.007965555,-15.324667
-2.2916036,0.0075399335,-15.324141
-2.2908597,0.007114132,-15.323612
-2.2901158,0.0066882195,-15.323086
-2.2895179,0.0067790314,-15.3222885
-2.2895293,0.0075555085,-15.321648
-2.2887902,0.007174215,-15.321083
-2.2880406,0.0067523383,-15.320534
-2.2873025,0.0063404953,-15.319996
-2.2865653,0.0060104337,-15.319397
-2.2858157,0.0057875197,-15.31871
-2.2850661,0.005564606,-15.318024
-2.2842689,0.005300219,-15.317321
-2.2834868,0.0050286734,-15.316644
-2.2827048,0.0047571277,-15.315967
-2.2819228,0.004485582,-15.3152895
-2.2811408,0.0042140363,-15.314612
-2.2803588,0.0039424906,-15.313935
-2.2795768,0.0036709427,-15.313258
-2.2787948,0.0033989984,-15.312581
-2.2780128,0.003125469,-15.311904
-2.2772307,0.0028504233,-15.311227
-2.2764487,0.0025749987,-15.31055
-2.2757163,0.0024067902,-15.309841
-2.2749686,0.002246029,-15.309109
-2.274221,0.0020852678,-15.308376
-2.2734733,0.0019245066,-15.307644
-2.2727246,0.0016988695,-15.306965
-2.2719738,0.0014248978,-15.306323
-2.2712865,0.0013810629,-15.30556
-2.2705312,9.6216897E-4,-15.305034
-2.2697759,5.432764E-4,-15.304507
-2.2690206,1.2438316E-4,-15.303981
-2.2682662,-2.2928817E-4,-15.303401
-2.267511,-6.482635E-4,-15.302887
-2.2667398,-0.0010761516,-15.302373
-2.2659774,-0.0014371541,-15.301788
-2.2652335,-0.0018537962,-15.301262
-2.2644897,-0.0022704382,-15.300735
-2.2637768,-0.0023710658,-15.299997
-2.263095,-0.002387662,-15.299221
-2.262413,-0.0024046218,-15.298445
-2.2617311,-0.0024215817,-15.297668
-2.2610803,-0.0024045964,-15.296903
-2.2603674,-0.0026015586,-15.296227
-2.2598405,-0.0023316622,-15.295417
-2.2593136,-0.0020617659,-15.294606
