-0.53629494,-2.0967674,-14.977901
-0.5355499,-2.097292,-14.978331
-0.5348048,-2.0978165,-14.97876
-0.5340583,-2.098341,-14.979189
-0.53331023,-2.0988655,-14.979618
-0.5325622,-2.09939,-14.980047
-0.53181416,-2.0999146,-14.980476
-0.53106576,-2.100439,-14.9809
-0.5302482,-2.1008635,-14.981293
-0.52932286,-2.10096,-14.981679
-0.52838963,-2.1011102,-14.9820795
-0.5276086,-2.1016495,-14.982501
-0.5268275,-2.1021888,-14.982923
-0.52604645,-2.1027281,-14.983344
-0.5252804,-2.1032577,-14.983755
-0.52449185,-2.1038034,-14.984176
-0.5237033,-2.1043491,-14.984596
-0.5229147,-2.1048949,-14.985017
-0.52212614,-2.1054406,-14.985437
-0.5213663,-2.1059635,-14.98585
-0.52059823,-2.1064904,-14.986272
-0.51983017,-2.1070173,-14.986693
-0.5190621,-2.1075442,-14.987115
-0.51829404,-2.108071,-14.987536
-0.517526,-2.108598,-14.987958
-0.51674277,-2.109135,-14.988387
-0.5159515,-2.109675,-14.988816
-0.51516026,-2.110215,-14.989245
-0.514369,-2.110755,-14.989675
-0.51357776,-2.111295,-14.990104
-0.5127865,-2.111835,-14.990533
-0.51199526,-2.112375,-14.990962
-0.511204,-2.112915,-14.991391
-0.5104161,-2.1134768,-14.991824
-0.50970095,-2.1141326,-14.992251
-0.5089858,-2.1147885,-14.992679
-0.5082707,-2.1154444,-14.993106
-0.50755554,-2.1161003,-14.993533
-0.5068404,-2.1167562,-14.99396
-0.5061253,-2.117412,-14.994388
-0.50541013,-2.118068,-14.994815
-0.504695,-2.1187239,-14.995242
-0.50397986,-2.1193798,-14.995669
-0.5032647,-2.1200356,-14.996097
-0.5025496,-2.1206915,-14.996524
-0.50183445,-2.1213474,-14.996951
-0.5011193,-2.1220033,-14.997378
-0.5004042,-2.1226592,-14.997806
-0.49968916,-2.123315,-14.998233
-0.49897423,-2.123971,-14.99866
-0.4982629,-2.1245508,-14.999064
-0.4975516,-2.1251307,-14.999469
-0.49684027,-2.1257105,-14.999873
-0.49612895,-2.1262903,-15.0002775
-0.49541762,-2.1268702,-15.000682
-0.4947063,-2.12745,-15.001086
-0.49399498,-2.1280298,-15.001491
-0.49328366,-2.1286097,-15.001895
-0.49257234,-2.1291895,-15.002299
-0.49186102,-2.1297693,-15.002704
-0.4911497,-2.1303492,-15.003108
-0.49043837,-2.130929,-15.003512
-0.48972705,-2.1315088,-15.003917
-0.48901573,-2.1320887,-15.004321
-0.4883044,-2.1326685,-15.004725
-0.48759308,-2.1332483,-15.00513
-0.48688176,-2.1338282,-15.005534
-0.48617044,-2.134408,-15.005939
-0.48545912,-2.1349878,-15.006343
-0.4847478,-2.1355677,-15.006747
-0.48403648,-2.1361475,-15.007152
-0.48332515,-2.1367273,-15.007556
-0.48261383,-2.1373072,-15.00796
-0.4819025,-2.137887,-15.008365
-0.4811912,-2.1384668,-15.008769
-0.48047987,-2.1390467,-15.009173
-0.47976685,-2.139677,-15.009585
-0.47896406,-2.1404052,-15.010052
-0.47816128,-2.1411333,-15.010518
-0.4773585,-2.1418614,-15.010984
-0.4765557,-2.1425896,-15.011451
-0.47575292,-2.1433177,-15.011917
-0.47495013,-2.1440458,-15.012383
-0.47414735,-2.144774,-15.01285
-0.47334456,-2.145502,-15.013316
-0.47254178,-2.1462302,-15.0137825
-0.471739,-2.1469584,-15.014249
-0.4709362,-2.1476865,-15.014715
-0.47013342,-2.1484146,-15.015182
-0.46933064,-2.1491427,-15.015648
-0.46852785,-2.1498709,-15.016114
-0.46772507,-2.150599,-15.016581
-0.46692228,-2.1513271,-15.017047
-0.4661195,-2.1520553,-15.017513
-0.4653167,-2.1527834,-15.01798
-0.46451393,-2.1535115,-15.018446
-0.46371114,-2.1542397,-15.018912
-0.46290836,-2.1549678,-15.019379
-0.46210557,-2.155696,-15.019845
-0.4613028,-2.156424,-15.020311
-0.4605,-2.1571522,-15.020778
-0.45969722,-2.1578803,-15.021244
-0.45889443,-2.1586084,-15.02171
-0.45809165,-2.1593366,-15.022177
-0.45728886,-2.1600647,-15.022643
-0.45627657,-2.161007,-15.023237
-0.45553187,-2.1617064,-15.023676
-0.45478716,-2.162406,-15.024115
-0.45404246,-2.1631055,-15.024553
-0.45329776,-2.163805,-15.024992
-0.45255306,-2.1645045,-15.025431
-0.45180836,-2.165204,-15.025869
-0.45106366,-2.1659036,-15.026308
-0.45031896,-2.166603,-15.026747
-0.44957426,-2.1673026,-15.027185
-0.44882956,-2.1680021,-15.027624
-0.44808486,-2.1687016,-15.028063
-0.44734016,-2.1694012,-15.0285015
-0.44659546,-2.1701007,-15.02894
-0.44585076,-2.1708002,-15.029379
-0.44510606,-2.1714997,-15.029818
-0.44436136,-2.1721992,-15.030256
-0.44361666,-2.1728988,-15.030695
-0.44287196,-2.1735983,-15.031134
-0.44212726,-2.1742978,-15.031572
-0.44138256,-2.1749973,-15.032011
-0.44063786,-2.1756968,-15.03245
-0.43989316,-2.1763964,-15.032888
-0.43914846,-2.177096,-15.033327
-0.43840376,-2.1777954,-15.033766
-0.43765905,-2.178495,-15.0342045
-0.43691435,-2.1791945,-15.034643
-0.43616965,-2.179894,-15.035082
-0.43542495,-2.1805935,-15.035521
-0.43468025,-2.181293,-15.035959
-0.43393555,-2.1819925,-15.036398
-0.43319085,-2.182692,-15.036837
-0.43244615,-2.1833916,-15.037275
-0.43170145,-2.184091,-15.037714
-0.43095675,-2.1847906,-15.038153
-0.43021205,-2.1854901,-15.038591
-0.42946735,-2.1861897,-15.03903
-0.42872265,-2.1868892,-15.039469
-0.42797795,-2.1875887,-15.039907
-0.42723325,-2.1882882,-15.040346
-0.42648855,-2.1889877,-15.040785
-0.42574385,-2.1896873,-15.041224
-0.42499915,-2.1903868,-15.041662
-0.42425445,-2.1910863,-15.042101
-0.42350975,-2.1917858,-15.04254
-0.42276505,-2.1924853,-15.042978
-0.42202035,-2.1931849,-15.043417
-0.42127565,-2.1938844,-15.043856
-0.42053095,-2.194584,-15.044294
-0.41966787,-2.195434,-15.044815
-0.4188048,-2.1962843,-15.045336
-0.41794172,-2.1971345,-15.045856
-0.41707864,-2.1979847,-15.046377
-0.41621557,-2.198835,-15.046898
-0.4153525,-2.199685,-15.047419
-0.41448942,-2.2005353,-15.047939
-0.41362634,-2.2013855,-15.04846
-0.41276327,-2.2022357,-15.048981
-0.4119002,-2.203086,-15.049501
-0.41103712,-2.203936,-15.050022
-0.41017404,-2.2047863,-15.050543
-0.40931097,-2.2056365,-15.051064
-0.4084479,-2.2064867,-15.051584
-0.40758482,-2.207337,-15.052105
-0.40672174,-2.208187,-15.052626
-0.40585867,-2.2090373,-15.053146
-0.4049956,-2.2098875,-15.053667
-0.40413252,-2.2107377,-15.054188
-0.40326944,-2.211588,-15.0547085
-0.40240636,-2.212438,-15.055229
-0.4015433,-2.2132883,-15.05575
-0.4006802,-2.2141385,-15.056271
-0.39981714,-2.2149887,-15.056791
-0.39895406,-2.215839,-15.057312
-0.398091,-2.216689,-15.057833
-0.3972279,-2.2175393,-15.058353
-0.39636484,-2.2183895,-15.058874
-0.39550176,-2.2192397,-15.059395
-0.3946387,-2.22009,-15.059916
-0.3937756,-2.22094,-15.060436
-0.39291254,-2.2217903,-15.060957
-0.39204946,-2.2226405,-15.061478
-0.3911864,-2.2234907,-15.061998
-0.3903233,-2.224341,-15.062519
-0.38946024,-2.225191,-15.06304
-0.38859716,-2.2260413,-15.0635605
-0.3877341,-2.2268915,-15.064081
-0.386871,-2.2277417,-15.064602
-0.38600793,-2.228592,-15.065123
-0.38514486,-2.2294421,-15.065643
-0.38428178,-2.2302923,-15.066164
-0.3834187,-2.2311425,-15.066685
-0.38255563,-2.2319927,-15.067205
-0.38169256,-2.232843,-15.067726
-0.38082948,-2.2336931,-15.068247
-0.3799664,-2.2345433,-15.068768
-0.37907752,-2.2353845,-15.069302
-0.37818864,-2.2362256,-15.069836
-0.37729976,-2.2370667,-15.07037
-0.37641087,-2.237908,-15.070904
-0.375522,-2.238749,-15.071438
-0.3746331,-2.2395902,-15.071972
-0.37374422,-2.2404313,-15.072506
-0.37285534,-2.2412724,-15.07304
-0.37196645,-2.2421136,-15.073574
-0.37107757,-2.2429547,-15.074108
-0.37018868,-2.2437959,-15.074642
-0.3692998,-2.244637,-15.075176
-0.36841092,-2.2454782,-15.07571
-0.36752203,-2.2463193,-15.076244
-0.36663315,-2.2471604,-15.076778
-0.36574426,-2.2480016,-15.077312
-0.36485538,-2.2488427,-15.077847
-0.3639665,-2.2496839,-15.078381
-0.3630776,-2.250525,-15.078915
-0.36218873,-2.2513661,-15.079449
-0.36129984,-2.2522073,-15.079983
-0.36041096,-2.2530484,-15.080517
-0.35952207,-2.2538896,-15.081051
-0.3586332,-2.2547307,-15.081585
-0.3577443,-2.2555718,-15.082119
-0.35685542,-2.256413,-15.082653
-0.35596654,-2.2572541,-15.083187
-0.35507765,-2.2580953,-15.083721
-0.35418877,-2.2589364,-15.084255
-0.3532999,-2.2597775,-15.084789
-0.352411,-2.2606187,-15.085323
-0.35152212,-2.2614598,-15.085857
-0.35063323,-2.262301,-15.086391
-0.34974435,-2.263142,-15.0869255
-0.34885547,-2.2639832,-15.08746
-0.34796658,-2.2648244,-15.087994
-0.3470777,-2.2656655,-15.088528
-0.3461888,-2.2665067,-15.089062
-0.34529993,-2.2673478,-15.089596
-0.34441105,-2.268189,-15.09013
-0.34352216,-2.26903,-15.090664
-0.34263328,-2.2698712,-15.091198
-0.3417444,-2.2707124,-15.091732
-0.3408555,-2.2715535,-15.092266
-0.33996662,-2.2723947,-15.0928
-0.33907774,-2.2732358,-15.093334
-0.33818886,-2.274077,-15.093868
-0.33729997,-2.274918,-15.094402
-0.3364111,-2.2757592,-15.094936
-0.3355222,-2.2766004,-15.09547
-0.33463332,-2.2774415,-15.0960045
-0.33374444,-2.2782826,-15.096539
-0.33285555,-2.2791238,-15.097073
-0.33196667,-2.279965,-15.097607
-0.33107778,-2.280806,-15.098141
-0.33025464,-2.281565,-15.09863
-0.32949725,-2.2822416,-15.099074
-0.32873985,-2.2829182,-15.099519
-0.32798246,-2.2835948,-15.099963
-0.32722506,-2.2842715,-15.100408
-0.32646766,-2.284948,-15.100852
-0.32571027,-2.2856247,-15.101296
-0.32495287,-2.2863014,-15.101741
-0.32419547,-2.286978,-15.102185
-0.32343808,-2.2876546,-15.10263
-0.32268068,-2.2883313,-15.103074
-0.3219233,-2.289008,-15.1035185
-0.3211659,-2.2896845,-15.103963
-0.3204085,-2.2903612,-15.104407
-0.3196511,-2.2910378,-15.104852
-0.3188937,-2.2917144,-15.105296
-0.3181363,-2.292391,-15.105741
-0.3173789,-2.2930677,-15.106185
-0.3166215,-2.2937443,-15.106629
-0.31586412,-2.294421,-15.107074
-0.31510672,-2.2950976,-15.107518
-0.31434932,-2.2957742,-15.107963
-0.31359193,-2.2964509,-15.108407
-0.31283453,-2.2971275,-15.108851
-0.31207713,-2.297804,-15.109296
-0.31131974,-2.2984807,-15.10974
-0.31056234,-2.2991574,-15.110185
-0.30980495,-2.299834,-15.110629
-0.30904755,-2.3005106,-15.1110735
-0.30829015,-2.3011873,-15.111518
-0.30753276,-2.301864,-15.111962
-0.30677536,-2.3025405,-15.112407
-0.30601797,-2.3032172,-15.112851
-0.30526057,-2.3038938,-15.113296
-0.30450317,-2.3045704,-15.11374
-0.30374578,-2.305247,-15.114184
-0.30298838,-2.3059237,-15.114629
-0.30223098,-2.3066003,-15.115073
-0.3014736,-2.307277,-15.115518
-0.3007162,-2.3079536,-15.115962
-0.2999588,-2.3086302,-15.116406
-0.2992014,-2.3093069,-15.116851
-0.298444,-2.3099835,-15.117295
-0.2976866,-2.3106601,-15.11774
-0.2969292,-2.3113368,-15.118184
-0.2961718,-2.3120134,-15.1186285
-0.29541442,-2.31269,-15.119073
-0.29465702,-2.3133667,-15.119517
-0.29389963,-2.3140433,-15.119962
-0.29314223,-2.31472,-15.120406
-0.29238483,-2.3153965,-15.120851
-0.29162744,-2.3160732,-15.121295
-0.29087004,-2.3167498,-15.121739
-0.2900897,-2.3173916,-15.122186
-0.28930935,-2.3180335,-15.122632
-0.288529,-2.3186753,-15.123078
-0.28774866,-2.319317,-15.123525
-0.28696832,-2.319959,-15.123971
-0.28618798,-2.3206007,-15.124417
-0.28540763,-2.3212426,-15.124864
-0.2846273,-2.3218844,-15.12531
-0.28384694,-2.3225262,-15.125756
-0.2830666,-2.323168,-15.126203
-0.28228626,-2.3238099,-15.126649
-0.2815059,-2.3244517,-15.127095
-0.28072557,-2.3250935,-15.127542
-0.27994522,-2.3257353,-15.127988
-0.27916488,-2.3263772,-15.128434
-0.27838454,-2.327019,-15.1288805
-0.2776042,-2.3276608,-15.129327
-0.27682385,-2.3283026,-15.129773
-0.2760435,-2.3289444,-15.130219
-0.27526316,-2.3295863,-15.130666
-0.27448282,-2.330228,-15.131112
-0.27370247,-2.33087,-15.131558
-0.27292213,-2.3315117,-15.132005
-0.27214178,-2.3321536,-15.132451
-0.27136144,-2.3327954,-15.132897
-0.2705811,-2.3334372,-15.133344
-0.26980075,-2.334079,-15.13379
-0.2690204,-2.3347208,-15.134236
-0.26824006,-2.3353627,-15.134683
-0.26745972,-2.3360045,-15.135129
-0.26667938,-2.3366463,-15.135575
-0.26589903,-2.3372881,-15.136022
-0.2651187,-2.33793,-15.136468
-0.26433834,-2.3385718,-15.136914
-0.263558,-2.3392136,-15.137361
-0.26277766,-2.3398554,-15.137807
-0.2619973,-2.3404973,-15.138253
-0.26121697,-2.341139,-15.1387
-0.26043662,-2.341781,-15.139146
-0.25965628,-2.3424227,-15.139592
-0.25887594,-2.3430645,-15.1400385
-0.2580956,-2.3437064,-15.140485
-0.25731525,-2.3443482,-15.140931
-0.2565349,-2.34499,-15.141377
-0.25575456,-2.3456318,-15.141824
-0.25497422,-2.3462737,-15.14227
-0.25419387,-2.3469155,-15.142716
-0.25341353,-2.3475573,-15.143163
-0.25263318,-2.3481991,-15.143609
-0.25185284,-2.348841,-15.144055
-0.2510725,-2.3494828,-15.144502
-0.25029215,-2.3501246,-15.144948
-0.24951178,-2.3507664,-15.145394
-0.2487314,-2.3514082,-15.145841
-0.24792817,-2.352065,-15.146299
-0.24710208,-2.352737,-15.1467705
-0.24627599,-2.3534088,-15.147242
-0.2454499,-2.3540807,-15.147713
-0.24462381,-2.3547525,-15.148184
-0.24379772,-2.3554244,-15.148655
-0.24297163,-2.3560963,-15.149126
-0.24214554,-2.3567681,-15.149597
-0.24131945,-2.35744,-15.150068
-0.24049336,-2.3581119,-15.150539
-0.23966727,-2.3587837,-15.1510105
-0.23884118,-2.3594556,-15.151482
-0.23801509,-2.3601274,-15.151953
-0.237189,-2.3607993,-15.152424
-0.2363629,-2.3614712,-15.152895
-0.23553681,-2.362143,-15.153366
-0.23471072,-2.362815,-15.153837
-0.23388463,-2.3634868,-15.154308
-0.23305854,-2.3641586,-15.154779
-0.23223245,-2.3648305,-15.155251
-0.23140636,-2.3655024,-15.155722
-0.23058027,-2.3661742,-15.156193
-0.22975418,-2.366846,-15.156664
-0.22892809,-2.367518,-15.157135
-0.228102,-2.3681898,-15.157606
-0.22727591,-2.3688617,-15.158077
-0.22644982,-2.3695335,-15.158548
-0.22562373,-2.3702054,-15.159019
-0.22479764,-2.3708773,-15.159491
-0.22397155,-2.3715491,-15.159962
-0.22314546,-2.372221,-15.160433
-0.22231936,-2.3728929,-15.160904
-0.22149327,-2.3735647,-15.161375
-0.22066718,-2.3742366,-15.161846
-0.2198411,-2.3749084,-15.162317
-0.219015,-2.3755803,-15.162788
-0.21818891,-2.3762522,-15.1632595
-0.21736282,-2.376924,-15.163731
-0.21653673,-2.377596,-15.164202
-0.21571064,-2.3782678,-15.164673
-0.21488455,-2.3789396,-15.165144
-0.21405846,-2.3796115,-15.165615
-0.21323237,-2.3802834,-15.166086
-0.21240628,-2.3809552,-15.166557
-0.21158019,-2.381627,-15.167028
-0.2107541,-2.382299,-15.1675
-0.209928,-2.3829708,-15.167971
-0.20910192,-2.3836427,-15.168442
-0.20827582,-2.3843145,-15.168913
-0.20744973,-2.3849864,-15.169384
-0.20662364,-2.3856583,-15.169855
-0.20579755,-2.3863301,-15.170326
-0.20497146,-2.387002,-15.170797
-0.20414537,-2.3876739,-15.171268
-0.20331928,-2.3883457,-15.17174
-0.20249319,-2.3890176,-15.172211
-0.2016671,-2.3896894,-15.172682
-0.20084101,-2.3903613,-15.173153
-0.20001492,-2.3910332,-15.173624
-0.19918883,-2.391705,-15.174095
-0.19836274,-2.392377,-15.174566
-0.19753665,-2.3930488,-15.175037
-0.1966557,-2.3938034,-15.1755495
-0.19571991,-2.3946407,-15.176103
-0.19478412,-2.395478,-15.176656
-0.19384833,-2.3963153,-15.177209
-0.19291253,-2.3971527,-15.177762
-0.19197674,-2.39799,-15.178315
-0.19104095,-2.3988273,-15.178868
-0.19010516,-2.3996646,-15.179421
-0.18916936,-2.400502,-15.179975
-0.18823357,-2.4013393,-15.180528
-0.18729778,-2.4021766,-15.181081
-0.18636198,-2.403014,-15.181634
-0.18542619,-2.4038513,-15.182187
-0.1844904,-2.4046886,-15.18274
-0.1835546,-2.405526,-15.183293
-0.18261881,-2.4063632,-15.183846
-0.18168302,-2.4072006,-15.1844
-0.18074723,-2.408038,-15.184953
-0.17981143,-2.4088752,-15.185506
-0.17887564,-2.4097126,-15.186059
-0.17793985,-2.4105499,-15.186612
-0.17700405,-2.4113872,-15.187165
-0.17606826,-2.4122245,-15.187718
-0.17513247,-2.4130619,-15.1882715
-0.17419668,-2.4138992,-15.188825
-0.17326088,-2.4147365,-15.189378
-0.17232509,-2.4155738,-15.189931
-0.1713893,-2.4164112,-15.190484
-0.1704535,-2.4172485,-15.191037
-0.16951771,-2.4180858,-15.19159
-0.16858192,-2.4189231,-15.192143
-0.16764612,-2.4197605,-15.192697
-0.16671033,-2.4205978,-15.19325
-0.16577454,-2.421435,-15.193803
-0.16483875,-2.4222724,-15.194356
-0.16390295,-2.4231098,-15.194909
-0.16296716,-2.423947,-15.195462
-0.16203137,-2.4247844,-15.196015
-0.16109557,-2.4256217,-15.1965685
-0.16015978,-2.426459,-15.197122
-0.15922399,-2.4272964,-15.197675
-0.1582882,-2.4281337,-15.198228
-0.1573524,-2.428971,-15.198781
-0.15641661,-2.4298084,-15.199334
-0.15548082,-2.4306457,-15.199887
-0.15454502,-2.431483,-15.20044
-0.15360923,-2.4323204,-15.200994
-0.15267344,-2.4331577,-15.201547
-0.15173765,-2.433995,-15.2021
-0.15080185,-2.4348323,-15.202653
-0.14986606,-2.4356697,-15.203206
-0.14893027,-2.436507,-15.203759
-0.14799447,-2.4373443,-15.204312
-0.14705868,-2.4381816,-15.204865
-0.14612289,-2.439019,-15.205419
-0.14518778,-2.4399273,-15.205983
-0.14425267,-2.4408357,-15.206548
-0.14331757,-2.441744,-15.207112
-0.14238246,-2.4426525,-15.207677
-0.14144735,-2.4435608,-15.208241
-0.14051224,-2.4444692,-15.208806
-0.13957714,-2.4453776,-15.209371
-0.13864203,-2.446286,-15.209935
-0.13770692,-2.4471943,-15.2105
-0.13677181,-2.4481027,-15.211064
-0.1358367,-2.449011,-15.211629
-0.1349016,-2.4499195,-15.2121935
-0.13396649,-2.4508278,-15.212758
-0.13303138,-2.4517362,-15.213323
-0.13209628,-2.4526446,-15.213887
-0.13116117,-2.453553,-15.214452
-0.13022606,-2.4544613,-15.215016
-0.12929095,-2.4553697,-15.215581
-0.12835585,-2.456278,-15.2161455
-0.12742074,-2.4571865,-15.21671
-0.12648563,-2.4580948,-15.217275
-0.12555052,-2.4590032,-15.217839
-0.124615416,-2.4599116,-15.218404
-0.12368031,-2.46082,-15.218968
-0.1227452,-2.4617283,-15.219533
-0.12181009,-2.4626367,-15.220098
-0.120874986,-2.463545,-15.220662
-0.11993988,-2.4644535,-15.221227
-0.11900477,-2.4653618,-15.221791
-0.11806966,-2.4662702,-15.222356
-0.117134556,-2.4671786,-15.22292
-0.11619945,-2.468087,-15.223485
-0.11526434,-2.4689953,-15.22405
-0.114329234,-2.4699037,-15.224614
-0.11339413,-2.470812,-15.225179
-0.11245902,-2.4717205,-15.225743
-0.11152391,-2.4726288,-15.226308
-0.110588804,-2.4735372,-15.226872
-0.1096537,-2.4744456,-15.227437
-0.10871859,-2.475354,-15.228002
-0.10778348,-2.4762623,-15.228566
-0.106848374,-2.4771707,-15.229131
-0.10591327,-2.478079,-15.229695
-0.10497816,-2.4789875,-15.23026
-0.10404305,-2.4798958,-15.230824
-0.103070356,-2.4808643,-15.231416
-0.10206007,-2.4818928,-15.232034
-0.10104979,-2.4829214,-15.232652
-0.100039504,-2.48395,-15.23327
-0.09902922,-2.4849784,-15.233888
-0.09801894,-2.486007,-15.234506
-0.09700865,-2.4870355,-15.235124
-0.09599837,-2.488064,-15.235742
-0.094988085,-2.4890926,-15.23636
-0.0939778,-2.4901211,-15.236978
-0.09296752,-2.4911497,-15.237596
-0.091957234,-2.4921782,-15.238214
-0.09094695,-2.4932067,-15.2388315
-0.089936666,-2.4942353,-15.2394495
-0.08892638,-2.4952638,-15.2400675
-0.0879161,-2.4962924,-15.240685
-0.086905815,-2.497321,-15.241303
-0.08589553,-2.4983494,-15.241921
-0.08488525,-2.499378,-15.242539
-0.08387496,-2.5004065,-15.243157
-0.08286468,-2.501435,-15.243775
-0.081854396,-2.5024636,-15.244393
-0.08084411,-2.503492,-15.245011
-0.07983383,-2.5045207,-15.245629
-0.078823544,-2.5055492,-15.246247
-0.07781326,-2.5065777,-15.246865
-0.07680298,-2.5076063,-15.247483
-0.07579269,-2.5086348,-15.248101
-0.07478241,-2.5096633,-15.248719
-0.073772125,-2.510692,-15.249337
-0.07276184,-2.5117204,-15.249955
-0.07175156,-2.512749,-15.250573
-0.07074127,-2.5137775,-15.251191
-0.06973099,-2.514806,-15.251809
-0.068720706,-2.5158346,-15.252427
-0.06771042,-2.516863,-15.253045
-0.06670014,-2.5178916,-15.253663
-0.065689854,-2.5189202,-15.254281
-0.06467957,-2.5199487,-15.254899
-0.06366929,-2.5209773,-15.255517
-0.062659,-2.5220058,-15.256135
-0.061648726,-2.5230343,-15.256753
-0.06063845,-2.5240629,-15.257371
-0.059628174,-2.5250914,-15.257989
-0.058617897,-2.52612,-15.258607
-0.05760762,-2.5271485,-15.259225
-0.056597345,-2.528177,-15.259843
-0.05558707,-2.5292056,-15.260461
-0.05451584,-2.530358,-15.261131
-0.053383656,-2.5316346,-15.261854
-0.052251473,-2.532911,-15.262577
-0.05111929,-2.5341876,-15.2633
-0.049987108,-2.535464,-15.264023
-0.048854925,-2.5367405,-15.264746
-0.047722742,-2.538017,-15.265469
-0.04659056,-2.5392935,-15.2661915
-0.045458376,-2.54057,-15.266914
-0.044326194,-2.5418465,-15.267637
-0.04319401,-2.543123,-15.26836
-0.042061828,-2.5443995,-15.269083
-0.040929645,-2.545676,-15.269806
-0.039797463,-2.5469525,-15.270529
-0.03866528,-2.548229,-15.271252
-0.037533097,-2.5495055,-15.271975
-0.036400914,-2.550782,-15.272697
-0.03526873,-2.5520585,-15.27342
-0.03413655,-2.553335,-15.274143
-0.033004366,-2.5546114,-15.274866
-0.031872183,-2.555888,-15.275589
-0.030740002,-2.5571644,-15.276312
-0.029607823,-2.558441,-15.277035
-0.028475644,-2.5597174,-15.277758
-0.027343465,-2.560994,-15.278481
-0.026211286,-2.5622704,-15.279203
-0.025079107,-2.563547,-15.279926
-0.023946928,-2.5648234,-15.280649
-0.022814749,-2.5661,-15.281372
-0.02168257,-2.5673764,-15.282095
-0.02055039,-2.5686529,-15.282818
-0.019418212,-2.5699294,-15.283541
-0.018286033,-2.5712059,-15.284264
-0.017153854,-2.5724823,-15.2849865
-0.016021674,-2.5737588,-15.285709
-0.014889495,-2.5750353,-15.286432
-0.013757316,-2.5763118,-15.287155
-0.012625137,-2.5775883,-15.287878
-0.011492958,-2.5788648,-15.288601
-0.010360779,-2.5801413,-15.289324
-0.0092286,-2.5814178,-15.290047
-0.008096421,-2.5826943,-15.29077
-0.006964241,-2.5839708,-15.291492
-0.005832061,-2.5852473,-15.292215
-0.004699881,-2.5865238,-15.292938
-0.0035677012,-2.5878003,-15.293661
-0.0024355212,-2.5890768,-15.294384
-0.0013033412,-2.5903533,-15.295107
-1.7116137E-4,-2.5916297,-15.29583
9.610185E-4,-2.5929062,-15.296553
0.0020931985,-2.5941827,-15.297276
0.0032253785,-2.5954592,-15.297998
0.004357558,-2.5967357,-15.298721
0.005489738,-2.5980122,-15.299444
0.00666497,-2.59934,-15.300196
0.0078832535,-2.600719,-15.300976
0.009101537,-2.602098,-15.301756
0.010319821,-2.603477,-15.302536
0.011538104,-2.604856,-15.303316
0.012756388,-2.606235,-15.304096
0.013974671,-2.607614,-15.304876
0.015192955,-2.608993,-15.305656
0.016411237,-2.610372,-15.306437
0.01762952,-2.611751,-15.307217
0.0188478,-2.61313,-15.307997
0.020066082,-2.614509,-15.308777
0.021284364,-2.615888,-15.309557
0.022502646,-2.6172671,-15.310337
0.023720928,-2.6186461,-15.311117
0.02493921,-2.6200252,-15.311897
0.02615749,-2.6214042,-15.312677
0.027375773,-2.6227832,-15.3134575
0.028594054,-2.6241622,-15.314238
0.029812336,-2.6255412,-15.315018
0.031030618,-2.6269202,-15.315798
0.0322489,-2.6282992,-15.316578
0.03346718,-2.6296782,-15.317358
0.034685463,-2.6310573,-15.318138
0.035903744,-2.6324363,-15.318918
0.037122026,-2.6338153,-15.319698
0.038340308,-2.6351943,-15.320478
0.03955859,-2.6365733,-15.321259
0.04077687,-2.6379523,-15.322039
0.041995153,-2.6393313,-15.322819
0.043213435,-2.6407104,-15.323599
0.044431716,-2.6420894,-15.324379
0.045649998,-2.6434684,-15.325159
0.04686828,-2.6448474,-15.325939
0.04808656,-2.6462264,-15.326719
0.049304843,-2.6476054,-15.327499
0.050523125,-2.6489844,-15.3282795
0.051741406,-2.6503634,-15.32906
0.052959688,-2.6517425,-15.32984
0.05417797,-2.6531215,-15.33062
0.05539625,-2.6545005,-15.3314
0.056614533,-2.6558795,-15.33218
0.057832815,-2.6572585,-15.33296
0.059051096,-2.6586375,-15.33374
0.060269378,-2.6600165,-15.33452
0.06148766,-2.6613955,-15.3353
0.06270594,-2.6627746,-15.336081
0.06392423,-2.6641536,-15.336861
0.06514252,-2.6655326,-15.337641
0.06636081,-2.6669116,-15.338421
0.0675791,-2.6682906,-15.339201
0.06879739,-2.6696696,-15.339981
0.07001568,-2.6710486,-15.340761
0.071233965,-2.6724277,-15.341541
0.07252307,-2.6738987,-15.342371
0.073203035,-2.6746802,-15.342811
0.073883,-2.6754618,-15.34325
0.07456296,-2.6762433,-15.34369
0.07524292,-2.6770248,-15.34413
0.075922884,-2.6778064,-15.344569
0.07660285,-2.678588,-15.345009
0.07728281,-2.6793694,-15.3454485
0.07796277,-2.680151,-15.345888
0.07864273,-2.6809325,-15.346328
0.079322696,-2.681714,-15.346767
0.08000266,-2.6824956,-15.347207
0.08068262,-2.6832771,-15.347647
0.08136258,-2.6840587,-15.348086
0.082042545,-2.6848402,-15.348526
0.08272251,-2.6856217,-15.348966
0.08340247,-2.6864033,-15.349405
0.08408243,-2.6871848,-15.349845
0.084762394,-2.6879663,-15.350285
0.08544236,-2.688748,-15.350724
0.08612232,-2.6895294,-15.351164
0.08680228,-2.690311,-15.3516035
0.087482244,-2.6910925,-15.352043
0.088162206,-2.691874,-15.352483
0.08884217,-2.6926556,-15.352922
0.08952213,-2.693437,-15.353362
0.09020209,-2.6942186,-15.353802
0.090882055,-2.6950002,-15.354241
0.09156202,-2.6957817,-15.354681
0.09224198,-2.6965632,-15.355121
0.09292194,-2.6973448,-15.35556
0.093601905,-2.6981263,-15.356
0.09428187,-2.6989079,-15.35644
0.09496183,-2.6996894,-15.356879
0.09564179,-2.700471,-15.357319
0.096321754,-2.7012525,-15.3577585
0.09700172,-2.702034,-15.358198
0.09768168,-2.7028155,-15.358638
0.09836164,-2.703597,-15.359077
0.0990416,-2.7043786,-15.359517
0.099721566,-2.7051601,-15.359957
0.10040153,-2.7059417,-15.360396
0.10108149,-2.7067232,-15.360836
0.10176145,-2.7075047,-15.361276
0.102441415,-2.7082863,-15.361715
0.10312138,-2.7090678,-15.362155
0.10380134,-2.7098494,-15.362595
0.1044813,-2.710631,-15.363034
0.105161265,-2.7114124,-15.363474
0.10584123,-2.712194,-15.363914
0.10652119,-2.7129755,-15.364353
0.10720115,-2.713757,-15.364793
0.107881114,-2.7145386,-15.365232
0.108561076,-2.71532,-15.365672
0.10924104,-2.7161016,-15.366112
0.109921,-2.7168832,-15.366551
0.11060096,-2.7176647,-15.366991
0.111280926,-2.7184463,-15.367431
0.11196089,-2.7192278,-15.36787
0.11264085,-2.7200093,-15.36831
0.11332081,-2.7207909,-15.36875
0.114000775,-2.7215724,-15.369189
0.11468074,-2.722354,-15.369629
0.1153607,-2.7231355,-15.370069
0.11604066,-2.723917,-15.370508
0.116720624,-2.7246985,-15.370948
0.11740059,-2.72548,-15.3713875
0.11808055,-2.7262616,-15.371827
0.11876051,-2.7270432,-15.372267
0.11944047,-2.7278247,-15.372706
0.120120436,-2.7286062,-15.373146
0.1208004,-2.7293878,-15.373586
0.12148036,-2.7301693,-15.374025
0.12216032,-2.7309508,-15.374465
0.122840285,-2.7317324,-15.374905
0.12352025,-2.732514,-15.375344
0.12420021,-2.7332954,-15.375784
0.12488017,-2.734077,-15.376224
0.12556013,-2.7348585,-15.376663
0.1262401,-2.73564,-15.377103
0.12692007,-2.7364216,-15.3775425
0.12760004,-2.7372031,-15.377982
0.12828001,-2.7379847,-15.378422
0.12895998,-2.7387662,-15.378861
0.12963995,-2.7395477,-15.379301
0.13031992,-2.7403293,-15.379741
0.1309999,-2.7411108,-15.38018
0.13167986,-2.7418923,-15.38062
0.13235983,-2.7426739,-15.38106
0.1330398,-2.7434554,-15.381499
0.13371977,-2.744237,-15.381939
0.13439974,-2.7450185,-15.382379
0.13507971,-2.7458,-15.382818
0.13575968,-2.7465816,-15.383258
0.13643965,-2.747363,-15.3836975
0.13711962,-2.7481446,-15.384137
0.13779959,-2.7489262,-15.384577
0.13847956,-2.7497077,-15.385016
0.13915953,-2.7504892,-15.385456
0.1398395,-2.7512708,-15.385896
0.14051947,-2.7520523,-15.386335
0.14119944,-2.7528338,-15.386775
0.14187941,-2.7536154,-15.387215
0.14255938,-2.754397,-15.387654
0.14323935,-2.7551785,-15.388094
0.14388227,-2.7558966,-15.388511
0.1445252,-2.7566147,-15.388927
0.14516813,-2.7573328,-15.389344
0.14581105,-2.758051,-15.389761
0.14645398,-2.758769,-15.390178
0.1470969,-2.7594872,-15.3905945
0.14773983,-2.7602053,-15.391011
0.14838275,-2.7609234,-15.391428
0.14902568,-2.7616415,-15.391845
0.1496686,-2.7623596,-15.3922615
0.15031153,-2.7630777,-15.392678
0.15095446,-2.7637959,-15.393095
0.15159738,-2.764514,-15.393512
0.1522403,-2.765232,-15.393929
0.15288323,-2.7659502,-15.394345
0.15352616,-2.7666683,-15.394762
0.15416908,-2.7673864,-15.395179
0.15481201,-2.7681046,-15.395596
0.15545493,-2.7688227,-15.396012
0.15609786,-2.7695408,-15.396429
0.15674078,-2.770259,-15.396846
0.15738371,-2.770977,-15.397263
0.15802664,-2.7716951,-15.397679
0.15866956,-2.7724133,-15.398096
0.15931249,-2.7731314,-15.398513
0.15995541,-2.7738495,-15.39893
0.16059834,-2.7745676,-15.399346
0.16124126,-2.7752857,-15.399763
0.16188419,-2.7760038,-15.40018
0.16252711,-2.776722,-15.400597
0.16317004,-2.77744,-15.401013
0.16381297,-2.7781582,-15.40143
0.16445589,-2.7788763,-15.401847
0.16509882,-2.7795944,-15.402264
0.16574174,-2.7803125,-15.40268
0.16638467,-2.7810307,-15.403097
0.1670276,-2.7817488,-15.403514
0.16767052,-2.782467,-15.403931
0.16831344,-2.783185,-15.404347
0.16895637,-2.7839031,-15.404764
0.1695993,-2.7846212,-15.405181
0.17024222,-2.7853394,-15.405598
0.17088515,-2.7860575,-15.406014
0.17152807,-2.7867756,-15.406431
0.172171,-2.7874937,-15.406848
0.17281392,-2.7882118,-15.407265
0.17345685,-2.78893,-15.407681
0.17409977,-2.789648,-15.408098
0.1747427,-2.7903662,-15.408515
0.17538562,-2.7910843,-15.408932
0.17602855,-2.7918024,-15.4093485
0.17667148,-2.7925205,-15.409765
0.1773144,-2.7932386,-15.410182
0.17795733,-2.7939568,-15.410599
0.17860025,-2.7946749,-15.4110155
0.17924318,-2.795393,-15.411432
0.1798861,-2.796111,-15.411849
0.18052903,-2.7968292,-15.412266
0.18117195,-2.7975473,-15.412683
0.18181488,-2.7982655,-15.413099
0.1824578,-2.7989836,-15.413516
0.18310073,-2.7997017,-15.413933
0.18374366,-2.8004198,-15.41435
0.18438658,-2.801138,-15.414766
0.1850295,-2.801856,-15.415183
0.18567243,-2.8025742,-15.4156
0.18631536,-2.8032923,-15.416017
0.18695828,-2.8040104,-15.416433
0.18760121,-2.8047285,-15.41685
0.18824413,-2.8054466,-15.417267
0.18888706,-2.8061647,-15.417684
0.18952999,-2.8068829,-15.4181
0.19017291,-2.807601,-15.418517
0.19081584,-2.808319,-15.418934
0.19145876,-2.8090372,-15.419351
0.19210169,-2.8097553,-15.419767
0.19274461,-2.8104734,-15.420184
0.19338754,-2.8111916,-15.420601
0.19403046,-2.8119097,-15.421018
0.19467339,-2.8126278,-15.421434
0.19531631,-2.813346,-15.421851
0.19595924,-2.814064,-15.422268
0.19660217,-2.8147821,-15.422685
0.19724509,-2.8155003,-15.423101
0.19788802,-2.8162184,-15.423518
0.19853094,-2.8169365,-15.423935
0.19917387,-2.8176546,-15.424352
0.1998168,-2.8183727,-15.424768
0.20045972,-2.8190908,-15.425185
0.20110264,-2.819809,-15.425602
0.20174557,-2.820527,-15.426019
0.2023885,-2.8212452,-15.426435
0.20303142,-2.8219633,-15.426852
0.20367435,-2.8226814,-15.427269
0.20431727,-2.8233995,-15.427686
0.2049602,-2.8241177,-15.4281025
0.20560312,-2.8248358,-15.428519
0.20624605,-2.825554,-15.428936
0.20688897,-2.826272,-15.429353
0.2075319,-2.8269901,-15.4297695
0.20817482,-2.8277082,-15.430186
0.20881775,-2.8284264,-15.430603
0.20946068,-2.8291445,-15.43102
0.2101036,-2.8298626,-15.431437
0.21074653,-2.8305807,-15.431853
0.21138945,-2.8312988,-15.43227
0.21203238,-2.832017,-15.432687
0.2126753,-2.832735,-15.433104
0.21331823,-2.8334532,-15.43352
0.21396115,-2.8341713,-15.433937
0.21460408,-2.8348894,-15.434354
0.21577892,-2.8361926,-15.4351225
0.21695375,-2.8374958,-15.435891
0.21812859,-2.838799,-15.43666
0.21930343,-2.8401022,-15.437428
0.22047827,-2.8414054,-15.438197
0.2216531,-2.8427086,-15.438966
0.22282794,-2.8440118,-15.439734
0.22400278,-2.845315,-15.440503
0.22517762,-2.8466182,-15.441272
0.22635245,-2.8479214,-15.44204
0.22752729,-2.8492246,-15.442809
0.22870213,-2.8505278,-15.443578
0.22987697,-2.851831,-15.444346
0.2310518,-2.8531342,-15.445115
0.23222664,-2.8544374,-15.445884
0.23340148,-2.8557405,-15.446652
0.23457631,-2.8570437,-15.447421
0.23575115,-2.858347,-15.44819
0.23692599,-2.8596501,-15.448958
0.23810083,-2.8609533,-15.449727
0.23927566,-2.8622565,-15.450496
0.2404505,-2.8635597,-15.451264
0.24162534,-2.864863,-15.452033
0.24280018,-2.866166,-15.452802
0.24397501,-2.8674693,-15.45357
0.24514985,-2.8687725,-15.454339
0.24632469,-2.8700757,-15.455108
0.24749953,-2.871379,-15.455876
0.24867436,-2.872682,-15.456645
0.2498492,-2.8739853,-15.457414
0.25102407,-2.8752885,-15.458182
0.25219893,-2.8765917,-15.458951
0.2533738,-2.8778949,-15.45972
0.25454867,-2.879198,-15.460488
0.25572354,-2.8805013,-15.461257
0.2568984,-2.8818045,-15.462026
0.25807327,-2.8831077,-15.462794
0.25924814,-2.8844109,-15.463563
0.260423,-2.885714,-15.464332
0.26159787,-2.8870173,-15.4651
0.26277274,-2.8883204,-15.465869
0.2639476,-2.8896236,-15.466638
0.26512247,-2.8909268,-15.467406
0.26629734,-2.89223,-15.468175
0.2674722,-2.8935332,-15.468944
0.26864707,-2.8948364,-15.469712
0.26982194,-2.8961396,-15.470481
0.2709968,-2.8974428,-15.47125
0.27217168,-2.898746,-15.472018
0.27334654,-2.9000492,-15.472787
0.2745214,-2.9013524,-15.473556
0.2756254,-2.902582,-15.474279
0.27665854,-2.9037378,-15.474958
0.27769166,-2.9048936,-15.475637
0.2787248,-2.9060495,-15.476316
0.27975792,-2.9072053,-15.476995
0.28079104,-2.9083612,-15.4776745
0.28182417,-2.909517,-15.4783535
0.2828573,-2.910673,-15.4790325
0.28389043,-2.9118288,-15.479712
0.28492355,-2.9129846,-15.480391
0.28595668,-2.9141405,-15.48107
0.2869898,-2.9152963,-15.481749
0.28802294,-2.9164522,-15.482428
0.28905606,-2.917608,-15.483107
0.2900892,-2.9187639,-15.483786
0.29112232,-2.9199197,-15.484465
0.29215544,-2.9210756,-15.485144
0.29318857,-2.9222314,-15.485823
0.2942217,-2.9233873,-15.486502
0.29525483,-2.9245431,-15.487181
0.29628795,-2.925699,-15.48786
0.29732108,-2.9268548,-15.488539
0.2983542,-2.9280107,-15.489218
0.29938734,-2.9291666,-15.489897
0.30042046,-2.9303224,-15.490576
0.3014536,-2.9314783,-15.491255
0.30248672,-2.932634,-15.491934
0.30351985,-2.93379,-15.492613
0.30455297,-2.9349458,-15.493292
0.3055861,-2.9361017,-15.493971
0.30661923,-2.9372575,-15.49465
0.30765235,-2.9384134,-15.495329
0.30868548,-2.9395692,-15.496008
0.3097186,-2.940725,-15.496687
0.31075174,-2.941881,-15.497366
0.31178486,-2.9430368,-15.498045
0.312818,-2.9441926,-15.498724
0.31385112,-2.9453485,-15.499403
0.31488425,-2.9465044,-15.500082
0.31591737,-2.9476602,-15.500761
0.3169505,-2.948816,-15.50144
0.31798363,-2.949972,-15.502119
0.31901675,-2.9511278,-15.502798
0.32004988,-2.9522836,-15.503477
0.321083,-2.9534395,-15.504156
0.32211614,-2.9545953,-15.504835
0.32314926,-2.9557512,-15.505514
0.3241824,-2.956907,-15.506193
0.32521552,-2.958063,-15.506872
0.32624865,-2.9592187,-15.507551
0.32728177,-2.9603746,-15.50823
0.3283149,-2.9615304,-15.508909
0.32934803,-2.9626863,-15.509588
0.33038116,-2.9638422,-15.510267
0.33141428,-2.964998,-15.510946
0.3324474,-2.9661539,-15.511625
0.3332805,-2.9670103,-15.512163
0.3341136,-2.9678667,-15.512701
0.3349467,-2.968723,-15.513239
0.3357798,-2.9695795,-15.513777
0.33661288,-2.9704359,-15.514315
0.33744597,-2.9712923,-15.514853
0.33827907,-2.9721487,-15.51539
0.33911216,-2.973005,-15.515928
0.33994526,-2.9738615,-15.516466
0.34077835,-2.9747179,-15.517004
0.34161144,-2.9755743,-15.517542
0.34244454,-2.9764307,-15.51808
0.34327763,-2.977287,-15.518618
0.34411073,-2.9781435,-15.5191555
0.34494382,-2.9789999,-15.519693
0.34577692,-2.9798563,-15.520231
0.34661,-2.9807127,-15.520769
0.3474431,-2.981569,-15.521307
0.3482762,-2.9824255,-15.521845
0.3491093,-2.9832819,-15.522383
0.3499424,-2.9841383,-15.522921
0.35077548,-2.9849946,-15.5234585
0.35160857,-2.985851,-15.523996
0.35244167,-2.9867074,-15.524534
0.35327476,-2.9875638,-15.525072
0.35410786,-2.9884202,-15.52561
0.35494095,-2.9892766,-15.526148
0.35577404,-2.990133,-15.526686
0.35660714,-2.9909894,-15.527224
0.35744023,-2.9918458,-15.527761
0.35827333,-2.9927022,-15.528299
0.35910642,-2.9935586,-15.528837
0.35993952,-2.994415,-15.529375
0.3607726,-2.9952714,-15.529913
0.3616057,-2.9961278,-15.530451
0.3624388,-2.9969842,-15.530989
0.3632719,-2.9978406,-15.531527
0.364105,-2.998697,-15.532064
0.36493808,-2.9995534,-15.532602
0.36577117,-3.0004098,-15.53314
0.36660427,-3.0012662,-15.533678
0.36743736,-3.0021226,-15.534216
0.36827046,-3.002979,-15.534754
0.36910355,-3.0038354,-15.535292
0.36993665,-3.0046918,-15.53583
0.37076974,-3.0055482,-15.536367
0.37160283,-3.0064046,-15.536905
0.37243593,-3.007261,-15.537443
0.37326902,-3.0081174,-15.537981
0.37410212,-3.0089738,-15.538519
0.3749352,-3.0098302,-15.539057
0.3757683,-3.0106866,-15.539595
0.3766014,-3.011543,-15.5401325
0.3774345,-3.0123994,-15.54067
0.3782676,-3.0132558,-15.541208
0.37910068,-3.0141122,-15.541746
0.37993377,-3.0149686,-15.542284
0.38076687,-3.015825,-15.542822
0.38153,-3.016587,-15.543312
0.38222313,-3.0172546,-15.543755
0.38291627,-3.0179222,-15.544197
0.3836094,-3.0185897,-15.54464
0.38430256,-3.0192573,-15.545082
0.3849957,-3.0199249,-15.545525
0.38568884,-3.0205925,-15.545967
0.38638198,-3.02126,-15.54641
0.38707513,-3.0219276,-15.546852
0.38776827,-3.0225952,-15.547295
0.3884614,-3.0232627,-15.547737
0.38915455,-3.0239303,-15.54818
0.3898477,-3.024598,-15.548622
0.39054084,-3.0252655,-15.549065
0.39123398,-3.025933,-15.549507
0.39192712,-3.0266006,-15.54995
0.39262027,-3.0272682,-15.550392
0.3933134,-3.0279357,-15.550835
0.39400655,-3.0286033,-15.551277
0.3946997,-3.029271,-15.55172
0.39539284,-3.0299385,-15.552162
0.39608598,-3.030606,-15.552605
0.39677912,-3.0312736,-15.553047
0.39747226,-3.0319412,-15.55349
0.3981654,-3.0326087,-15.553932
0.39885855,-3.0332763,-15.554375
0.3995517,-3.033944,-15.554817
0.40024483,-3.0346115,-15.55526
0.40093797,-3.035279,-15.555702
0.40163112,-3.0359466,-15.556145
0.40232426,-3.0366142,-15.556587
0.4030174,-3.0372818,-15.55703
0.40371054,-3.0379493,-15.557472
0.4044037,-3.038617,-15.557915
0.40509683,-3.0392845,-15.558357
0.40578997,-3.039952,-15.5588
0.4064831,-3.0406196,-15.559242
0.40717626,-3.0412872,-15.559685
0.4078694,-3.0419548,-15.560127
0.40856254,-3.0426223,-15.56057
0.40925568,-3.04329,-15.561012
0.40994883,-3.0439575,-15.561455
0.41064197,-3.044625,-15.561897
0.4113351,-3.0452926,-15.56234
0.41202825,-3.0459602,-15.562782
0.4127214,-3.0466278,-15.563225
0.41341454,-3.0472953,-15.563667
0.41424146,-3.0480888,-15.564198
0.414962,-3.0487783,-15.564661
0.41568252,-3.0494678,-15.5651245
0.41640306,-3.0501573,-15.565588
0.4171236,-3.0508468,-15.5660515
0.41784412,-3.0515363,-15.566515
0.41856465,-3.0522258,-15.566978
0.41928518,-3.0529153,-15.567442
0.4200057,-3.0536048,-15.567905
0.42072624,-3.0542943,-15.568369
0.42144677,-3.0549839,-15.568832
0.4221673,-3.0556734,-15.569296
0.42288783,-3.0563629,-15.569759
0.42360836,-3.0570524,-15.570223
0.4243289,-3.0577419,-15.570686
0.42504942,-3.0584314,-15.57115
0.42576995,-3.059121,-15.571613
0.4264905,-3.0598104,-15.572077
0.42721102,-3.0605,-15.57254
0.42793155,-3.0611894,-15.573004
0.42865208,-3.061879,-15.573467
0.4293726,-3.0625684,-15.573931
0.43009314,-3.063258,-15.574394
0.43081367,-3.0639474,-15.574858
0.4315342,-3.064637,-15.575321
0.43225473,-3.0653265,-15.575785
0.43297526,-3.066016,-15.576248
0.4336958,-3.0667055,-15.576712
0.43441632,-3.067395,-15.577175
0.43513685,-3.0680845,-15.577639
0.4358574,-3.068774,-15.578102
0.43657792,-3.0694635,-15.578566
0.43729845,-3.070153,-15.579029
0.43801898,-3.0708425,-15.579493
0.4387395,-3.071532,-15.579956
0.43954912,-3.072285,-15.580471
0.44037226,-3.073018,-15.580986
0.4411954,-3.0737512,-15.581501
0.44201854,-3.0744843,-15.582016
0.44284168,-3.0752175,-15.582531
0.44366482,-3.0759506,-15.583046
0.44448796,-3.0766838,-15.583561
0.4453111,-3.077417,-15.584076
0.44613424,-3.07815,-15.584591
0.44695738,-3.0788832,-15.585106
0.44778052,-3.0796163,-15.585621
0.44860366,-3.0803494,-15.586136
0.4494268,-3.0810826,-15.586651
0.45024994,-3.0818157,-15.587166
0.45107308,-3.0825489,-15.587681
0.45189622,-3.083282,-15.588196
0.45271936,-3.0840151,-15.588711
0.4535425,-3.0847483,-15.589226
0.45436564,-3.0854814,-15.589741
0.4550661,-3.086137,-15.590191
0.45571575,-3.0867712,-15.590618
0.45636538,-3.0874054,-15.591045
0.457015,-3.0880396,-15.591473
0.45766464,-3.0886738,-15.5919
0.45831427,-3.089308,-15.592327
0.4589639,-3.0899422,-15.592754
0.45961353,-3.0905764,-15.593182
0.46026316,-3.0912106,-15.593609
0.4609128,-3.0918448,-15.594036
0.46156242,-3.092479,-15.594463
0.46221206,-3.0931132,-15.594891
0.4628617,-3.0937474,-15.595318
0.46351132,-3.0943816,-15.595745
0.46416095,-3.0950158,-15.596172
0.46481058,-3.09565,-15.5966
0.46545094,-3.096299,-15.59703
0.46612313,-3.0969994,-15.597488
0.46679533,-3.0976999,-15.597947
0.46746752,-3.0984004,-15.598406
0.4681397,-3.0991008,-15.598865
0.4688119,-3.0998013,-15.599323
0.4694841,-3.1005018,-15.599782
0.47015628,-3.1012022,-15.600241
0.4708179,-3.101836,-15.600676
0.4714932,-3.1024654,-15.601114
0.47216853,-3.1030948,-15.601553
0.47284386,-3.1037242,-15.601992
0.47351918,-3.1043537,-15.60243
0.47423002,-3.104976,-15.602875
0.4749388,-3.105584,-15.6033125
0.4756476,-3.1061919,-15.60375
0.4763564,-3.1067998,-15.604188
0.47706518,-3.1074078,-15.604626
0.47777396,-3.1080158,-15.605063
0.47848275,-3.1086237,-15.605501
0.47923368,-3.1092668,-15.6059675
0.4799855,-3.1099083,-15.60644
0.48073733,-3.11055,-15.606912
0.48148915,-3.1111915,-15.607384
0.48224097,-3.111833,-15.607856
0.4829928,-3.1124747,-15.608328
0.48374462,-3.1131163,-15.6088
0.48449644,-3.1137578,-15.609272
0.48524827,-3.1143994,-15.609744
0.4860001,-3.115041,-15.610216
0.4867519,-3.1156826,-15.610688
0.48750374,-3.1163242,-15.61116
0.48823655,-3.1169987,-15.611634
0.48895985,-3.1176896,-15.612109
0.48968315,-3.1183805,-15.612584
0.49040645,-3.1190715,-15.613059
0.49112976,-3.1197624,-15.613534
0.49185306,-3.1204534,-15.614009
0.49257636,-3.1211443,-15.614484
0.49329966,-3.1218352,-15.614959
0.49402297,-3.1225262,-15.615434
0.49474627,-3.123217,-15.615909
0.49546957,-3.123908,-15.616384
0.49619287,-3.124599,-15.6168585
0.49691617,-3.12529,-15.617333
0.49763948,-3.1259809,-15.617808
0.49836278,-3.1266718,-15.618283
0.49908608,-3.1273627,-15.618758
0.49980938,-3.1280537,-15.619233
0.50053257,-3.1287446,-15.619708
0.50124514,-3.1293454,-15.620158
0.502031,-3.129963,-15.620645
0.5028169,-3.1305804,-15.621131
0.5036028,-3.131198,-15.621617
0.5043887,-3.1318154,-15.622104
0.5051746,-3.132433,-15.62259
0.50596046,-3.1330504,-15.623076
0.50674635,-3.133668,-15.623563
0.50753224,-3.1342854,-15.624049
0.5083181,-3.134903,-15.624536
0.509104,-3.1355205,-15.625022
0.5098899,-3.136138,-15.625508
0.5106758,-3.1367555,-15.625995
0.5114617,-3.137373,-15.626481
0.51224756,-3.1379905,-15.626967
0.51303345,-3.138608,-15.627454
0.51383495,-3.1392336,-15.62795
0.5146989,-3.1398916,-15.628484
0.5155629,-3.1405497,-15.629018
0.51642686,-3.1412077,-15.629552
0.51729083,-3.1418657,-15.630086
0.5181548,-3.1425238,-15.63062
0.51901877,-3.1431818,-15.631154
0.51988274,-3.1438398,-15.631688
0.5207467,-3.1444979,-15.632222
0.5216107,-3.145156,-15.632756
0.52247465,-3.145814,-15.63329
0.5233386,-3.146472,-15.633824
0.5242026,-3.14713,-15.634358
0.52506655,-3.147788,-15.634892
0.5259305,-3.148446,-15.6354265
0.5267945,-3.149104,-15.635961
0.52765846,-3.1497622,-15.636495
0.52852243,-3.1504202,-15.637029
0.5293864,-3.1510782,-15.637563
0.5302693,-3.1517575,-15.63811
0.5310363,-3.1523688,-15.638591
0.5318033,-3.15298,-15.639071
0.5325703,-3.1535914,-15.639552
0.5333373,-3.1542027,-15.640033
0.5341043,-3.154814,-15.640513
0.5348713,-3.1554253,-15.640994
0.5356383,-3.1560366,-15.641475
0.53640527,-3.156648,-15.641955
0.53717226,-3.1572592,-15.642436
0.53793925,-3.1578705,-15.642917
0.53870624,-3.1584818,-15.643397
0.53947324,-3.1590931,-15.643878
0.5402402,-3.1597044,-15.644359
0.5410072,-3.1603158,-15.644839
0.5417742,-3.160927,-15.64532
0.5425412,-3.1615384,-15.645801
0.5433082,-3.1621497,-15.646281
0.5440752,-3.162761,-15.646762
0.5448422,-3.1633723,-15.647243
0.5456092,-3.1639836,-15.647723
0.54637617,-3.164595,-15.648204
0.54714316,-3.1652062,-15.6486845
0.54791015,-3.1658175,-15.649165
0.54873556,-3.166435,-15.6496725
0.5496194,-3.1670587,-15.650207
0.5505032,-3.1676824,-15.650741
0.551387,-3.168306,-15.651275
0.5522708,-3.1689298,-15.651809
0.55315465,-3.1695535,-15.652343
0.55403847,-3.1701772,-15.652877
0.5549223,-3.170801,-15.653411
0.5558061,-3.1714246,-15.653945
0.5566899,-3.1720483,-15.654479
0.55757374,-3.172672,-15.655013
0.55845755,-3.1732957,-15.655547
0.5593414,-3.1739194,-15.656081
0.5602252,-3.1745431,-15.656615
0.561109,-3.1751668,-15.657149
0.5619928,-3.1757905,-15.657683
0.56287664,-3.1764143,-15.658217
0.56376046,-3.177038,-15.6587515
0.5646443,-3.1776617,-15.659286
0.5655281,-3.1782854,-15.65982
0.5664119,-3.178909,-15.660354
0.56729573,-3.1795328,-15.660888
0.56817955,-3.1801565,-15.661422
0.56906337,-3.1807802,-15.661956
0.5699472,-3.1814039,-15.66249
0.570831,-3.1820276,-15.663024
0.5717148,-3.1826513,-15.663558
0.57259864,-3.183275,-15.664092
0.5734954,-3.1838782,-15.664621
0.57439214,-3.1844814,-15.665151
0.5752889,-3.1850846,-15.66568
0.57618564,-3.1856878,-15.666209
0.5770824,-3.186291,-15.6667385
0.57797915,-3.1868942,-15.667268
0.5788759,-3.1874974,-15.667797
0.57977265,-3.1881006,-15.668326
0.5806694,-3.1887038,-15.668856
0.58156615,-3.189307,-15.669385
0.5824629,-3.1899102,-15.669914
0.58335966,-3.1905134,-15.670444
0.5842564,-3.1911166,-15.670973
0.58515316,-3.1917198,-15.671502
0.5860499,-3.192323,-15.672031
0.58694667,-3.1929262,-15.672561
0.5878434,-3.1935294,-15.67309
0.58874017,-3.1941326,-15.673619
0.5896369,-3.1947358,-15.674149
0.5905337,-3.195339,-15.674678
0.5914304,-3.1959422,-15.675207
0.5923272,-3.1965454,-15.675736
0.5931592,-3.1971538,-15.676243
0.59392065,-3.197723,-15.67671
0.5946821,-3.198292,-15.677177
0.59544355,-3.1988611,-15.677645
0.596205,-3.1994302,-15.678112
0.59696645,-3.1999993,-15.678579
0.5977279,-3.2005684,-15.679047
0.59848934,-3.2011375,-15.679514
0.5992508,-3.2017066,-15.679981
0.60001224,-3.2022758,-15.680449
0.6007737,-3.2028449,-15.680916
0.60153514,-3.203414,-15.681383
0.6022966,-3.203983,-15.68185
0.60305804,-3.2045522,-15.682318
0.6038195,-3.2051213,-15.682785
0.60458094,-3.2056904,-15.683252
0.60533065,-3.2062268,-15.683706
0.6061289,-3.2067876,-15.684187
0.6069271,-3.2073483,-15.684668
0.6077253,-3.207909,-15.685148
0.60852355,-3.2084699,-15.685629
0.6093218,-3.2090306,-15.68611
0.61012,-3.2095914,-15.68659
0.6109182,-3.2101521,-15.687071
0.61171645,-3.210713,-15.6875515
0.6124998,-3.211207,-15.688013
0.613294,-3.2116241,-15.688466
0.61408824,-3.2120414,-15.688919
0.61488247,-3.2124586,-15.689372
0.6156767,-3.2128758,-15.689825
0.61647004,-3.213286,-15.690292
0.6172582,-3.2136872,-15.690764
0.61773974,-3.2144585,-15.691184
0.6181128,-3.21532,-15.691565
0.6189305,-3.2157335,-15.692002
0.6196854,-3.216227,-15.692436
0.6199224,-3.2171412,-15.692775
0.6205059,-3.2178268,-15.693218
0.62130255,-3.218228,-15.69369
0.6221072,-3.2186308,-15.694157
0.62292796,-3.219032,-15.694594
0.6237306,-3.219468,-15.695038
0.6243581,-3.2201242,-15.695496
0.62498564,-3.2207804,-15.695953
0.6257166,-3.2213523,-15.696426
0.6265394,-3.2217455,-15.69688
0.6273622,-3.2221386,-15.697334
0.628185,-3.2225318,-15.697788
0.62900776,-3.222925,-15.698242
0.62983054,-3.223318,-15.698696
0.6307022,-3.2237318,-15.699181
0.6315903,-3.2241514,-15.6996765
0.6324784,-3.224571,-15.700172
0.6333665,-3.2249906,-15.700668
0.63425463,-3.2254102,-15.701164
0.63514274,-3.2258298,-15.70166
0.63603085,-3.2262495,-15.702156
0.63691896,-3.226669,-15.702652
0.6378071,-3.2270887,-15.703148
0.6386952,-3.2275083,-15.703644
0.63952,-3.227894,-15.704107
0.64036113,-3.228287,-15.70458
0.6412023,-3.22868,-15.705053
0.6420434,-3.2290728,-15.705526
0.64288455,-3.2294657,-15.705999
0.6437257,-3.2298586,-15.706472
0.64456683,-3.2302516,-15.706945
0.645408,-3.2306445,-15.707418
0.6462491,-3.2310374,-15.707891
0.64709026,-3.2314303,-15.7083645
0.6479314,-3.2318232,-15.7088375
0.64877254,-3.2322161,-15.709311
0.6496137,-3.232609,-15.709784
0.65043926,-3.2329924,-15.710244
0.6512895,-3.2333858,-15.710716
0.6521398,-3.2337792,-15.711188
0.65299004,-3.2341726,-15.71166
0.6538403,-3.234566,-15.712132
0.65469056,-3.2349594,-15.7126045
0.6555408,-3.2353528,-15.713077
0.6563589,-3.23573,-15.713537
0.6571695,-3.2360995,-15.714014
0.6579578,-3.2365353,-15.714496
0.65859675,-3.2371762,-15.714953
0.6592357,-3.237817,-15.715411
0.6598747,-3.238458,-15.715869
0.66066015,-3.23892,-15.716338
0.6615063,-3.239298,-15.716809
0.66235244,-3.2396762,-15.71728
0.6631986,-3.2400544,-15.7177515
0.66404474,-3.2404325,-15.718223
0.6648746,-3.240799,-15.718667
0.6657045,-3.2411637,-15.719105
0.6663786,-3.2417552,-15.71956
0.6670233,-3.2423885,-15.720017
0.667668,-3.2430217,-15.720475
0.66840315,-3.243527,-15.720936
0.6691962,-3.2440348,-15.721422
0.6699892,-3.2445426,-15.721909
0.67078227,-3.2450504,-15.722395
0.6715753,-3.2455583,-15.722881
0.67236835,-3.246066,-15.723368
0.6731614,-3.246574,-15.723854
0.67399955,-3.2470894,-15.724365
0.67485404,-3.2476118,-15.724886
0.67570853,-3.2481341,-15.725407
0.676563,-3.2486565,-15.725927
0.6774175,-3.249179,-15.726448
0.678272,-3.2497013,-15.726969
0.6791265,-3.2502236,-15.727489
0.679981,-3.250746,-15.72801
0.6808355,-3.2512684,-15.728531
0.68169,-3.2517908,-15.729052
0.68254447,-3.2523131,-15.729572
0.68339896,-3.2528355,-15.730093
0.68425345,-3.253358,-15.730614
0.68510795,-3.2538803,-15.731134
0.6860357,-3.2544556,-15.731702
0.686817,-3.2549658,-15.732186
0.6875983,-3.255476,-15.732671
0.6883796,-3.2559862,-15.733155
0.6891609,-3.2564964,-15.73364
0.6899422,-3.2570066,-15.734124
0.6907235,-3.2575169,-15.734609
0.6915048,-3.258027,-15.735093
0.6922861,-3.2585373,-15.735578
0.6930674,-3.2590475,-15.736062
0.69384867,-3.2595577,-15.7365465
0.69462997,-3.260068,-15.737031
0.69541126,-3.2605782,-15.737515
0.69619256,-3.2610884,-15.738
0.69697386,-3.2615986,-15.738484
0.69775516,-3.2621088,-15.738969
0.69853646,-3.262619,-15.739453
0.69931775,-3.2631292,-15.739938
0.70009905,-3.2636395,-15.740422
0.70088035,-3.2641497,-15.740907
0.70166165,-3.26466,-15.741391
0.70244294,-3.26517,-15.741876
0.70322424,-3.2656803,-15.74236
0.70400554,-3.2661905,-15.742845
0.70478684,-3.2667007,-15.743329
0.70556813,-3.267211,-15.7438135
0.70642704,-3.267765,-15.744345
0.7072458,-3.2682793,-15.744848
0.7080646,-3.2687936,-15.745352
0.7088834,-3.2693079,-15.745855
0.7097022,-3.2698221,-15.746359
0.710521,-3.2703364,-15.746862
0.7113398,-3.2708507,-15.747366
0.71215856,-3.271365,-15.7478695
0.71297735,-3.2718792,-15.748373
0.71379614,-3.2723935,-15.748877
0.7146149,-3.2729077,-15.74938
0.7154337,-3.273422,-15.749884
0.7162525,-3.2739363,-15.750387
0.7170713,-3.2744505,-15.750891
0.7178901,-3.2749648,-15.751394
0.7187089,-3.275479,-15.751898
0.71952766,-3.2759933,-15.752401
0.72034645,-3.2765076,-15.752905
0.72116524,-3.277022,-15.753408
0.721984,-3.2775362,-15.753912
0.7228028,-3.2780504,-15.7544155
0.7236216,-3.2785647,-15.754919
0.7244404,-3.279079,-15.755423
0.7252592,-3.2795932,-15.755926
0.726078,-3.2801075,-15.75643
0.72689676,-3.2806218,-15.756933
0.72771555,-3.281136,-15.757437
0.72853434,-3.2816503,-15.75794
0.72935313,-3.2821646,-15.758444
0.7301719,-3.2826788,-15.758947
0.7309907,-3.283193,-15.759451
0.7318095,-3.2837074,-15.759954
0.7326283,-3.2842216,-15.760458
0.7334471,-3.284736,-15.760962
0.73426586,-3.2852502,-15.761465
0.73506093,-3.285773,-15.761963
0.73584414,-3.2863002,-15.762458
0.73662734,-3.2868273,-15.762953
0.73741055,-3.2873545,-15.763448
0.73819375,-3.2878816,-15.763943
0.73897696,-3.2884088,-15.764438
0.73976016,-3.288936,-15.764933
0.74054337,-3.289463,-15.765428
0.7413266,-3.2899902,-15.765923
0.7421098,-3.2905173,-15.7664175
0.742893,-3.2910445,-15.766912
0.7436762,-3.2915716,-15.767407
0.7444594,-3.2920988,-15.767902
0.7452426,-3.292626,-15.768397
0.7460258,-3.293153,-15.768892
0.746809,-3.2936802,-15.769387
0.7475922,-3.2942073,-15.769882
0.7483754,-3.2947345,-15.770377
0.7491586,-3.2952616,-15.770872
0.7499418,-3.2957888,-15.771367
0.75072503,-3.296316,-15.771862
0.75150824,-3.296843,-15.772357
0.75229144,-3.2973702,-15.772852
0.75307465,-3.2978973,-15.773347
0.75385785,-3.2984245,-15.773842
0.75464106,-3.2989516,-15.774337
0.75542426,-3.2994788,-15.774832
0.75620747,-3.300006,-15.775327
0.7569907,-3.300533,-15.775822
0.7577739,-3.3010602,-15.776317
0.7585571,-3.3015873,-15.776812
0.7593403,-3.3021145,-15.777307
0.7601235,-3.3026416,-15.7778015
0.7609067,-3.3031688,-15.778296
0.7616826,-3.3037117,-15.778793
0.7624549,-3.3042624,-15.779291
0.7632272,-3.3048131,-15.779789
0.7639995,-3.305364,-15.780287
0.7647718,-3.3059146,-15.780785
0.7655441,-3.3064654,-15.781282
0.7663164,-3.3070161,-15.78178
0.7670887,-3.307567,-15.782278
0.767861,-3.3081176,-15.782776
0.7686333,-3.3086684,-15.783274
0.7694056,-3.3092191,-15.7837715
0.7701779,-3.3097699,-15.784269
0.7709502,-3.3103206,-15.784767
0.7717225,-3.3108714,-15.785265
0.7724948,-3.311422,-15.785763
0.7732671,-3.3119729,-15.786261
0.7740394,-3.3125236,-15.786758
0.7748117,-3.3130744,-15.787256
0.775584,-3.313625,-15.787754
0.7763563,-3.3141758,-15.788252
0.7771286,-3.3147266,-15.78875
0.7779009,-3.3152773,-15.7892475
0.7786732,-3.315828,-15.789745
0.77944547,-3.3163788,-15.790243
0.78021777,-3.3169296,-15.790741
0.78099006,-3.3174803,-15.791239
0.78176236,-3.318031,-15.791737
0.78253466,-3.3185818,-15.792234
0.78330696,-3.3191326,-15.792732
0.78407925,-3.3196833,-15.79323
0.78485155,-3.320234,-15.793728
0.78562385,-3.3207848,-15.794226
0.78639615,-3.3213356,-15.7947235
0.78716844,-3.3218863,-15.795221
0.78794074,-3.322437,-15.795719
0.78871304,-3.3229878,-15.796217
0.78948534,-3.3235385,-15.796715
0.7902183,-3.3240492,-15.797182
0.79116935,-3.3247035,-15.797785
0.7921204,-3.3253577,-15.798388
0.79307145,-3.326012,-15.79899
0.7940225,-3.326666,-15.799593
0.79497355,-3.3273203,-15.800196
0.7959246,-3.3279746,-15.800798
0.79687566,-3.3286288,-15.801401
0.7978267,-3.329283,-15.802004
0.79877776,-3.3299372,-15.802607
0.7997288,-3.3305914,-15.803209
0.80067986,-3.3312457,-15.803812
0.8016309,-3.3319,-15.804415
0.80258197,-3.332554,-15.805017
0.803533,-3.3332083,-15.80562
0.80448407,-3.3338625,-15.806223
0.8054351,-3.3345168,-15.806826
0.8063862,-3.335171,-15.807428
0.8073372,-3.3358252,-15.808031
0.8082883,-3.3364794,-15.808634
0.8092393,-3.3371336,-15.809237
0.8101904,-3.3377879,-15.809839
0.81114143,-3.338442,-15.810442
0.8120925,-3.3390963,-15.811045
0.81304353,-3.3397505,-15.811647
0.8139946,-3.3404047,-15.81225
0.81494564,-3.341059,-15.812853
0.8158611,-3.3417268,-15.813447
0.8167647,-3.3423991,-15.814038
0.8176683,-3.3430715,-15.81463
0.8185719,-3.3437438,-15.815221
0.81947553,-3.3444161,-15.815812
0.82037914,-3.3450885,-15.816403
0.82128274,-3.3457608,-15.816995
0.82218635,-3.3464332,-15.817586
0.82308996,-3.3471055,-15.818177
0.82399356,-3.3477778,-15.8187685
0.82489717,-3.3484502,-15.81936
0.8258008,-3.3491225,-15.819951
0.8267044,-3.3497949,-15.820542
0.827608,-3.3504672,-15.821134
0.8285116,-3.3511395,-15.821725
0.8294152,-3.351812,-15.822316
0.8303188,-3.3524842,-15.822907
0.8312224,-3.3531566,-15.823499
0.832126,-3.353829,-15.82409
0.8330296,-3.3545012,-15.824681
0.83393323,-3.3551736,-15.825273
0.83483684,-3.355846,-15.825864
0.83574045,-3.3565183,-15.826455
0.83664405,-3.3571906,-15.827046
0.83754766,-3.357863,-15.827638
0.83845127,-3.3585353,-15.828229
0.8393549,-3.3592076,-15.82882
0.8402585,-3.35988,-15.8294115
0.8411621,-3.3605523,-15.830003
0.84200037,-3.3611083,-15.830533
0.84283864,-3.3616643,-15.831063
0.8436769,-3.3622203,-15.8315935
0.8445152,-3.3627763,-15.832124
0.8453535,-3.3633323,-15.832654
0.84619176,-3.3638883,-15.833184
0.84703004,-3.3644443,-15.8337145
0.8478683,-3.3650002,-15.834245
0.8487066,-3.3655562,-15.834775
0.8495449,-3.3661122,-15.835305
0.85038316,-3.3666682,-15.835835
0.85122144,-3.3672242,-15.836366
0.8520597,-3.3677802,-15.836896
0.852898,-3.3683362,-15.837426
0.8537363,-3.3688922,-15.837956
0.85457456,-3.3694482,-15.838487
0.85541284,-3.3700042,-15.839017
0.8562511,-3.3705602,-15.839547
0.8570894,-3.3711162,-15.840077
0.8579277,-3.3716722,-15.840608
0.85876596,-3.3722281,-15.841138
0.85960424,-3.3727841,-15.841668
0.8604425,-3.3733401,-15.842198
0.8612808,-3.3738961,-15.842729
0.86203706,-3.374418,-15.843214
0.8628024,-3.3750474,-15.84374
0.8635677,-3.3756769,-15.844267
0.86433303,-3.3763063,-15.844793
0.86509836,-3.3769357,-15.84532
0.8658637,-3.3775651,-15.845846
0.866629,-3.3781946,-15.846373
0.8673943,-3.378824,-15.846899
0.86815965,-3.3794534,-15.847425
0.868925,-3.3800828,-15.847952
0.8696903,-3.3807123,-15.848478
0.8704556,-3.3813417,-15.849005
0.87122095,-3.3819711,-15.849531
0.87198627,-3.3826005,-15.850058
0.8727516,-3.38323,-15.850584
0.8735169,-3.3838594,-15.85111
0.87428224,-3.3844888,-15.851637
0.8750243,-3.3849967,-15.852114
0.8757664,-3.3855045,-15.852591
0.8765085,-3.3860123,-15.853067
0.87725055,-3.3865201,-15.853544
0.87799263,-3.387028,-15.854021
0.8787347,-3.3875358,-15.854498
0.8794768,-3.3880436,-15.854975
0.88021886,-3.3885515,-15.855452
0.88096094,-3.3890593,-15.855928
0.881703,-3.3895671,-15.856405
0.8824296,-3.3901098,-15.856892
0.8831812,-3.3906832,-15.8574
0.8839328,-3.3912566,-15.857908
0.88468444,-3.39183,-15.858417
0.88543606,-3.3924034,-15.858925
0.8861877,-3.3929768,-15.859433
0.8869393,-3.3935502,-15.8599415
0.8876909,-3.3941236,-15.86045
0.8884355,-3.3946042,-15.86093
0.88918006,-3.3950849,-15.861411
0.88992465,-3.3955655,-15.861892
0.8906692,-3.3960462,-15.862372
0.8914138,-3.3965268,-15.862853
0.8921584,-3.3970075,-15.863334
0.892903,-3.397488,-15.863814
0.89364755,-3.3979688,-15.864295
0.89439213,-3.3984494,-15.864776
0.8951367,-3.39893,-15.865256
0.8958813,-3.3994107,-15.865737
0.8966259,-3.3998914,-15.866218
0.89746296,-3.400446,-15.866759
0.8982465,-3.4009683,-15.867267
0.8990301,-3.4014907,-15.867774
0.89981365,-3.402013,-15.868281
0.9005972,-3.4025354,-15.868789
0.9013808,-3.4030578,-15.869296
0.90216434,-3.4035802,-15.869803
0.9029479,-3.4041026,-15.870311
0.90373147,-3.404625,-15.870818
0.904515,-3.4051473,-15.8713255
0.9052986,-3.4056697,-15.871833
0.90608215,-3.406192,-15.87234
0.9068657,-3.4067144,-15.872848
0.9076493,-3.4072368,-15.873355
0.90843284,-3.4077592,-15.873862
0.909259,-3.408297,-15.874393
0.91010225,-3.4088411,-15.874934
0.9109455,-3.4093852,-15.875475
0.9117887,-3.4099293,-15.876016
0.9126319,-3.4104733,-15.876556
0.91347516,-3.4110174,-15.877097
0.9143184,-3.4115615,-15.877638
0.9151616,-3.4121056,-15.878179
0.91600484,-3.4126496,-15.878719
0.91684806,-3.4131937,-15.87926
0.9176913,-3.4137378,-15.879801
0.9185345,-3.4142818,-15.880342
0.91937774,-3.414826,-15.880882
0.920221,-3.41537,-15.881423
0.9210642,-3.415914,-15.881964
0.9219074,-3.4164581,-15.882504
0.92275065,-3.4170022,-15.883045
0.9235416,-3.4175124,-15.883551
0.92433256,-3.4180226,-15.884056
0.9251235,-3.4185328,-15.884562
0.92591447,-3.419043,-15.885067
0.9267054,-3.4195533,-15.885572
0.9274964,-3.4200635,-15.886078
0.9282873,-3.4205737,-15.886583
0.9290783,-3.421084,-15.887089
0.92986923,-3.4215941,-15.887594
0.9306602,-3.4221044,-15.8881
0.93145114,-3.4226146,-15.888605
0.9322421,-3.4231248,-15.889111
0.93303305,-3.423635,-15.889616
0.933824,-3.4241452,-15.890121
0.93461496,-3.4246554,-15.890627
0.9354059,-3.4251657,-15.891132
0.93619686,-3.4256759,-15.891638
0.9369878,-3.426186,-15.892143
0.9377788,-3.4266963,-15.892649
0.9385697,-3.4272065,-15.893154
0.9393607,-3.4277167,-15.89366
0.94017315,-3.4282453,-15.894179
0.9410717,-3.4288473,-15.894756
0.9419702,-3.4294493,-15.895333
0.94286877,-3.4300513,-15.89591
0.9437673,-3.4306533,-15.896487
0.94466585,-3.4312553,-15.897064
0.9455644,-3.4318573,-15.897641
0.9464629,-3.4324594,-15.898218
0.94736147,-3.4330614,-15.898795
0.94826,-3.4336634,-15.899372
0.94915855,-3.4342654,-15.899949
0.9500571,-3.4348674,-15.900526
0.9509556,-3.4354694,-15.901103
0.95185417,-3.4360714,-15.90168
0.9527527,-3.4366734,-15.902257
0.95365125,-3.4372754,-15.902834
0.9545498,-3.4378774,-15.903411
0.9554483,-3.4384794,-15.903988
0.9562008,-3.4389732,-15.904468
0.9570541,-3.4395034,-15.905002
0.9579074,-3.4400337,-15.905536
0.9587607,-3.440564,-15.90607
0.959614,-3.4410942,-15.906604
0.9604673,-3.4416244,-15.907138
0.9613206,-3.4421546,-15.907672
0.9621739,-3.442685,-15.908206
0.9630272,-3.4432151,-15.90874
0.9638805,-3.4437454,-15.909274
0.9647338,-3.4442756,-15.909808
0.9655871,-3.4448059,-15.910342
0.9664404,-3.445336,-15.910876
0.9672937,-3.4458663,-15.91141
0.968147,-3.4463966,-15.911944
0.9690003,-3.4469268,-15.912478
0.9698536,-3.447457,-15.9130125
0.9707069,-3.4479873,-15.913547
0.9715602,-3.4485176,-15.914081
0.9724135,-3.4490478,-15.914615
0.9732668,-3.449578,-15.915149
0.9741201,-3.4501083,-15.915683
0.9749734,-3.4506385,-15.916217
0.9758267,-3.4511688,-15.916751
0.97668,-3.451699,-15.917285
0.9775333,-3.4522293,-15.917819
0.9783873,-3.452756,-15.918356
0.97924155,-3.4532814,-15.918894
0.9800958,-3.4538069,-15.919432
0.98095006,-3.4543324,-15.91997
0.9818043,-3.4548578,-15.920507
0.98265857,-3.4553833,-15.921045
0.9835128,-3.4559088,-15.921583
0.9843671,-3.4564342,-15.922121
0.9852213,-3.4569597,-15.922659
0.9860756,-3.4574852,-15.923197
0.98692983,-3.4580107,-15.923735
0.9877841,-3.4585361,-15.924273
0.98863834,-3.4590616,-15.92481
0.9894926,-3.459587,-15.925348
0.99034685,-3.4601126,-15.925886
0.9912011,-3.460638,-15.926424
0.99205536,-3.4611635,-15.926962
0.9929096,-3.461689,-15.9275
0.99376386,-3.4622145,-15.928038
0.9946181,-3.46274,-15.9285755
0.9954724,-3.4632654,-15.929113
0.9963266,-3.463791,-15.929651
0.9971809,-3.4643164,-15.930189
0.99803513,-3.4648418,-15.930727
0.9988894,-3.4653673,-15.931265
0.99974364,-3.4658928,-15.931803
1.0005866,-3.4664419,-15.932346
1.0014259,-3.4669988,-15.932892
1.0022651,-3.4675558,-15.933437
1.0031043,-3.4681127,-15.933983
1.0039436,-3.4686697,-15.934528
1.0047828,-3.4692266,-15.935074
1.005622,-3.4697835,-15.935619
1.0064613,-3.4703405,-15.936165
1.0073005,-3.4708974,-15.93671
1.0081397,-3.4714544,-15.937256
1.008979,-3.4720113,-15.937801
1.0098182,-3.4725683,-15.938347
1.0106574,-3.4731252,-15.938892
1.0114967,-3.4736822,-15.939438
1.0123359,-3.474239,-15.939983
1.0131751,-3.474796,-15.940529
1.0140144,-3.475353,-15.941074
1.0148536,-3.47591,-15.94162
1.0156928,-3.476467,-15.942165
1.0165321,-3.4770238,-15.942711
1.0173713,-3.4775808,-15.943256
1.0182105,-3.4781377,-15.943802
1.0190498,-3.4786947,-15.944347
1.019889,-3.4792516,-15.944893
1.0207282,-3.4798086,-15.945438
1.0216304,-3.4803555,-15.946007
1.0225536,-3.480899,-15.946583
1.0234767,-3.4814427,-15.947159
1.0243999,-3.4819863,-15.947735
1.025323,-3.4825299,-15.948311
1.0262462,-3.4830735,-15.948887
1.0271693,-3.483617,-15.949463
1.0280925,-3.4841607,-15.950039
1.0290157,-3.4847043,-15.950615
1.0299388,-3.4852479,-15.951191
1.030862,-3.4857914,-15.951767
1.0317851,-3.486335,-15.952343
1.0327083,-3.4868786,-15.952919
1.0336314,-3.4874222,-15.953495
1.0345546,-3.4879658,-15.954071
1.0354778,-3.4885094,-15.954647
1.0364009,-3.489053,-15.955223
1.0373241,-3.4895966,-15.955799
1.0382472,-3.4901402,-15.956375
1.0391704,-3.4906838,-15.956951
1.0400935,-3.4912274,-15.957527
1.0410167,-3.491771,-15.958103
1.0419399,-3.4923146,-15.958679
1.042863,-3.4928582,-15.959255
1.0437862,-3.4934018,-15.959831
1.0447093,-3.4939454,-15.960407
1.0456325,-3.494489,-15.960983
1.0463693,-3.494994,-15.961468
1.0472127,-3.495609,-15.962035
1.0480561,-3.4962242,-15.962603
1.0488995,-3.4968393,-15.96317
1.0497429,-3.4974544,-15.9637375
1.0505863,-3.4980695,-15.964305
1.0514297,-3.4986846,-15.964872
1.0522732,-3.4992998,-15.96544
1.0531166,-3.499915,-15.966007
1.05396,-3.50053,-15.966575
1.0548034,-3.5011451,-15.967142
1.0556468,-3.5017602,-15.96771
1.0564902,-3.5023754,-15.968277
1.0573336,-3.5029905,-15.968844
1.058177,-3.5036056,-15.969412
1.0590204,-3.5042207,-15.969979
1.0598638,-3.5048358,-15.970547
1.0607072,-3.505451,-15.971114
1.0615506,-3.506066,-15.971682
1.062394,-3.5066812,-15.972249
1.0632374,-3.5072963,-15.972816
1.0640199,-3.5077598,-15.973314
1.0648024,-3.5082233,-15.973812
1.0655849,-3.5086868,-15.97431
1.0663674,-3.5091503,-15.974808
1.0671499,-3.5096138,-15.975306
1.0679324,-3.5100772,-15.975803
1.0687149,-3.5105407,-15.976301
1.0694973,-3.5110042,-15.976799
1.0702798,-3.5114677,-15.977297
1.0710623,-3.5119312,-15.977795
1.0718448,-3.5123947,-15.978292
1.0726273,-3.5128582,-15.97879
1.0734098,-3.5133216,-15.979288
1.0741923,-3.5137851,-15.979786
1.0749748,-3.5142486,-15.980284
1.0757573,-3.514712,-15.980782
1.0765398,-3.5151756,-15.981279
1.0773222,-3.515639,-15.981777
1.0781355,-3.5161223,-15.982293
1.0788951,-3.516575,-15.982774
1.0796547,-3.5170279,-15.983254
1.0804143,-3.5174806,-15.983735
1.0811739,-3.5179334,-15.984216
1.0819335,-3.5183861,-15.984696
1.0826931,-3.518839,-15.985177
1.0834527,-3.5192916,-15.985658
1.0842123,-3.5197444,-15.986138
1.0849719,-3.5201972,-15.986619
1.0857315,-3.52065,-15.9871
1.0864911,-3.5211027,-15.98758
1.0872548,-3.5216157,-15.988078
1.0880281,-3.522152,-15.988586
1.0888014,-3.5226882,-15.989095
1.0895747,-3.5232244,-15.989603
1.090348,-3.5237606,-15.990111
1.0911213,-3.5242968,-15.99062
1.0918946,-3.524833,-15.991128
1.0926679,-3.5253692,-15.991636
1.0934412,-3.5259054,-15.992145
1.0942055,-3.5264168,-15.99264
1.0949684,-3.526884,-15.993116
1.0957314,-3.5273514,-15.993593
1.0964943,-3.5278187,-15.99407
1.0972573,-3.528286,-15.994547
1.0980822,-3.5286083,-15.995024
1.0989226,-3.5288944,-15.995501
1.0996149,-3.52945,-15.995988
1.100205,-3.5301151,-15.99646
1.1008794,-3.530716,-15.996946
1.1016759,-3.5311618,-15.997433
1.1024723,-3.5316076,-15.997919
1.1032687,-3.5320535,-15.998405
1.1040652,-3.5324993,-15.998892
1.1048616,-3.5329452,-15.999378
1.105658,-3.533391,-15.999865
1.106405,-3.5339127,-16.000349
1.10714,-3.5344405,-16.00083
1.1078749,-3.5349684,-16.00131
1.1086098,-3.5354962,-16.001791
1.1093447,-3.536024,-16.002272
1.1100796,-3.536552,-16.002752
1.1108146,-3.5370798,-16.003233
1.1115495,-3.5376077,-16.003714
1.1122844,-3.5381355,-16.004194
1.1130193,-3.5386634,-16.004675
1.1137543,-3.5391912,-16.005156
1.1144892,-3.539719,-16.005636
1.1152756,-3.5402634,-16.006145
1.1160662,-3.5407765,-16.006649
1.1168568,-3.5412896,-16.007153
1.1176474,-3.5418026,-16.007656
1.118438,-3.5423157,-16.00816
1.1192286,-3.5428288,-16.008663
1.1200192,-3.5433419,-16.009167
1.1208098,-3.543855,-16.00967
1.1216004,-3.544368,-16.010174
1.122391,-3.544881,-16.010677
1.1231816,-3.5453942,-16.01118
1.1239722,-3.5459073,-16.011684
1.1247628,-3.5464203,-16.012188
1.1255534,-3.5469334,-16.012691
1.1263441,-3.5474463,-16.013195
1.1271356,-3.5479574,-16.013699
1.1279272,-3.5484686,-16.014202
1.1287187,-3.5489798,-16.014706
1.1295103,-3.549491,-16.01521
1.1303018,-3.550002,-16.015713
1.1310934,-3.5505133,-16.016216
1.1318849,-3.5510244,-16.01672
1.1326765,-3.5515356,-16.017223
1.133468,-3.5520468,-16.017727
1.1342596,-3.552558,-16.01823
1.1350511,-3.553069,-16.018734
1.1358427,-3.5535803,-16.019238
1.1366342,-3.5540915,-16.019741
1.1374258,-3.5546026,-16.020245
1.1382173,-3.5551138,-16.020748
1.1390308,-3.5556424,-16.021265
1.139877,-3.5562115,-16.0218
1.1407231,-3.5567806,-16.022333
1.1415693,-3.5573497,-16.022867
1.1424154,-3.5579188,-16.023401
1.1432616,-3.558488,-16.023935
1.1441077,-3.559057,-16.02447
1.1449538,-3.559626,-16.025003
1.1458,-3.5601952,-16.025537
1.1466461,-3.5607643,-16.026072
1.1474923,-3.5613334,-16.026606
1.1483384,-3.5619025,-16.02714
1.1491846,-3.5624716,-16.027674
1.1500307,-3.5630407,-16.028208
1.1508769,-3.5636098,-16.028742
1.151723,-3.564179,-16.029276
1.1525692,-3.564748,-16.02981
1.1533152,-3.5652828,-16.030298
1.1540445,-3.5658119,-16.030779
1.1547738,-3.566341,-16.03126
1.1555032,-3.56687,-16.03174
1.1562325,-3.567399,-16.03222
1.1569618,-3.567928,-16.032701
1.1576911,-3.5684571,-16.033182
1.1584204,-3.5689862,-16.033663
1.1591498,-3.5695152,-16.034143
1.1598791,-3.5700443,-16.034624
1.1606084,-3.5705733,-16.035105
1.1613628,-3.5711095,-16.035597
1.1621505,-3.5716553,-16.036104
1.1629382,-3.572201,-16.036612
1.163726,-3.5727468,-16.037119
1.1645137,-3.5732925,-16.037626
1.1653014,-3.5738382,-16.038134
1.1660892,-3.574384,-16.038641
1.1668769,-3.5749297,-16.039148
1.1676646,-3.5754755,-16.039656
1.1684524,-3.5760212,-16.040163
1.1692401,-3.576567,-16.04067
1.1700279,-3.5771127,-16.041178
1.1708156,-3.5776584,-16.041685
1.1716033,-3.5782042,-16.042192
1.172391,-3.57875,-16.0427
1.1731788,-3.5792956,-16.043207
1.1739973,-3.57991,-16.043749
1.1747032,-3.5804465,-16.044218
1.1754092,-3.580983,-16.044687
1.1761152,-3.5815194,-16.045156
1.1768211,-3.5820558,-16.045626
1.1775271,-3.5825922,-16.046095
1.178233,-3.5831287,-16.046564
1.178939,-3.5836651,-16.047033
1.179645,-3.5842016,-16.047503
1.1803509,-3.584738,-16.047972
1.1810569,-3.5852745,-16.04844
1.1817628,-3.585811,-16.04891
1.1824688,-3.5863473,-16.04938
1.1831747,-3.5868838,-16.049849
1.1838807,-3.5874202,-16.050318
1.1845866,-3.5879567,-16.050787
1.1852926,-3.588493,-16.051256
1.1860354,-3.5890095,-16.051737
1.186815,-3.589506,-16.052229
1.1875947,-3.5900023,-16.052721
1.1883743,-3.5904987,-16.053213
1.1891539,-3.590995,-16.053705
1.1899335,-3.5914915,-16.054197
1.1907132,-3.5919878,-16.05469
1.1914928,-3.5924842,-16.055182
1.1922724,-3.5929806,-16.055674
1.193052,-3.593477,-16.056166
1.1938317,-3.5939734,-16.056658
1.1946113,-3.5944698,-16.05715
1.1953909,-3.5949662,-16.057642
1.1961706,-3.5954626,-16.058134
1.1969502,-3.595959,-16.058626
1.1977298,-3.5964553,-16.059118
1.1985095,-3.5969517,-16.05961
1.1992891,-3.597448,-16.060102
1.2000687,-3.5979445,-16.060595
1.2008978,-3.5985577,-16.061144
1.2017368,-3.5991943,-16.061705
1.2025758,-3.5998309,-16.062265
1.2034148,-3.6004674,-16.062826
1.2042538,-3.601104,-16.063387
1.2050928,-3.6017406,-16.063948
1.2059318,-3.6023772,-16.064508
1.2067708,-3.6030138,-16.06507
1.2076098,-3.6036503,-16.06563
1.2084488,-3.604287,-16.06619
1.2092878,-3.6049235,-16.066751
1.2101268,-3.60556,-16.067312
1.2109658,-3.6061966,-16.067873
1.2118047,-3.6068332,-16.068434
1.2126437,-3.6074698,-16.068995
1.2134827,-3.6081064,-16.069555
1.2143217,-3.608743,-16.070116
1.2151607,-3.6093795,-16.070677
1.2158957,-3.6099195,-16.071167
1.2166395,-3.610462,-16.071663
1.2173834,-3.6110044,-16.072159
1.2181273,-3.6115468,-16.072655
1.2188711,-3.6120892,-16.07315
1.219615,-3.6126316,-16.073647
1.2203588,-3.613174,-16.074142
1.2211027,-3.6137164,-16.074638
1.2218466,-3.6142588,-16.075134
1.2225904,-3.6148012,-16.07563
1.2233343,-3.6153436,-16.076126
1.2240782,-3.615886,-16.076622
1.224822,-3.6164284,-16.077118
1.2255659,-3.6169708,-16.077614
1.2263098,-3.6175132,-16.07811
1.2270536,-3.6180556,-16.078606
1.2277975,-3.618598,-16.079102
1.2285414,-3.6191404,-16.079597
1.2292852,-3.6196828,-16.080093
1.2300291,-3.6202252,-16.08059
1.230773,-3.6207676,-16.081085
1.2315168,-3.62131,-16.081581
1.2322607,-3.6218524,-16.082077
1.2330972,-3.6224527,-16.08263
1.2338158,-3.622964,-16.083103
1.2345344,-3.623475,-16.083576
1.235253,-3.6239862,-16.08405
1.2359716,-3.6244974,-16.084522
1.2366902,-3.6250086,-16.084995
1.2374088,-3.6255198,-16.085468
1.2381274,-3.626031,-16.085941
1.238846,-3.626542,-16.086414
1.2395645,-3.6270533,-16.086887
1.2402831,-3.6275644,-16.08736
1.2410017,-3.6280756,-16.087833
1.2417203,-3.6285868,-16.088306
1.2424389,-3.629098,-16.08878
1.2431575,-3.629609,-16.089252
1.2438761,-3.6301203,-16.089725
1.2445947,-3.6306314,-16.090199
1.2453133,-3.6311426,-16.090672
1.2460319,-3.6316538,-16.091145
1.2467505,-3.632165,-16.091618
1.2474691,-3.6326761,-16.09209
1.2481877,-3.6331873,-16.092564
1.2489063,-3.6336985,-16.093037
1.2496248,-3.6342096,-16.09351
1.2503434,-3.6347208,-16.093983
1.251062,-3.635232,-16.094456
1.2517806,-3.6357431,-16.094929
1.2524992,-3.6362543,-16.095402
1.2532178,-3.6367655,-16.095875
1.2539364,-3.6372766,-16.096348
1.2547256,-3.6378286,-16.096863
1.2555147,-3.6383805,-16.097378
1.2563039,-3.6389325,-16.097893
1.2570931,-3.6394844,-16.098408
1.2578822,-3.6400363,-16.098923
1.2586714,-3.6405883,-16.099438
1.2594606,-3.6411402,-16.099953
1.2602497,-3.6416922,-16.100468
1.2610389,-3.642244,-16.100983
1.2618281,-3.642796,-16.101498
1.2626172,-3.643348,-16.102013
1.2634064,-3.6439,-16.102528
1.2641956,-3.6444519,-16.103043
1.2649847,-3.6450038,-16.103558
1.2657739,-3.6455557,-16.104073
1.266563,-3.6461077,-16.104588
1.2673522,-3.6466596,-16.105103
1.2681414,-3.6472116,-16.105618
1.2689306,-3.6477635,-16.106133
1.2697197,-3.6483154,-16.106647
1.2704617,-3.648893,-16.107147
1.2711918,-3.6494772,-16.107643
1.271922,-3.6500614,-16.108139
1.2726521,-3.6506455,-16.108635
1.2733823,-3.6512296,-16.10913
1.2741125,-3.6518137,-16.109627
1.2748426,-3.6523979,-16.110123
1.2755728,-3.652982,-16.110619
1.2763029,-3.6535661,-16.111115
1.2770331,-3.6541502,-16.11161
1.2777632,-3.6547344,-16.112106
1.2784934,-3.6553185,-16.112602
1.2792236,-3.6559026,-16.113098
1.2799537,-3.6564867,-16.113594
1.2806839,-3.6570709,-16.11409
1.281414,-3.657655,-16.114586
1.2821442,-3.6582391,-16.115082
1.2828743,-3.6588233,-16.115578
1.2836045,-3.6594074,-16.116074
1.2843347,-3.6599915,-16.11657
1.2850648,-3.6605756,-16.117065
1.2858211,-3.661167,-16.117579
1.2865947,-3.661763,-16.118103
1.2873684,-3.662359,-16.118628
1.2881421,-3.662955,-16.119152
1.2889158,-3.663551,-16.119677
1.2896894,-3.6641471,-16.120201
1.2904631,-3.6647432,-16.120726
1.2912368,-3.6653392,-16.12125
1.2920104,-3.6659353,-16.121775
1.2927841,-3.6665313,-16.1223
1.2935578,-3.6671274,-16.122824
1.2943314,-3.6677234,-16.123348
1.2951051,-3.6683195,-16.123873
1.2958788,-3.6689155,-16.124397
1.2966524,-3.6695116,-16.124922
1.2974261,-3.6701076,-16.125446
1.2981998,-3.6707036,-16.12597
1.2989734,-3.6712997,-16.126495
1.2997471,-3.6718957,-16.12702
1.3005208,-3.6724918,-16.127544
1.3012944,-3.6730878,-16.128069
1.3020632,-3.6736717,-16.128588
1.3028125,-3.674207,-16.129084
1.3035617,-3.6747422,-16.12958
1.3043109,-3.6752775,-16.130075
1.3050601,-3.6758127,-16.130571
1.3058094,-3.676348,-16.131067
1.3065586,-3.6768832,-16.131563
1.3073078,-3.6774185,-16.13206
1.3080571,-3.6779537,-16.132555
1.3088063,-3.678489,-16.13305
1.3095555,-3.6790242,-16.133547
1.3103048,-3.6795595,-16.134043
1.311054,-3.6800947,-16.134539
1.3118032,-3.68063,-16.135035
1.3125525,-3.6811652,-16.13553
1.3133017,-3.6817005,-16.136026
1.3140509,-3.6822357,-16.136522
1.3148001,-3.682771,-16.137018
1.3155494,-3.6833062,-16.137514
1.3162986,-3.6838415,-16.13801
1.3170478,-3.6843767,-16.138506
1.3177971,-3.684912,-16.139002
1.3185463,-3.6854472,-16.139498
1.3192955,-3.6859825,-16.139994
1.3200448,-3.6865177,-16.14049
1.3208208,-3.6871102,-16.141014
1.3215969,-3.6877027,-16.141539
1.3223729,-3.6882951,-16.142063
1.323149,-3.6888876,-16.142588
1.323925,-3.68948,-16.143112
1.3247011,-3.6900725,-16.143637
1.3254771,-3.690665,-16.144161
1.3262532,-3.6912575,-16.144686
1.3270292,-3.69185,-16.14521
1.3278053,-3.6924424,-16.145735
1.3285813,-3.693035,-16.14626
1.3293574,-3.6936274,-16.146784
1.3301334,-3.6942198,-16.147308
1.3309095,-3.6948123,-16.147833
1.3316855,-3.6954048,-16.148357
1.3324616,-3.6959972,-16.148882
1.3332376,-3.6965897,-16.149406
1.3340137,-3.6971822,-16.149931
1.3347898,-3.6977746,-16.150455
1.3355658,-3.698367,-16.15098
1.3363419,-3.6989596,-16.151505
1.3371179,-3.699552,-16.152029
1.3378435,-3.7001288,-16.152525
1.3385355,-3.700695,-16.153002
1.3392276,-3.7012613,-16.153479
1.3399196,-3.7018275,-16.153955
1.3406116,-3.7023938,-16.154432
1.3413036,-3.70296,-16.15491
1.3419956,-3.7035263,-16.155386
1.3426876,-3.7040925,-16.155863
1.3433796,-3.7046587,-16.15634
1.3440716,-3.705225,-16.156816
1.3447636,-3.7057912,-16.157293
1.3454556,-3.7063575,-16.15777
1.3461477,-3.7069237,-16.158247
1.3468397,-3.70749,-16.158724
1.3475317,-3.7080562,-16.1592
1.3482237,-3.7086225,-16.159678
1.3489157,-3.7091887,-16.160154
1.3496077,-3.709755,-16.160631
1.3502997,-3.7103212,-16.161108
1.3509917,-3.7108874,-16.161585
1.3516837,-3.7114537,-16.162062
1.3523757,-3.71202,-16.162539
1.3530684,-3.7125862,-16.163015
1.353761,-3.7131524,-16.163492
1.3544536,-3.7137187,-16.163969
1.3551462,-3.714285,-16.164446
1.3558388,-3.7148511,-16.164923
1.3565314,-3.7154174,-16.1654
1.357224,-3.7159836,-16.165876
1.3579166,-3.7165499,-16.166353
1.3586092,-3.717116,-16.16683
1.3593018,-3.7176824,-16.167307
1.3599944,-3.7182486,-16.167784
1.360687,-3.7188148,-16.16826
1.3613796,-3.719381,-16.168737
1.3620722,-3.7199473,-16.169214
1.3627648,-3.7205136,-16.169691
1.3634574,-3.7210798,-16.170168
1.36415,-3.721646,-16.170645
1.3648427,-3.7222123,-16.171122
1.3655353,-3.7227786,-16.171598
1.3662279,-3.7233448,-16.172075
1.3669205,-3.723911,-16.172552
1.36762,-3.7244577,-16.173025
1.3684719,-3.7250786,-16.173586
1.3693237,-3.7256994,-16.174147
1.3701756,-3.7263203,-16.174707
1.3710275,-3.726941,-16.175268
1.3718793,-3.727562,-16.175829
1.3727312,-3.7281828,-16.17639
1.3735831,-3.7288036,-16.17695
1.374435,-3.7294245,-16.177511
1.3752868,-3.7300453,-16.178072
1.3761387,-3.7306662,-16.178633
1.3769906,-3.731287,-16.179193
1.3778424,-3.7319078,-16.179754
1.3786943,-3.7325287,-16.180315
1.3795462,-3.7331495,-16.180876
1.380398,-3.7337704,-16.181437
1.3812499,-3.7343912,-16.181997
1.3821018,-3.735012,-16.182558
1.3827993,-3.7355657,-16.183033
1.3834937,-3.7361283,-16.18351
1.384188,-3.736691,-16.183987
1.3848825,-3.7372537,-16.184464
1.3855768,-3.7378163,-16.18494
1.3862712,-3.738379,-16.185417
1.3869656,-3.7389417,-16.185894
1.38766,-3.7395043,-16.18637
1.3883544,-3.740067,-16.186848
1.3890488,-3.7406297,-16.187325
1.3897432,-3.7411923,-16.187801
1.3904376,-3.741755,-16.188278
1.391132,-3.7423177,-16.188755
1.3918264,-3.7428803,-16.189232
1.3925208,-3.743443,-16.189709
1.3932152,-3.7440057,-16.190186
1.3939096,-3.7445683,-16.190662
1.394604,-3.745131,-16.19114
1.3952984,-3.7456937,-16.191616
1.3959928,-3.7462564,-16.192093
1.3966872,-3.746819,-16.19257
1.3974043,-3.7473984,-16.19306
1.3982126,-3.7480445,-16.193604
1.3990208,-3.7486906,-16.194147
1.399829,-3.7493367,-16.19469
1.4006373,-3.7499828,-16.195234
1.4014455,-3.750629,-16.195778
1.4022537,-3.751275,-16.196321
1.403062,-3.7519212,-16.196865
1.4038702,-3.7525673,-16.197409
1.4046785,-3.7532134,-16.197952
1.4054867,-3.7538595,-16.198496
1.406295,-3.7545056,-16.19904
1.4071032,-3.7551517,-16.199583
1.4079114,-3.7557979,-16.200127
1.4087197,-3.756444,-16.20067
1.4095279,-3.75709,-16.201214
1.4103361,-3.7577362,-16.201757
1.4111444,-3.7583823,-16.202301
1.4119526,-3.7590284,-16.202845
1.4127609,-3.7596745,-16.203388
1.4135691,-3.7603207,-16.203932
1.4143773,-3.7609668,-16.204475
1.4151856,-3.761613,-16.205019
1.4159938,-3.762259,-16.205563
1.41672,-3.7628188,-16.206047
1.4175259,-3.7634215,-16.206581
1.4183317,-3.7640243,-16.207115
1.4191376,-3.764627,-16.20765
1.4199435,-3.7652297,-16.208183
1.4207493,-3.7658324,-16.208717
1.4215552,-3.7664351,-16.209251
1.422361,-3.7670379,-16.209785
1.4231669,-3.7676406,-16.21032
1.4239727,-3.7682433,-16.210854
1.4247786,-3.768846,-16.211388
1.4255844,-3.7694488,-16.211922
1.4263903,-3.7700515,-16.212456
1.4271961,-3.7706542,-16.21299
1.428002,-3.771257,-16.213524
1.4288079,-3.7718596,-16.214058
1.4296137,-3.7724624,-16.214592
1.4304196,-3.773065,-16.215126
1.4312254,-3.7736678,-16.21566
1.4320313,-3.7742705,-16.216194
1.4328371,-3.7748733,-16.216728
1.433643,-3.775476,-16.217262
1.4344488,-3.7760787,-16.217796
1.4352547,-3.7766814,-16.21833
1.4360605,-3.7772841,-16.218864
1.4368664,-3.7778869,-16.219398
1.4376723,-3.7784896,-16.219933
1.4384781,-3.7790923,-16.220467
1.4393679,-3.7797794,-16.221062
1.4400982,-3.780358,-16.221554
1.4408284,-3.7809367,-16.222046
1.4415587,-3.7815154,-16.222538
1.442289,-3.782094,-16.22303
1.4430193,-3.7826726,-16.223522
1.4437495,-3.7832513,-16.224014
1.4444798,-3.78383,-16.224506
1.4452101,-3.7844086,-16.224998
1.4459404,-3.7849872,-16.22549
1.4466707,-3.7855659,-16.225983
1.4474009,-3.7861445,-16.226475
1.4481312,-3.7867231,-16.226967
1.4488615,-3.7873018,-16.227459
1.4495918,-3.7878804,-16.227951
1.450322,-3.788459,-16.228443
1.4510523,-3.7890377,-16.228935
1.4517826,-3.7896163,-16.229427
1.4525129,-3.790195,-16.22992
1.4532431,-3.7907736,-16.230412
1.4539734,-3.7913523,-16.230904
1.4547037,-3.791931,-16.231396
1.455434,-3.7925096,-16.231888
1.4561642,-3.7930882,-16.23238
1.4568945,-3.7936668,-16.232872
1.4576248,-3.7942455,-16.233364
1.4583551,-3.7948241,-16.233856
1.4590853,-3.7954028,-16.234348
1.4598156,-3.7959814,-16.23484
1.4605459,-3.79656,-16.235332
1.4612762,-3.7971387,-16.235825
1.4620064,-3.7977173,-16.236317
1.4627367,-3.798296,-16.236809
1.463467,-3.7988746,-16.2373
1.4641973,-3.7994533,-16.237793
1.4649276,-3.800032,-16.238285
1.4656578,-3.8006105,-16.238777
1.4663881,-3.8011892,-16.23927
1.4671088,-3.801743,-16.23975
1.4678248,-3.8022845,-16.240225
1.4685408,-3.802826,-16.2407
1.4692568,-3.8033674,-16.241175
1.4699727,-3.8039088,-16.24165
1.4706887,-3.8044503,-16.242125
1.4714047,-3.8049917,-16.2426
1.4721206,-3.8055332,-16.243074
1.4728366,-3.8060746,-16.24355
1.4735526,-3.806616,-16.244024
1.4742686,-3.8071575,-16.2445
1.4749845,-3.807699,-16.244974
1.4757005,-3.8082404,-16.24545
1.4764165,-3.8087819,-16.245924
1.4771324,-3.8093233,-16.246399
1.4778484,-3.8098648,-16.246874
1.4785644,-3.8104062,-16.247349
1.4792804,-3.8109477,-16.247824
1.4799963,-3.811489,-16.248299
1.4807123,-3.8120306,-16.248774
1.4814283,-3.812572,-16.249249
1.4821442,-3.8131135,-16.249723
1.4828602,-3.813655,-16.250198
1.4835762,-3.8141963,-16.250673
1.4842921,-3.8147378,-16.251148
1.4850081,-3.8152792,-16.251623
1.4857241,-3.8158207,-16.252098
1.4864401,-3.8163621,-16.252573
1.487156,-3.8169036,-16.253048
1.487872,-3.817445,-16.253523
1.488588,-3.8179865,-16.253998
1.489304,-3.818528,-16.254473
1.4900199,-3.8190694,-16.254948
1.4907359,-3.8196108,-16.255423
1.4914519,-3.8201523,-16.255898
1.4921678,-3.8206937,-16.256372
1.4928838,-3.8212352,-16.256847
1.4935998,-3.8217766,-16.257322
1.4943157,-3.822318,-16.257797
1.4952464,-3.8230307,-16.258413
1.4961691,-3.8237402,-16.259024
1.4970918,-3.8244498,-16.259634
1.4980145,-3.8251593,-16.260244
1.4989371,-3.8258688,-16.260855
1.4998598,-3.8265784,-16.261465
1.5007825,-3.827288,-16.262075
1.5017052,-3.8279974,-16.262686
1.5026278,-3.828707,-16.263296
1.5035505,-3.8294165,-16.263906
1.5044732,-3.830126,-16.264517
1.5053959,-3.8308356,-16.265127
1.5063186,-3.831545,-16.265738
1.5072412,-3.8322546,-16.266348
1.5081639,-3.8329642,-16.266958
1.5090866,-3.8336737,-16.267569
1.5100093,-3.8343832,-16.268179
1.510932,-3.8350928,-16.26879
1.5118546,-3.8358023,-16.2694
1.5127773,-3.8365119,-16.27001
1.5137,-3.8372214,-16.27062
1.5146227,-3.837931,-16.27123
1.5155454,-3.8386405,-16.271841
1.516468,-3.83935,-16.272451
1.5173907,-3.8400595,-16.273062
1.5183134,-3.840769,-16.273672
1.5192361,-3.8414786,-16.274282
1.5201626,-3.8421786,-16.27489
1.5211005,-3.84285,-16.275494
1.5220385,-3.8435214,-16.276096
1.5229764,-3.8441927,-16.2767
1.5239143,-3.8448641,-16.277302
1.5248523,-3.8455355,-16.277905
1.5257902,-3.846207,-16.278507
1.5267282,-3.8468783,-16.27911
1.5276661,-3.8475497,-16.279713
1.528604,-3.848221,-16.280315
1.529542,-3.8488925,-16.280918
1.5304799,-3.8495638,-16.28152
1.5314178,-3.8502352,-16.282124
1.5323558,-3.8509066,-16.282726
1.5332937,-3.851578,-16.283329
1.5342317,-3.8522494,-16.283932
1.5351696,-3.8529208,-16.284534
1.5361075,-3.8535922,-16.285137
1.5370455,-3.8542635,-16.28574
1.5379834,-3.854935,-16.286343
1.5389214,-3.8556063,-16.286945
1.5398593,-3.8562777,-16.287548
1.5407972,-3.856949,-16.28815
1.5417352,-3.8576205,-16.288754
1.5426731,-3.8582919,-16.289356
1.543611,-3.8589633,-16.289959
1.5445235,-3.8596268,-16.29055
1.5453594,-3.8602667,-16.291107
1.5461953,-3.8609066,-16.291664
1.5470312,-3.8615465,-16.292221
1.5478671,-3.8621864,-16.292778
1.548703,-3.8628263,-16.293335
1.5495389,-3.8634663,-16.293892
1.5503747,-3.8641062,-16.294449
1.5512106,-3.864746,-16.295006
1.5520465,-3.865386,-16.295563
1.5528824,-3.866026,-16.29612
1.5537183,-3.8666658,-16.296677
1.5545542,-3.8673058,-16.297234
1.5553901,-3.8679457,-16.29779
1.556226,-3.8685856,-16.298347
1.5570619,-3.8692255,-16.298904
1.5578978,-3.8698654,-16.299461
1.5587337,-3.8705053,-16.300018
1.5595696,-3.8711452,-16.300575
1.5604055,-3.8717852,-16.301132
1.5612414,-3.872425,-16.30169
1.5620773,-3.873065,-16.302246
1.5629132,-3.873705,-16.302803
1.5637491,-3.8743448,-16.30336
1.564585,-3.8749847,-16.303917
1.5654209,-3.8756247,-16.304474
1.5662568,-3.8762646,-16.30503
1.5670927,-3.8769045,-16.305588
1.5679464,-3.8775482,-16.306152
1.5688181,-3.8781958,-16.306725
1.5696898,-3.8788433,-16.307297
1.5705614,-3.8794909,-16.307869
1.5714331,-3.8801384,-16.308441
1.5723047,-3.880786,-16.309013
1.5731764,-3.8814335,-16.309586
1.574048,-3.882081,-16.310158
1.5749197,-3.8827286,-16.31073
1.5757914,-3.8833761,-16.311302
1.576663,-3.8840237,-16.311874
1.5775347,-3.8846712,-16.312447
1.5784063,-3.8853188,-16.313019
1.579278,-3.8859663,-16.313591
1.5801497,-3.8866138,-16.314163
1.5810213,-3.8872614,-16.314735
1.581893,-3.887909,-16.315308
1.5827646,-3.8885565,-16.31588
1.5836363,-3.889204,-16.316452
1.584508,-3.8898516,-16.317024
1.5853796,-3.890499,-16.317596
1.5862513,-3.8911467,-16.318169
1.5871229,-3.8917942,-16.31874
1.5879946,-3.8924417,-16.319313
1.5888662,-3.8930893,-16.319885
1.5897379,-3.8937368,-16.320457
1.5906096,-3.8943844,-16.32103
1.5914812,-3.895032,-16.321602
1.5923543,-3.8956788,-16.322174
1.5932279,-3.8963253,-16.322746
1.5941014,-3.896972,-16.323318
1.594975,-3.8976185,-16.32389
1.5958486,-3.8982651,-16.324463
1.5967221,-3.8989117,-16.325035
1.5975957,-3.8995583,-16.325607
1.5984693,-3.900205,-16.32618
1.5993428,-3.9008515,-16.326752
1.6002164,-3.901498,-16.327324
1.60109,-3.9021447,-16.327896
1.6019635,-3.9027913,-16.328468
1.6028371,-3.9034379,-16.32904
1.6037107,-3.9040844,-16.329613
1.6045842,-3.904731,-16.330185
1.6054578,-3.9053776,-16.330757
1.6063313,-3.9060242,-16.33133
1.6072049,-3.9066708,-16.331902
1.6080785,-3.9073174,-16.332474
1.608952,-3.907964,-16.333046
1.6098256,-3.9086106,-16.333618
1.6106992,-3.9092572,-16.33419
1.6115727,-3.9099038,-16.334763
1.6124463,-3.9105504,-16.335335
1.6133199,-3.911197,-16.335907
1.6141934,-3.9118435,-16.33648
1.6150502,-3.912485,-16.337042
1.6158565,-3.9131105,-16.337576
1.6166629,-3.913736,-16.33811
1.6174692,-3.9143617,-16.338644
1.6182755,-3.9149873,-16.339178
1.6190819,-3.915613,-16.339712
1.6198882,-3.9162385,-16.340246
1.6206945,-3.9168642,-16.34078
1.6215008,-3.9174898,-16.341314
1.6223072,-3.9181154,-16.341848
1.6231135,-3.918741,-16.342382
1.6239198,-3.9193666,-16.342916
1.6247262,-3.9199922,-16.34345
1.6255325,-3.9206178,-16.343985
1.6263388,-3.9212434,-16.344519
1.6271452,-3.921869,-16.345053
1.6279515,-3.9224946,-16.345587
1.6287578,-3.9231203,-16.34612
1.6295642,-3.9237459,-16.346655
1.6303705,-3.9243715,-16.347189
1.6311768,-3.924997,-16.347723
1.6319832,-3.9256227,-16.348257
1.6327895,-3.9262483,-16.348791
1.6335958,-3.926874,-16.349325
1.6344022,-3.9274995,-16.34986
1.6352085,-3.9281251,-16.350393
1.6360148,-3.9287508,-16.350927
1.6368212,-3.9293764,-16.351461
1.6376275,-3.930002,-16.351995
1.6384338,-3.9306276,-16.35253
1.6392401,-3.9312532,-16.353064
1.6400465,-3.9318788,-16.353598
1.6408528,-3.9325044,-16.354132
1.6416591,-3.93313,-16.354666
1.6425211,-3.933787,-16.355234
1.6433467,-3.934413,-16.355778
1.6441722,-3.9350388,-16.356321
1.6449977,-3.9356647,-16.356865
1.6458232,-3.9362905,-16.357409
1.6466488,-3.9369164,-16.357952
1.6474743,-3.9375422,-16.358496
1.6482998,-3.938168,-16.35904
1.6491253,-3.938794,-16.359583
1.6499509,-3.9394197,-16.360126
1.6507764,-3.9400456,-16.36067
1.6516019,-3.9406714,-16.361214
1.6524274,-3.9412973,-16.361757
1.653253,-3.9419231,-16.3623
1.6540785,-3.942549,-16.362844
1.654904,-3.9431748,-16.363388
1.6557295,-3.9438007,-16.363932
1.6566124,-3.9443164,-16.364466
1.6574953,-3.944832,-16.365
1.6583781,-3.9453478,-16.365534
1.659261,-3.9458635,-16.366068
1.6601439,-3.9463792,-16.366602
1.6610267,-3.946895,-16.367136
1.6619096,-3.9474106,-16.36767
1.6627924,-3.9479263,-16.368204
1.6636753,-3.948442,-16.368738
1.6645582,-3.9489577,-16.369272
1.665441,-3.9494734,-16.369806
1.6663239,-3.949989,-16.37034
1.6672068,-3.9505048,-16.370874
1.6680896,-3.9510205,-16.371408
1.6689725,-3.9515362,-16.371943
1.6698151,-3.9520605,-16.372461
1.6705569,-3.9526062,-16.372942
1.6712987,-3.953152,-16.373423
1.6720406,-3.9536977,-16.373903
1.6727824,-3.9542434,-16.374384
1.6735243,-3.9547892,-16.374865
1.6742661,-3.955335,-16.375345
1.6750079,-3.9558806,-16.375826
1.6757498,-3.9564264,-16.376307
1.6764916,-3.9569721,-16.376787
1.6772335,-3.9575179,-16.377268
1.6779753,-3.9580636,-16.377748
1.6787171,-3.9586093,-16.37823
1.679459,-3.959155,-16.37871
1.6802008,-3.9597008,-16.37919
1.6809427,-3.9602466,-16.379671
1.6816845,-3.9607923,-16.380152
1.6824521,-3.9612935,-16.38063
1.683246,-3.9618013,-16.381123
1.68404,-3.9623091,-16.381615
1.6848339,-3.962817,-16.382107
1.6856278,-3.9633248,-16.382599
1.6864218,-3.9638326,-16.383091
1.6872157,-3.9643404,-16.383583
1.6880096,-3.9648483,-16.384075
1.6888036,-3.965356,-16.384567
1.6895975,-3.965864,-16.38506
1.6903914,-3.9663718,-16.385551
1.6911854,-3.9668796,-16.386044
1.6919793,-3.9673874,-16.386536
1.6927732,-3.9678953,-16.387028
1.6935672,-3.968403,-16.38752
1.6943611,-3.968911,-16.388012
1.695155,-3.9694188,-16.388504
1.695981,-3.9699445,-16.389015
1.696803,-3.970457,-16.38952
1.6976249,-3.9709697,-16.390026
1.6984469,-3.9714823,-16.390532
1.6992688,-3.9719949,-16.391037
1.7000908,-3.9725075,-16.391542
1.7009127,-3.97302,-16.392048
1.7017347,-3.9735327,-16.392553
1.7025566,-3.9740453,-16.393059
1.7033786,-3.9745579,-16.393564
1.7042005,-3.9750705,-16.39407
1.7050225,-3.975583,-16.394575
1.7058444,-3.9760957,-16.39508
1.7066664,-3.9766083,-16.395586
1.7074883,-3.9771209,-16.396091
1.7083102,-3.9776335,-16.396597
1.7091322,-3.978146,-16.397102
1.7099541,-3.9786587,-16.397608
1.7107761,-3.9791713,-16.398113
1.711598,-3.9796839,-16.398619
1.71242,-3.9801965,-16.399124
1.7132419,-3.980709,-16.39963
1.7140639,-3.9812217,-16.400135
1.7148858,-3.9817343,-16.40064
1.7156963,-3.9822536,-16.401142
1.7164611,-3.9827995,-16.401628
1.7172258,-3.9833455,-16.402115
1.7179905,-3.9838915,-16.402601
1.7187552,-3.9844375,-16.403088
1.71952,-3.9849834,-16.403574
1.7202847,-3.9855294,-16.40406
1.7210494,-3.9860754,-16.404547
1.7218142,-3.9866214,-16.405033
1.7225789,-3.9871674,-16.40552
1.7233436,-3.9877133,-16.406006
1.7241083,-3.9882593,-16.406492
1.7248731,-3.9888053,-16.406979
1.7256378,-3.9893513,-16.407465
1.7264025,-3.9898973,-16.407951
1.7271672,-3.9904432,-16.408438
1.727932,-3.9909892,-16.408924
1.7286967,-3.9915352,-16.40941
1.7294614,-3.9920812,-16.409897
1.7302262,-3.9926271,-16.410383
1.7309909,-3.9931731,-16.41087
1.7317556,-3.993719,-16.411356
1.7325203,-3.994265,-16.411842
1.7332851,-3.994811,-16.412329
1.7340504,-3.9953558,-16.412815
1.7348157,-3.9959006,-16.413301
1.735581,-3.9964454,-16.413788
1.7363464,-3.9969902,-16.414274
1.7371117,-3.997535,-16.41476
1.737877,-3.9980798,-16.415247
1.7386423,-3.9986246,-16.415733
1.7394077,-3.9991693,-16.41622
1.740173,-3.9997141,-16.416706
1.7409383,-4.0002594,-16.417192
1.7417036,-4.0008054,-16.417679
1.742469,-4.0013514,-16.418165
1.7432343,-4.0018973,-16.418652
1.7439996,-4.0024433,-16.419138
1.7447649,-4.0029893,-16.419624
1.7455302,-4.0035353,-16.42011
1.7462956,-4.0040812,-16.420597
1.7470609,-4.004627,-16.421083
1.7478262,-4.005173,-16.42157
1.7485915,-4.005719,-16.422056
1.7493569,-4.006265,-16.422543
1.7501222,-4.006811,-16.423029
1.7508875,-4.007357,-16.423515
1.7516643,-4.007985,-16.424032
1.7524439,-4.0086336,-16.424557
1.7532235,-4.009282,-16.425081
1.7540032,-4.0099306,-16.425606
1.7547828,-4.010579,-16.42613
1.7555624,-4.0112276,-16.426655
1.756342,-4.011876,-16.42718
1.7571217,-4.0125246,-16.427704
1.7579013,-4.013173,-16.428228
1.7586809,-4.0138216,-16.428753
1.7594606,-4.01447,-16.429277
1.7602402,-4.0151186,-16.429802
1.7610198,-4.015767,-16.430326
1.7617995,-4.0164156,-16.430851
1.7625791,-4.017064,-16.431376
1.7633587,-4.0177126,-16.4319
1.7641383,-4.018361,-16.432425
1.764918,-4.0190096,-16.43295
1.7656976,-4.019658,-16.433474
1.7664772,-4.0203066,-16.433998
1.7672569,-4.020955,-16.434523
1.7680365,-4.0216036,-16.435047
1.7688161,-4.022252,-16.435572
1.7695367,-4.0228233,-16.43605
1.7703543,-4.023447,-16.436588
1.7711718,-4.0240707,-16.437126
1.7719893,-4.0246944,-16.437664
1.7728069,-4.025318,-16.438202
1.7736244,-4.025942,-16.43874
1.774442,-4.0265656,-16.439278
1.7752595,-4.0271893,-16.439816
1.776077,-4.027813,-16.440353
1.7768946,-4.0284367,-16.440891
1.7777121,-4.0290604,-16.44143
1.7785296,-4.029684,-16.441967
1.7793472,-4.030308,-16.442505
1.7801647,-4.0309315,-16.443043
1.7809823,-4.031555,-16.44358
1.7817998,-4.032179,-16.444118
1.7826173,-4.0328026,-16.444656
1.7834349,-4.0334263,-16.445194
1.7842524,-4.03405,-16.445732
1.7849578,-4.0346446,-16.446209
1.7856895,-4.0352755,-16.446707
1.7864212,-4.0359063,-16.447205
1.7871529,-4.036537,-16.447702
1.7878846,-4.037168,-16.4482
1.7886163,-4.037799,-16.448698
1.789348,-4.0384297,-16.449196
1.7900797,-4.0390606,-16.449694
1.7908114,-4.0396914,-16.450191
1.7915431,-4.0403223,-16.45069
1.7922748,-4.040953,-16.451187
1.7930065,-4.041584,-16.451685
1.7936448,-4.042272,-16.452168
1.7942713,-4.0429673,-16.452648
1.7948979,-4.0436625,-16.453129
1.7955245,-4.044358,-16.45361
1.796151,-4.045053,-16.45409
1.7967676,-4.0456953,-16.454552
1.7974393,-4.0463204,-16.455034
1.7981111,-4.0469456,-16.455517
1.7987828,-4.0475707,-16.456
1.7994546,-4.048196,-16.456482
1.8001324,-4.0488014,-16.456959
1.800882,-4.0492973,-16.457417
1.8016316,-4.0497932,-16.457874
1.8023812,-4.050289,-16.458332
1.8031307,-4.050785,-16.45879
1.8038803,-4.051281,-16.459248
1.8046299,-4.051777,-16.459705
1.8053795,-4.052273,-16.460163
1.8061129,-4.0528555,-16.460638
1.8068522,-4.0534496,-16.461119
1.8075916,-4.054044,-16.4616
1.8083309,-4.054638,-16.46208
1.8090702,-4.055232,-16.46256
1.8098096,-4.055826,-16.463041
1.8105489,-4.0564203,-16.463522
1.8112882,-4.0570145,-16.464003
1.8120285,-4.0576086,-16.464483
1.8127695,-4.0582027,-16.464964
1.8135105,-4.058797,-16.465445
1.8142515,-4.059391,-16.465925
1.8149925,-4.059985,-16.466406
1.8157336,-4.0605793,-16.466887
1.8164746,-4.0611734,-16.467367
1.8172156,-4.0617676,-16.467848
1.817928,-4.062365,-16.468317
1.8186361,-4.0630116,-16.468798
1.8193442,-4.063658,-16.469278
1.8200523,-4.064305,-16.469759
1.8207604,-4.0649514,-16.47024
1.8214685,-4.065598,-16.47072
1.8221766,-4.0662446,-16.4712
1.8228847,-4.066891,-16.471682
1.8235928,-4.067538,-16.472162
1.8242834,-4.0681486,-16.472626
1.8250277,-4.068736,-16.473106
1.825772,-4.0693235,-16.473587
1.8265164,-4.069911,-16.474068
1.8272607,-4.0704985,-16.474548
1.8280051,-4.071086,-16.475029
1.8287494,-4.0716734,-16.47551
1.8294938,-4.072261,-16.47599
1.8302381,-4.0728483,-16.47647
1.8309824,-4.073436,-16.476952
1.8317034,-4.0740385,-16.477428
1.8322842,-4.074733,-16.477882
1.832865,-4.075427,-16.478336
1.8334458,-4.0761213,-16.47879
1.8340266,-4.0768156,-16.479244
1.8346074,-4.07751,-16.479698
1.8351885,-4.0782027,-16.480152
1.835771,-4.0788903,-16.480606
1.8363534,-4.079578,-16.48106
1.8369359,-4.0802655,-16.481514
1.8375183,-4.080953,-16.481968
1.8381008,-4.0816407,-16.482422
1.8386832,-4.0823283,-16.482876
1.8392657,-4.083016,-16.48333
1.8398021,-4.083731,-16.483788
1.8403386,-4.0844464,-16.484245
1.840875,-4.0851617,-16.484703
1.8414115,-4.085877,-16.48516
1.8419479,-4.086592,-16.485619
1.8424426,-4.087353,-16.48606
1.8428658,-4.0881658,-16.486465
1.842662,-4.089127,-16.486689
1.842387,-4.090071,-16.486877
1.8431071,-4.090617,-16.487322
1.8440157,-4.0907645,-16.487715
1.8441181,-4.091706,-16.488037
1.8449382,-4.0920954,-16.488464
1.8458501,-4.0922413,-16.488853
1.8467617,-4.0923886,-16.489246
1.8476703,-4.092573,-16.48964
1.8485789,-4.0927696,-16.490032
1.8495198,-4.092688,-16.49041
1.8504264,-4.092409,-16.490753
1.8513368,-4.092152,-16.4911
1.8522638,-4.092015,-16.491467
1.8531908,-4.0918775,-16.491833
1.8541178,-4.09174,-16.492199
1.8550447,-4.091603,-16.492565
1.8559717,-4.0914655,-16.492931
1.8568987,-4.091328,-16.493298
1.8578256,-4.091191,-16.493664
1.8587254,-4.091369,-16.494118
1.8596252,-4.0915475,-16.494572
1.860525,-4.091726,-16.495026
1.8614273,-4.0919075,-16.495466
1.8623478,-4.0920935,-16.495913
1.8632684,-4.0922794,-16.496359
1.8641889,-4.0924654,-16.496805
1.8650738,-4.092645,-16.497238
1.8659383,-4.092832,-16.497705
1.8668028,-4.093019,-16.498173
1.8676871,-4.093201,-16.498615
1.8686076,-4.093387,-16.499062
1.8695282,-4.093573,-16.499508
1.8704487,-4.093759,-16.499954
1.8713692,-4.093945,-16.5004
1.8722593,-4.0941763,-16.500843
1.8731185,-4.094525,-16.501297
1.8739778,-4.0948734,-16.50175
1.874837,-4.095222,-16.502205
1.8756963,-4.0955706,-16.502659
1.8765556,-4.095919,-16.503113
1.8774148,-4.0962677,-16.503567
1.8782741,-4.0966163,-16.50402
1.8791333,-4.096965,-16.504475
1.8799926,-4.0973134,-16.504929
1.8808519,-4.097662,-16.505383
1.8817111,-4.0980105,-16.505836
1.8824698,-4.0985293,-16.506283
1.8831528,-4.099123,-16.506712
1.8838359,-4.0997167,-16.507141
1.884519,-4.1003103,-16.50757
1.885202,-4.100904,-16.508
1.8858851,-4.1014977,-16.508429
1.8865682,-4.1020913,-16.508858
1.8872777,-4.10269,-16.5093
1.8880697,-4.1031833,-16.509762
1.8888618,-4.1036763,-16.510223
1.8896538,-4.1041694,-16.510685
1.8904458,-4.1046624,-16.511147
1.8912379,-4.1051555,-16.511608
1.8920299,-4.1056485,-16.51207
1.8928219,-4.1061416,-16.512531
1.8936139,-4.1066346,-16.512993
1.894406,-4.1071277,-16.513454
1.895198,-4.1076207,-16.513916
1.89599,-4.108114,-16.514378
1.8967994,-4.108581,-16.514835
1.8976089,-4.1090484,-16.515293
1.8984183,-4.1095157,-16.51575
1.8992277,-4.109983,-16.516209
1.9000372,-4.1104503,-16.516666
1.9008466,-4.1109176,-16.517124
1.901656,-4.111385,-16.517582
1.9024655,-4.111852,-16.51804
1.9032749,-4.1123195,-16.518497
1.9040843,-4.112787,-16.518955
1.9049243,-4.1132803,-16.519432
1.9057045,-4.113791,-16.519886
1.9064847,-4.1143017,-16.52034
1.907265,-4.1148124,-16.520794
1.9080452,-4.115323,-16.521248
1.9088254,-4.1158338,-16.521702
1.9096056,-4.1163445,-16.522156
1.9103858,-4.116855,-16.52261
1.9111661,-4.117366,-16.523064
1.9119463,-4.1178765,-16.523518
1.9127265,-4.118387,-16.523972
1.9135067,-4.118898,-16.524426
1.914287,-4.1194086,-16.52488
1.9150672,-4.1199193,-16.525333
1.9158474,-4.12043,-16.525787
1.9166876,-4.121002,-16.526283
1.9175106,-4.1215706,-16.526772
1.9183336,-4.122139,-16.52726
1.9191567,-4.1227074,-16.527748
1.9199797,-4.1232758,-16.528236
1.9208027,-4.123844,-16.528725
1.9216257,-4.1244125,-16.529213
1.9224488,-4.124981,-16.529701
1.9232718,-4.1255493,-16.53019
1.9240948,-4.1261177,-16.530678
1.9249178,-4.126686,-16.531166
1.9257408,-4.1272545,-16.531654
1.9265639,-4.127823,-16.532143
1.9273869,-4.1283913,-16.53263
1.9282099,-4.1289597,-16.53312
1.9290329,-4.129528,-16.533607
1.929856,-4.1300964,-16.534096
1.930679,-4.130665,-16.534584
1.931502,-4.131233,-16.535072
1.932325,-4.1318016,-16.53556
1.933148,-4.13237,-16.536049
1.933971,-4.1329384,-16.536537
1.9347941,-4.133507,-16.537025
1.9356171,-4.134075,-16.537514
1.9364401,-4.1346436,-16.538002
1.9372631,-4.135212,-16.53849
1.9380862,-4.1357803,-16.538979
1.9389092,-4.1363487,-16.539467
1.9397322,-4.136917,-16.539955
1.9405288,-4.13748,-16.540432
1.9412165,-4.1380677,-16.540878
1.9419042,-4.1386557,-16.541325
1.9425919,-4.1392436,-16.54177
1.9432796,-4.1398315,-16.542217
1.9439673,-4.1404195,-16.542664
1.9446551,-4.1410074,-16.54311
1.9453428,-4.1415954,-16.543556
1.9460305,-4.1421833,-16.544003
1.9467182,-4.1427712,-16.544449
1.9474059,-4.143359,-16.544895
1.9480937,-4.143947,-16.545341
1.9487814,-4.144535,-16.545788
1.9494804,-4.1451154,-16.546238
1.9502465,-4.1456895,-16.546719
1.9510125,-4.1462636,-16.5472
1.9517785,-4.1468377,-16.54768
1.9525446,-4.147412,-16.54816
1.9533106,-4.147986,-16.548641
1.9540766,-4.14856,-16.549122
1.9548427,-4.149134,-16.549603
1.9555647,-4.149699,-16.55006
1.9561756,-4.15038,-16.550488
1.9567864,-4.151061,-16.550915
1.9573972,-4.151742,-16.551342
1.9579991,-4.1524215,-16.551765
1.9584497,-4.1532226,-16.552166
1.9591564,-4.153795,-16.5526
1.9600704,-4.153942,-16.552994
1.9609394,-4.154237,-16.553408
1.9616421,-4.154816,-16.553837
1.9623449,-4.1553955,-16.554266
1.9624075,-4.1563516,-16.554562
1.9631796,-4.156831,-16.554993
1.9640915,-4.1569767,-16.555382
1.9644626,-4.157882,-16.555607
