-0.35460663,-4.2458935,-17.210037
-0.35494894,-4.246827,-17.210186
-0.35572195,-4.2474804,-17.210148
-0.3562581,-4.248315,-17.210335
-0.35679424,-4.2491493,-17.210522
-0.35733038,-4.249984,-17.210709
-0.35786653,-4.2508183,-17.210896
-0.358413,-4.251679,-17.211088
-0.35897654,-4.2526016,-17.211294
-0.35954008,-4.2535243,-17.2115
-0.3601036,-4.254447,-17.211706
-0.36066714,-4.2553697,-17.211912
-0.36123067,-4.2562923,-17.212118
-0.3617942,-4.257215,-17.212324
-0.36235774,-4.2581377,-17.21253
-0.36292127,-4.2590604,-17.212736
-0.3634848,-4.259983,-17.212942
-0.3640818,-4.260832,-17.213102
-0.3646951,-4.2616687,-17.213251
-0.3653084,-4.2625055,-17.2134
-0.3659217,-4.2633424,-17.213549
-0.366535,-4.264179,-17.213697
-0.3671417,-4.2649817,-17.213825
-0.367772,-4.265754,-17.213911
-0.3685728,-4.266351,-17.213821
-0.36872706,-4.2672753,-17.214226
-0.36932734,-4.2681165,-17.214397
-0.36992761,-4.2689576,-17.21457
-0.3705279,-4.2697988,-17.21474
-0.37112164,-4.2706075,-17.214909
-0.37173843,-4.271438,-17.215082
-0.37235522,-4.272269,-17.215256
-0.372972,-4.2730994,-17.21543
-0.3735888,-4.27393,-17.215603
-0.3742056,-4.2747607,-17.215776
-0.37480664,-4.275554,-17.215939
-0.37543964,-4.2763267,-17.216082
-0.37607265,-4.277099,-17.216225
-0.37670565,-4.2778716,-17.216368
-0.37733865,-4.278644,-17.21651
-0.37795055,-4.2794623,-17.216677
-0.37849212,-4.28029,-17.216864
-0.37903368,-4.281118,-17.21705
-0.37957525,-4.2819457,-17.217237
-0.38011682,-4.2827735,-17.217424
-0.38069355,-4.2836204,-17.217607
-0.38136876,-4.2844443,-17.217745
-0.38204396,-4.2852683,-17.217882
-0.38271916,-4.2860923,-17.21802
-0.38339436,-4.2869163,-17.218157
-0.38406956,-4.28774,-17.218294
-0.38471857,-4.28855,-17.218437
-0.38533652,-4.2893806,-17.21861
-0.38595447,-4.290211,-17.218784
-0.38657242,-4.291042,-17.218958
-0.38719037,-4.2918725,-17.219131
-0.38780832,-4.292703,-17.219305
-0.38829926,-4.29357,-17.219534
-0.38867906,-4.2944627,-17.219809
-0.38905886,-4.2953553,-17.220083
-0.3895977,-4.2961864,-17.220284
-0.390301,-4.2969203,-17.220392
-0.39100426,-4.297654,-17.2205
-0.39171964,-4.2984333,-17.220627
-0.39233536,-4.299239,-17.220798
-0.39295107,-4.300045,-17.22097
-0.3935668,-4.300851,-17.221142
-0.3941825,-4.3016567,-17.221313
-0.39479822,-4.3024626,-17.221485
-0.3955024,-4.3033648,-17.22166
-0.39612573,-4.3041573,-17.22181
-0.39674908,-4.3049498,-17.221958
-0.39737242,-4.3057423,-17.222107
-0.39799577,-4.306535,-17.222256
-0.39861912,-4.3073273,-17.222404
-0.39924246,-4.30812,-17.222553
-0.3998658,-4.3089123,-17.222702
-0.40048915,-4.309705,-17.22285
-0.4011125,-4.3104973,-17.223
-0.40173584,-4.31129,-17.223148
-0.4023592,-4.3120823,-17.223297
-0.40296215,-4.3129206,-17.22348
-0.4035651,-4.313759,-17.223663
-0.40416807,-4.314597,-17.223846
-0.40477103,-4.3154354,-17.22403
-0.405374,-4.3162737,-17.224213
-0.40597695,-4.317112,-17.224396
-0.4065799,-4.3179502,-17.224579
-0.40718287,-4.3187885,-17.224762
-0.40778583,-4.319627,-17.224945
-0.4083888,-4.320465,-17.225128
-0.40899175,-4.3213034,-17.225311
-0.4095947,-4.3221416,-17.225494
-0.4101982,-4.322979,-17.225681
-0.41080198,-4.323816,-17.22587
-0.41140574,-4.3246527,-17.226059
-0.4120095,-4.3254895,-17.226248
-0.41261327,-4.3263264,-17.226437
-0.41321704,-4.327163,-17.226625
-0.4138208,-4.328,-17.226814
-0.41442457,-4.328837,-17.227003
-0.41502833,-4.329674,-17.227192
-0.41563642,-4.330452,-17.227356
-0.4163159,-4.3312645,-17.227516
-0.4169954,-4.332077,-17.227676
-0.4176749,-4.3328896,-17.227837
-0.4183544,-4.333702,-17.227997
-0.41903389,-4.3345146,-17.228157
-0.41967785,-4.335309,-17.228323
-0.42028242,-4.3361416,-17.228529
-0.420887,-4.336974,-17.228735
-0.42149156,-4.3378067,-17.228941
-0.42208013,-4.338602,-17.229136
-0.42272994,-4.3393807,-17.229311
-0.42337975,-4.3401594,-17.229486
-0.42403483,-4.3409505,-17.229666
-0.42463833,-4.341783,-17.229872
-0.42524183,-4.3426156,-17.230078
-0.42584532,-4.343448,-17.230284
-0.42644882,-4.3442807,-17.23049
-0.42705232,-4.3451133,-17.230696
-0.42765582,-4.345946,-17.230902
-0.4282593,-4.3467784,-17.231108
-0.42884734,-4.347575,-17.231302
-0.42946762,-4.3483996,-17.2315
-0.4300879,-4.349224,-17.231699
-0.43070817,-4.3500485,-17.231897
-0.43132845,-4.350873,-17.232096
-0.43194872,-4.3516974,-17.232294
-0.4324886,-4.3525753,-17.232548
-0.43298241,-4.35341,-17.232796
-0.43347624,-4.354244,-17.233044
-0.43397006,-4.3550787,-17.233292
-0.4344639,-4.355913,-17.23354
-0.4349577,-4.3567476,-17.233788
-0.43545154,-4.357582,-17.234035
-0.4359952,-4.358403,-17.23426
-0.4366136,-4.3592043,-17.234451
-0.437232,-4.3600054,-17.234642
-0.4378504,-4.3608065,-17.234833
-0.43846878,-4.3616076,-17.235023
-0.43908718,-4.3624086,-17.235214
-0.43970558,-4.3632097,-17.235405
-0.44034496,-4.3640604,-17.235611
-0.44094872,-4.364893,-17.235817
-0.4415525,-4.3657255,-17.236023
-0.44215626,-4.366558,-17.236229
-0.44276002,-4.3673906,-17.236435
-0.4433638,-4.368223,-17.23664
-0.44396755,-4.3690557,-17.236847
-0.44457132,-4.3698883,-17.237053
-0.4451768,-4.370741,-17.237268
-0.44572732,-4.371641,-17.237528
-0.44627783,-4.3725414,-17.237787
-0.44682834,-4.3734417,-17.238047
-0.44737884,-4.374342,-17.238306
-0.44792935,-4.375242,-17.238565
-0.44847986,-4.3761425,-17.238825
-0.44903037,-4.377043,-17.239084
-0.44958088,-4.377943,-17.239344
-0.4501314,-4.3788433,-17.239603
-0.4506819,-4.3797436,-17.239862
-0.45125422,-4.380595,-17.240099
-0.4518338,-4.3814306,-17.240328
-0.4524134,-4.382266,-17.240557
-0.452993,-4.3831015,-17.240786
-0.4535726,-4.383937,-17.241014
-0.4541522,-4.3847723,-17.241243
-0.4547318,-4.3856077,-17.241472
-0.4553114,-4.386443,-17.241701
-0.45589098,-4.3872786,-17.24193
-0.4564865,-4.388151,-17.24217
-0.45703077,-4.388969,-17.242397
-0.45757505,-4.3897867,-17.242624
-0.45811933,-4.3906045,-17.242851
-0.4586636,-4.3914223,-17.243078
-0.4592079,-4.39224,-17.243305
-0.45975217,-4.393058,-17.243532
-0.46029645,-4.3938756,-17.24376
-0.46084073,-4.3946934,-17.243986
-0.461385,-4.395511,-17.244213
-0.46192876,-4.39633,-17.24444
-0.46247116,-4.397151,-17.244667
-0.46301356,-4.397972,-17.244894
-0.46355596,-4.398793,-17.245121
-0.46409836,-4.3996143,-17.245348
-0.46464077,-4.4004354,-17.245575
-0.46518317,-4.4012566,-17.245802
-0.46572557,-4.4020777,-17.246029
-0.46626797,-4.402899,-17.246256
-0.46681038,-4.40372,-17.246483
-0.46735206,-4.40454,-17.246712
-0.46793142,-4.4054174,-17.24696
-0.46851078,-4.406295,-17.247208
-0.46909013,-4.407172,-17.247456
-0.4696695,-4.4080496,-17.247704
-0.47024885,-4.408927,-17.247952
-0.4708282,-4.4098043,-17.2482
-0.47145155,-4.4105883,-17.248394
-0.47218683,-4.411275,-17.248516
-0.47292212,-4.4119616,-17.248638
-0.4736574,-4.412648,-17.24876
-0.47439268,-4.413335,-17.248882
-0.47504607,-4.4140954,-17.249054
-0.47569546,-4.414863,-17.24923
-0.4763439,-4.415631,-17.249405
-0.4769776,-4.4163923,-17.249577
-0.4776106,-4.417165,-17.249748
-0.47832784,-4.4178643,-17.249878
-0.47906122,-4.418551,-17.25
-0.47974703,-4.4192915,-17.250153
-0.48039272,-4.42007,-17.250328
-0.48103842,-4.420849,-17.250504
-0.48175654,-4.42157,-17.25064
-0.48255077,-4.4222255,-17.250736
-0.483345,-4.422881,-17.250832
-0.48400155,-4.423635,-17.251026
-0.48453894,-4.4244494,-17.251293
-0.4850761,-4.425264,-17.25156
-0.48561266,-4.4260783,-17.251827
-0.48614922,-4.4268928,-17.252094
-0.4867586,-4.427672,-17.25229
-0.48740155,-4.4284506,-17.252466
-0.4880445,-4.4292293,-17.252642
-0.48858798,-4.4300528,-17.252872
-0.48905718,-4.430915,-17.253147
-0.4895264,-4.431777,-17.253422
-0.4899956,-4.432639,-17.253696
-0.4904269,-4.4335113,-17.253988
-0.49069393,-4.434427,-17.254354
-0.49096096,-4.4353423,-17.25472
-0.49122798,-4.436258,-17.255087
-0.491495,-4.4371734,-17.255453
-0.49182582,-4.4380746,-17.255796
-0.49221027,-4.4390044,-17.25614
-0.49259472,-4.4399343,-17.256483
-0.49297917,-4.440864,-17.256826
-0.49336362,-4.441794,-17.25717
-0.49371493,-4.442677,-17.2575
-0.49393237,-4.443604,-17.257889
-0.4941498,-4.444531,-17.258278
-0.49436724,-4.445458,-17.258667
-0.49458468,-4.446385,-17.259056
-0.49480212,-4.447312,-17.259445
-0.49505723,-4.44823,-17.259819
-0.49550068,-4.4491024,-17.260117
-0.49594414,-4.449975,-17.260414
-0.4963876,-4.4508476,-17.260712
-0.49683106,-4.45172,-17.26101
-0.49727452,-4.452593,-17.261307
-0.49771798,-4.4534655,-17.261604
-0.49816144,-4.454338,-17.261902
-0.4986049,-4.4552107,-17.2622
-0.49904835,-4.4560833,-17.262497
-0.4994918,-4.456956,-17.262794
-0.49993527,-4.4578285,-17.263092
-0.50053835,-4.4589195,-17.26345
-0.50115323,-4.459938,-17.263771
-0.5017681,-4.4609566,-17.264091
-0.502383,-4.461975,-17.264412
-0.5029979,-4.4629936,-17.264732
-0.50361276,-4.464012,-17.265053
-0.50422764,-4.4650307,-17.265373
-0.5048425,-4.466049,-17.265694
-0.5054574,-4.4670677,-17.266014
-0.5060723,-4.4680862,-17.266335
-0.50668716,-4.469105,-17.266655
-0.50730205,-4.4701233,-17.266975
-0.5079169,-4.471142,-17.267296
-0.5085318,-4.4721603,-17.267616
-0.5091467,-4.473179,-17.267937
-0.5097616,-4.4741974,-17.268257
-0.51037645,-4.475216,-17.268578
-0.5110287,-4.4762735,-17.268902
-0.5117765,-4.477478,-17.269268
-0.5125243,-4.4786825,-17.269634
-0.5132721,-4.479887,-17.27
-0.5140199,-4.4810915,-17.270367
-0.5147677,-4.482296,-17.270733
-0.5155155,-4.4835005,-17.2711
-0.5162633,-4.484705,-17.271465
-0.5170111,-4.4859095,-17.271832
-0.5177589,-4.487114,-17.272198
-0.5185067,-4.4883184,-17.272564
-0.5192545,-4.489523,-17.27293
-0.5200023,-4.4907274,-17.273296
-0.5207501,-4.491932,-17.273663
-0.5214979,-4.4931364,-17.274029
-0.5222457,-4.494341,-17.274395
-0.5229935,-4.4955454,-17.274761
-0.5237413,-4.49675,-17.275127
-0.5244891,-4.4979544,-17.275494
-0.5252369,-4.499159,-17.27586
-0.5259847,-4.5003633,-17.276226
-0.5267325,-4.501568,-17.276592
-0.5274803,-4.5027723,-17.276958
-0.5283033,-4.5041428,-17.277384
-0.5289523,-4.5052776,-17.277746
-0.5296013,-4.5064125,-17.278109
-0.53025025,-4.5075474,-17.278471
-0.5308992,-4.5086823,-17.278833
-0.5315482,-4.509817,-17.279196
-0.5321972,-4.510952,-17.279558
-0.53284615,-4.512087,-17.27992
-0.5334951,-4.5132217,-17.280283
-0.5341441,-4.5143566,-17.280645
-0.5347931,-4.5154915,-17.281008
-0.53544205,-4.5166264,-17.28137
-0.536091,-4.517761,-17.281733
-0.53674,-4.518896,-17.282095
-0.537389,-4.520031,-17.282457
-0.53803796,-4.521166,-17.28282
-0.53868693,-4.5223007,-17.283182
-0.5393359,-4.5234356,-17.283545
-0.5399849,-4.5245705,-17.283907
-0.54063386,-4.5257053,-17.28427
-0.54128283,-4.52684,-17.284632
-0.5419318,-4.527975,-17.284994
-0.5425808,-4.52911,-17.285357
-0.54322976,-4.530245,-17.285719
-0.54387873,-4.5313797,-17.286081
-0.5445277,-4.5325146,-17.286444
-0.5451767,-4.5336494,-17.286806
-0.54582566,-4.5347843,-17.287169
-0.54647464,-4.535919,-17.28753
-0.5471236,-4.537054,-17.287893
-0.5477726,-4.538189,-17.288256
-0.54842156,-4.539324,-17.288618
-0.54907054,-4.5404587,-17.28898
-0.5497195,-4.5415936,-17.289343
-0.5503685,-4.5427284,-17.289705
-0.551063,-4.543906,-17.290075
-0.55180305,-4.545127,-17.290453
-0.5525431,-4.5463476,-17.29083
-0.55328315,-4.5475683,-17.291208
-0.5540232,-4.548789,-17.291586
-0.55476326,-4.5500097,-17.291964
-0.5555033,-4.5512304,-17.292341
-0.55624336,-4.552451,-17.292719
-0.5569834,-4.553672,-17.293097
-0.55772346,-4.5548925,-17.293474
-0.5584635,-4.5561132,-17.293852
-0.55920357,-4.557334,-17.29423
-0.5599436,-4.5585546,-17.294607
-0.56068367,-4.5597754,-17.294985
-0.5614237,-4.560996,-17.295362
-0.5621638,-4.5622168,-17.29574
-0.5629038,-4.5634375,-17.296118
-0.5636439,-4.564658,-17.296495
-0.5643839,-4.565879,-17.296873
-0.565124,-4.5670996,-17.29725
-0.565864,-4.5683203,-17.297628
-0.5666041,-4.569541,-17.298006
-0.5673441,-4.5707617,-17.298384
-0.5680842,-4.5719824,-17.298761
-0.56882423,-4.573203,-17.299139
-0.5695643,-4.574424,-17.299517
-0.57030433,-4.5756445,-17.299894
-0.5710444,-4.576865,-17.300272
-0.57178444,-4.578086,-17.30065
-0.5725245,-4.5793066,-17.301027
-0.57326454,-4.5805273,-17.301405
-0.5740046,-4.581748,-17.301783
-0.57474464,-4.5829687,-17.30216
-0.5754847,-4.5841894,-17.302538
-0.57622474,-4.58541,-17.302916
-0.5769648,-4.586631,-17.303293
-0.57770485,-4.5878515,-17.30367
-0.5783806,-4.5889516,-17.304008
-0.578992,-4.589931,-17.304306
-0.57960343,-4.5909104,-17.304604
-0.58021486,-4.59189,-17.304901
-0.5808263,-4.5928693,-17.305199
-0.5814377,-4.5938487,-17.305496
-0.58204913,-4.594828,-17.305794
-0.58266056,-4.5958076,-17.306091
-0.583272,-4.596787,-17.306389
-0.5838834,-4.5977664,-17.306686
-0.5844948,-4.598746,-17.306984
-0.58510625,-4.5997252,-17.307281
-0.5857177,-4.6007047,-17.307579
-0.5863291,-4.601684,-17.307877
-0.5869405,-4.6026635,-17.308174
-0.58755195,-4.603643,-17.308472
-0.5881634,-4.6046224,-17.30877
-0.5887748,-4.605602,-17.309067
-0.5893862,-4.606581,-17.309364
-0.58999765,-4.6075606,-17.309662
-0.5906091,-4.60854,-17.30996
-0.5912205,-4.6095195,-17.310257
-0.5918319,-4.610499,-17.310555
-0.59244335,-4.6114783,-17.310852
-0.5930548,-4.6124578,-17.31115
-0.5936662,-4.613437,-17.311447
-0.5942776,-4.6144166,-17.311745
-0.59488904,-4.615396,-17.312042
-0.59550047,-4.6163754,-17.31234
-0.5961119,-4.617355,-17.312637
-0.5967233,-4.6183343,-17.312935
-0.59733474,-4.6193137,-17.313232
-0.59794617,-4.620293,-17.31353
-0.5985576,-4.6212726,-17.313828
-0.599169,-4.622252,-17.314125
-0.59978044,-4.6232314,-17.314423
-0.60039186,-4.624211,-17.31472
-0.6010033,-4.6251903,-17.315018
-0.6016147,-4.6261697,-17.315315
-0.60222614,-4.627149,-17.315613
-0.60283756,-4.6281285,-17.31591
-0.6033608,-4.628946,-17.316156
-0.60401326,-4.6299286,-17.316448
-0.60466576,-4.6309114,-17.31674
-0.60531825,-4.631894,-17.317032
-0.60597074,-4.632877,-17.317324
-0.60662323,-4.6338596,-17.317616
-0.6072757,-4.6348424,-17.317907
-0.6079282,-4.635825,-17.3182
-0.6085807,-4.636808,-17.318491
-0.6092332,-4.6377907,-17.318783
-0.6098857,-4.6387734,-17.319075
-0.6105382,-4.639756,-17.319366
-0.6111907,-4.640739,-17.319658
-0.61184317,-4.6417217,-17.31995
-0.61249566,-4.6427045,-17.320242
-0.61314815,-4.6436872,-17.320534
-0.61380064,-4.64467,-17.320826
-0.61445314,-4.645653,-17.321117
-0.6151056,-4.6466355,-17.32141
-0.6157581,-4.6476183,-17.321701
-0.6164106,-4.648601,-17.321993
-0.6170631,-4.649584,-17.322285
-0.6177156,-4.6505666,-17.322577
-0.6183681,-4.6515493,-17.322868
-0.6190206,-4.652532,-17.32316
-0.619578,-4.653368,-17.323408
-0.62019014,-4.6542716,-17.323675
-0.6208023,-4.655175,-17.323942
-0.6214144,-4.656079,-17.32421
-0.62202656,-4.6569824,-17.324476
-0.6226387,-4.657886,-17.324743
-0.62325084,-4.6587896,-17.32501
-0.623863,-4.6596932,-17.325277
-0.6244751,-4.660597,-17.325544
-0.62508726,-4.6615005,-17.325811
-0.6256994,-4.662404,-17.326078
-0.62631154,-4.6633077,-17.326345
-0.6269237,-4.6642113,-17.326612
-0.6275358,-4.665115,-17.32688
-0.62814796,-4.6660185,-17.327147
-0.62876093,-4.666808,-17.327353
-0.6293739,-4.667598,-17.327559
-0.6299869,-4.6683874,-17.327765
-0.63059986,-4.669177,-17.32797
-0.63121283,-4.6699667,-17.328176
-0.6318258,-4.6707563,-17.328382
-0.6324388,-4.671546,-17.328588
-0.63305175,-4.6723356,-17.328794
-0.6336647,-4.6731253,-17.329
-0.6342777,-4.673915,-17.329206
-0.6348907,-4.6747046,-17.329412
-0.63550365,-4.675494,-17.329618
-0.6361234,-4.6762676,-17.32982
-0.63678813,-4.677084,-17.330034
-0.63745284,-4.6779003,-17.330248
-0.63811755,-4.6787167,-17.330462
-0.63878226,-4.679533,-17.330675
-0.639447,-4.6803493,-17.330889
-0.6401117,-4.6811657,-17.331102
-0.6407764,-4.681982,-17.331316
-0.6414411,-4.6827984,-17.33153
-0.6420778,-4.6835804,-17.331732
-0.64274156,-4.684396,-17.331938
-0.6434053,-4.685211,-17.332144
-0.6440691,-4.6860266,-17.33235
-0.64473283,-4.686842,-17.332556
-0.6453966,-4.6876574,-17.332762
-0.64606035,-4.6884727,-17.332968
-0.6467241,-4.689288,-17.333174
-0.64738786,-4.6901035,-17.33338
-0.6480516,-4.690919,-17.333586
-0.6487154,-4.6917343,-17.333792
-0.64937913,-4.6925497,-17.333998
-0.6500423,-4.6933665,-17.334204
-0.65070486,-4.694185,-17.33441
-0.6513674,-4.695003,-17.334616
-0.65203,-4.6958213,-17.334822
-0.65269256,-4.6966395,-17.335028
-0.6533551,-4.697458,-17.335234
-0.6540177,-4.698276,-17.33544
-0.65468025,-4.6990943,-17.335646
-0.6553428,-4.6999125,-17.335852
-0.6560054,-4.700731,-17.336058
-0.65666795,-4.701549,-17.336264
-0.6573305,-4.7023673,-17.33647
-0.6579931,-4.7031856,-17.336676
-0.65865564,-4.704004,-17.336882
-0.6593182,-4.704822,-17.337088
-0.6599808,-4.7056403,-17.337294
-0.66064334,-4.7064586,-17.3375
-0.66137254,-4.7073426,-17.337717
-0.66210175,-4.7082267,-17.337934
-0.66283095,-4.7091107,-17.338152
-0.66356015,-4.709995,-17.33837
-0.66428936,-4.710879,-17.338587
-0.66501856,-4.711763,-17.338804
-0.66574776,-4.712647,-17.339022
-0.66647696,-4.713531,-17.33924
-0.66720617,-4.714415,-17.339457
-0.6679354,-4.715299,-17.339674
-0.6686646,-4.716183,-17.339891
-0.6693938,-4.7170672,-17.340109
-0.670123,-4.7179513,-17.340326
-0.6708522,-4.7188354,-17.340544
-0.6715814,-4.7197194,-17.340761
-0.6723106,-4.7206035,-17.340979
-0.6730398,-4.7214875,-17.341196
-0.673769,-4.7223716,-17.341413
-0.6744982,-4.7232556,-17.34163
-0.6752274,-4.7241397,-17.341848
-0.6759566,-4.7250237,-17.342066
-0.6766858,-4.725908,-17.342283
-0.677415,-4.726792,-17.3425
-0.6782187,-4.7277946,-17.342754
-0.67885387,-4.7286215,-17.342972
-0.679489,-4.7294483,-17.34319
-0.68012416,-4.730275,-17.343407
-0.6807593,-4.731102,-17.343624
-0.68139446,-4.731929,-17.343842
-0.6820296,-4.7327557,-17.344059
-0.68266475,-4.7335825,-17.344276
-0.6832999,-4.7344093,-17.344494
-0.68393505,-4.735236,-17.344711
-0.6845702,-4.736063,-17.344929
-0.68520534,-4.73689,-17.345146
-0.6858405,-4.7377167,-17.345364
-0.68647563,-4.7385435,-17.345581
-0.6871108,-4.7393703,-17.345798
-0.6877459,-4.740197,-17.346016
-0.6883811,-4.741024,-17.346233
-0.6890162,-4.741851,-17.34645
-0.68965137,-4.7426777,-17.346668
-0.6902865,-4.7435045,-17.346886
-0.69092166,-4.7443314,-17.347103
-0.6915568,-4.745158,-17.34732
-0.69219196,-4.745985,-17.347538
-0.6928271,-4.746812,-17.347755
-0.69346225,-4.7476387,-17.347973
-0.6940974,-4.7484655,-17.34819
-0.69473255,-4.7492924,-17.348408
-0.6953677,-4.750119,-17.348625
-0.69600284,-4.750946,-17.348843
-0.696638,-4.751773,-17.34906
-0.69727314,-4.7525997,-17.349277
-0.6979083,-4.7534266,-17.349495
-0.6985434,-4.7542534,-17.349712
-0.6991786,-4.75508,-17.34993
-0.6998137,-4.755907,-17.350147
-0.7004489,-4.756734,-17.350365
-0.701084,-4.7575607,-17.350582
-0.7016833,-4.7583685,-17.350803
-0.70228255,-4.7591763,-17.351025
-0.7028818,-4.759984,-17.351246
-0.7034811,-4.760792,-17.351467
-0.70408034,-4.7615995,-17.351688
-0.7046796,-4.7624073,-17.35191
-0.7052789,-4.763215,-17.35213
-0.70587814,-4.764023,-17.352352
-0.7064774,-4.7648306,-17.352573
-0.70707667,-4.7656384,-17.352795
-0.70767593,-4.766446,-17.353016
-0.7082752,-4.767254,-17.353237
-0.70887446,-4.7680616,-17.353458
-0.7094737,-4.7688694,-17.35368
-0.710073,-4.769677,-17.3539
-0.71067226,-4.770485,-17.354122
-0.7112715,-4.7712927,-17.354343
-0.7118708,-4.7721004,-17.354565
-0.71247005,-4.772908,-17.354786
-0.7130693,-4.773716,-17.355007
-0.7136686,-4.7745237,-17.355228
-0.71426785,-4.7753315,-17.35545
-0.7148671,-4.7761393,-17.35567
-0.7154664,-4.776947,-17.355892
-0.71606565,-4.777755,-17.356113
-0.7166649,-4.7785625,-17.356335
-0.7172642,-4.7793703,-17.356556
-0.71786344,-4.780178,-17.356777
-0.7184627,-4.780986,-17.356998
-0.719062,-4.7817936,-17.35722
-0.71966124,-4.7826014,-17.35744
-0.7202605,-4.783409,-17.357662
-0.72085977,-4.784217,-17.357883
-0.72145903,-4.7850246,-17.358105
-0.7220583,-4.7858324,-17.358326
-0.72265756,-4.78664,-17.358547
-0.7232568,-4.787448,-17.358768
-0.72400755,-4.788463,-17.35905
-0.7246842,-4.78938,-17.359308
-0.7253608,-4.790297,-17.359566
-0.72603744,-4.791214,-17.359823
-0.7267141,-4.792131,-17.36008
-0.7273907,-4.793048,-17.360338
-0.72806734,-4.793965,-17.360596
-0.728744,-4.794882,-17.360853
-0.7294206,-4.795799,-17.36111
-0.73009723,-4.7967157,-17.361368
-0.73077387,-4.7976327,-17.361626
-0.7314505,-4.7985497,-17.361883
-0.73212713,-4.7994666,-17.36214
-0.73280376,-4.8003836,-17.362398
-0.7334804,-4.8013005,-17.362656
-0.734157,-4.8022175,-17.362913
-0.73483366,-4.8031344,-17.36317
-0.7355103,-4.8040514,-17.363428
-0.7361869,-4.8049684,-17.363686
-0.73686355,-4.8058853,-17.363943
-0.7375402,-4.8068023,-17.3642
-0.7382168,-4.807719,-17.364458
-0.73889345,-4.808636,-17.364716
-0.7395701,-4.809553,-17.364973
-0.7402467,-4.81047,-17.36523
-0.74092335,-4.811387,-17.365488
-0.7416,-4.812304,-17.365746
-0.7422766,-4.813221,-17.366003
-0.7429351,-4.814039,-17.366224
-0.74359363,-4.8148575,-17.366446
-0.74425215,-4.8156757,-17.366667
-0.74491066,-4.816494,-17.366888
-0.74556917,-4.8173122,-17.36711
-0.7462277,-4.8181305,-17.36733
-0.7468862,-4.8189487,-17.367552
-0.7475447,-4.819767,-17.367773
-0.7482032,-4.8205853,-17.367994
-0.74886173,-4.8214035,-17.368216
-0.74952024,-4.8222218,-17.368437
-0.75017875,-4.82304,-17.368658
-0.75083727,-4.8238583,-17.36888
-0.7514958,-4.8246765,-17.3691
-0.7521543,-4.825495,-17.369322
-0.7528128,-4.826313,-17.369543
-0.7534713,-4.8271313,-17.369764
-0.7541298,-4.8279495,-17.369986
-0.7547428,-4.828725,-17.3702
-0.7554521,-4.8296404,-17.370457
-0.7561614,-4.830556,-17.370714
-0.7568707,-4.8314714,-17.370972
-0.75758,-4.832387,-17.37123
-0.7582893,-4.8333025,-17.371487
-0.7589986,-4.834218,-17.371744
-0.75970787,-4.8351336,-17.372002
-0.76041716,-4.836049,-17.37226
-0.76112646,-4.8369646,-17.372517
-0.76183575,-4.83788,-17.372774
-0.76254505,-4.8387957,-17.373032
-0.76325434,-4.839711,-17.37329
-0.76396364,-4.8406267,-17.373547
-0.7646905,-4.841552,-17.373802
-0.7653283,-4.8423223,-17.374
-0.76596606,-4.843093,-17.374199
-0.7666038,-4.8438635,-17.374397
-0.7672416,-4.844634,-17.374596
-0.76787937,-4.8454046,-17.374794
-0.76851714,-4.846175,-17.374992
-0.7691549,-4.846946,-17.37519
-0.7697927,-4.8477163,-17.37539
-0.77043045,-4.848487,-17.375587
-0.7710682,-4.8492575,-17.375786
-0.771706,-4.850028,-17.375984
-0.77234375,-4.8507986,-17.376183
-0.7729815,-4.851569,-17.37638
-0.7736193,-4.8523397,-17.37658
-0.77425706,-4.8531103,-17.376778
-0.77489483,-4.853881,-17.376976
-0.7755326,-4.8546515,-17.377174
-0.7761486,-4.855441,-17.377392
-0.7768335,-4.8563366,-17.377644
-0.77751833,-4.857232,-17.377895
-0.7782032,-4.8581276,-17.378147
-0.77888805,-4.859023,-17.378399
-0.7795729,-4.8599186,-17.37865
-0.78025776,-4.860814,-17.378902
-0.7809426,-4.8617096,-17.379154
-0.7816275,-4.862605,-17.379406
-0.78231233,-4.8635006,-17.379658
-0.7829972,-4.864396,-17.37991
-0.78368205,-4.8652916,-17.380161
-0.7843619,-4.866064,-17.380356
-0.78504175,-4.8668365,-17.38055
-0.7857216,-4.867609,-17.380745
-0.78640145,-4.8683815,-17.38094
-0.7870813,-4.869154,-17.381134
-0.78776115,-4.8699265,-17.381329
-0.788441,-4.870699,-17.381523
-0.78912085,-4.8714714,-17.381718
-0.7898007,-4.872244,-17.381912
-0.79048055,-4.8730164,-17.382107
-0.7911604,-4.873789,-17.382301
-0.79184026,-4.8745613,-17.382496
-0.79249185,-4.8753014,-17.382679
-0.79314345,-4.8760414,-17.382862
-0.79379505,-4.8767815,-17.383045
-0.79444665,-4.8775215,-17.383228
-0.79509825,-4.8782616,-17.383411
-0.79574984,-4.8790016,-17.383595
-0.79640144,-4.8797417,-17.383778
-0.79705304,-4.8804817,-17.38396
-0.79770464,-4.881222,-17.384144
-0.79835624,-4.881962,-17.384327
-0.79900783,-4.882702,-17.38451
-0.79965943,-4.883442,-17.384693
-0.800311,-4.884182,-17.384876
-0.8009626,-4.884922,-17.38506
-0.8016142,-4.885662,-17.385242
-0.8022658,-4.886402,-17.385426
-0.8029174,-4.887142,-17.385609
-0.803569,-4.887882,-17.385792
-0.8043484,-4.88881,-17.386028
-0.8050288,-4.889647,-17.386246
-0.8057092,-4.890484,-17.386463
-0.8063896,-4.8913207,-17.38668
-0.80706996,-4.8921576,-17.386898
-0.80775034,-4.8929944,-17.387115
-0.80843073,-4.8938313,-17.387333
-0.8091111,-4.894668,-17.38755
-0.8097915,-4.895505,-17.387768
-0.8104719,-4.896342,-17.387985
-0.8111523,-4.8971786,-17.388203
-0.81183267,-4.8980155,-17.38842
-0.81251305,-4.8988523,-17.388638
-0.81319344,-4.899689,-17.388855
-0.8138738,-4.900526,-17.389072
-0.8145542,-4.901363,-17.38929
-0.8152346,-4.9021997,-17.389507
-0.815915,-4.9030366,-17.389725
-0.8165954,-4.9038734,-17.389942
-0.81727576,-4.9047103,-17.39016
-0.81795615,-4.905547,-17.390377
-0.81863654,-4.906384,-17.390594
-0.8193169,-4.907221,-17.390812
-0.8199973,-4.9080577,-17.39103
-0.8206498,-4.908879,-17.391253
-0.8213023,-4.9097,-17.391476
-0.8219548,-4.910521,-17.391699
-0.8226073,-4.911342,-17.391922
-0.8232598,-4.9121633,-17.392145
-0.82391226,-4.9129844,-17.392368
-0.82456475,-4.9138055,-17.392591
-0.82521725,-4.9146266,-17.392815
-0.82586974,-4.9154477,-17.393038
-0.82652223,-4.916269,-17.393261
-0.8271747,-4.91709,-17.393484
-0.8278272,-4.917911,-17.393707
-0.8284797,-4.918732,-17.39393
-0.8291322,-4.9195533,-17.394154
-0.8297847,-4.9203744,-17.394377
-0.8304372,-4.9211955,-17.3946
-0.8310897,-4.9220166,-17.394823
-0.83174217,-4.9228377,-17.395046
-0.83239466,-4.923659,-17.39527
-0.83304715,-4.92448,-17.395493
-0.83369964,-4.925301,-17.395716
-0.83435214,-4.926122,-17.395939
-0.8350046,-4.9269433,-17.396162
-0.8356571,-4.9277644,-17.396385
-0.8363558,-4.9286704,-17.396637
-0.83701503,-4.929567,-17.396894
-0.83767426,-4.9304633,-17.397152
-0.8383335,-4.93136,-17.39741
-0.8389927,-4.932256,-17.397667
-0.83965194,-4.9331527,-17.397924
-0.84031117,-4.934049,-17.398182
-0.8409704,-4.9349456,-17.39844
-0.8416296,-4.935842,-17.398697
-0.84228885,-4.9367385,-17.398954
-0.8429481,-4.937635,-17.399212
-0.8436073,-4.9385314,-17.39947
-0.84426653,-4.939428,-17.399727
-0.84492576,-4.9403243,-17.399984
-0.845585,-4.9412208,-17.400242
-0.8462442,-4.942117,-17.4005
-0.84690344,-4.9430137,-17.400757
-0.8476236,-4.943901,-17.401
-0.84832954,-4.944751,-17.401228
-0.8490355,-4.9456005,-17.401457
-0.84974146,-4.94645,-17.401686
-0.8504474,-4.9473,-17.401915
-0.8511534,-4.9481497,-17.402143
-0.85185933,-4.9489994,-17.402372
-0.8525653,-4.949849,-17.402601
-0.85327125,-4.950699,-17.40283
-0.8539772,-4.9515486,-17.403059
-0.85468316,-4.9523983,-17.403288
-0.8553891,-4.953248,-17.403517
-0.85607684,-4.954088,-17.403746
-0.8567281,-4.9549093,-17.403975
-0.8573793,-4.9557304,-17.404203
-0.85803056,-4.9565516,-17.404432
-0.8586818,-4.9573727,-17.404661
-0.85933304,-4.958194,-17.40489
-0.8599843,-4.959015,-17.405119
-0.8606355,-4.959836,-17.405348
-0.86128676,-4.960657,-17.405577
-0.861938,-4.961478,-17.405806
-0.86258924,-4.9622993,-17.406034
-0.8632405,-4.9631205,-17.406263
-0.8638917,-4.9639416,-17.406492
-0.8645018,-4.9647093,-17.406712
-0.8651118,-4.965477,-17.40693
-0.8657219,-4.9662447,-17.40715
-0.86633193,-4.9670124,-17.40737
-0.866942,-4.96778,-17.407589
-0.86755204,-4.968548,-17.407808
-0.8681621,-4.9693155,-17.408028
-0.86877215,-4.970083,-17.408247
-0.8693822,-4.970851,-17.408466
-0.86999226,-4.9716187,-17.408686
-0.8706023,-4.9723864,-17.408905
-0.87121236,-4.973154,-17.409124
-0.87191725,-4.9740624,-17.409393
-0.87259495,-4.974958,-17.409668
-0.87327266,-4.9758534,-17.409943
-0.87395036,-4.976749,-17.410217
-0.87462807,-4.9776444,-17.410492
-0.8753058,-4.97854,-17.410767
-0.8759835,-4.9794354,-17.411041
-0.8766612,-4.980331,-17.411316
-0.8773389,-4.9812264,-17.41159
-0.8780166,-4.982122,-17.411865
-0.8786943,-4.9830174,-17.41214
-0.879372,-4.983913,-17.412415
-0.88011813,-4.9847646,-17.412651
-0.8808985,-4.9855943,-17.412868
-0.8816788,-4.986424,-17.413086
-0.88245916,-4.9872537,-17.413303
-0.8832395,-4.9880834,-17.41352
-0.88401985,-4.988913,-17.413738
-0.8848002,-4.9897428,-17.413956
-0.88558054,-4.9905725,-17.414173
-0.8863609,-4.991402,-17.41439
-0.8871412,-4.992232,-17.414608
-0.8879216,-4.9930615,-17.414825
-0.8887019,-4.9938912,-17.415043
-0.88937426,-4.9946446,-17.415253
-0.8900466,-4.995398,-17.415462
-0.89071894,-4.9961514,-17.415672
-0.8913913,-4.996905,-17.415882
-0.8920636,-4.9976583,-17.416092
-0.89273596,-4.9984117,-17.416302
-0.8934083,-4.999165,-17.416512
-0.89408064,-4.9999185,-17.416721
-0.894753,-5.000672,-17.416931
-0.8954253,-5.0014253,-17.417141
-0.89609766,-5.0021787,-17.41735
-0.89677,-5.002932,-17.41756
-0.89744234,-5.0036855,-17.41777
-0.8981147,-5.004439,-17.41798
-0.898787,-5.0051923,-17.41819
-0.8995914,-5.006017,-17.4184
-0.90039575,-5.006842,-17.41861
-0.9012001,-5.007667,-17.41882
-0.9020045,-5.008492,-17.41903
-0.90280885,-5.009317,-17.419239
-0.9036132,-5.010142,-17.419449
-0.9044176,-5.010967,-17.419659
-0.90522194,-5.0117917,-17.419868
-0.9060263,-5.0126166,-17.420078
-0.90683067,-5.0134416,-17.420288
-0.90763503,-5.0142665,-17.420498
-0.9084394,-5.0150914,-17.420708
-0.90924376,-5.0159163,-17.420918
-0.9100481,-5.0167413,-17.421127
-0.9108525,-5.017566,-17.421337
-0.911532,-5.0184073,-17.421581
-0.9122115,-5.0192485,-17.421825
-0.912891,-5.0200896,-17.42207
-0.91357046,-5.020931,-17.422314
-0.91424996,-5.021772,-17.422558
-0.91492945,-5.022613,-17.422802
-0.91560894,-5.023454,-17.423046
-0.91628844,-5.0242953,-17.42329
-0.9169679,-5.0251365,-17.423534
-0.9176474,-5.0259776,-17.423779
-0.9183269,-5.0268188,-17.424023
-0.9190064,-5.02766,-17.424267
-0.9196859,-5.028501,-17.424511
-0.9203654,-5.029342,-17.424755
-0.9210449,-5.0301833,-17.425
-0.9217244,-5.0310245,-17.425243
-0.9224039,-5.0318656,-17.425488
-0.92308336,-5.0327067,-17.425732
-0.92376286,-5.033548,-17.425976
-0.92444235,-5.034389,-17.42622
-0.9251217,-5.03523,-17.426464
-0.92580074,-5.0360713,-17.426708
-0.92647976,-5.0369124,-17.426952
-0.9271588,-5.0377536,-17.427197
-0.9278378,-5.0385947,-17.42744
-0.9285168,-5.039436,-17.427685
-0.9291958,-5.040277,-17.427929
-0.92987484,-5.041118,-17.428173
-0.93055385,-5.0419593,-17.428417
-0.93123287,-5.0428004,-17.428661
-0.9319119,-5.0436416,-17.428905
-0.9325909,-5.0444827,-17.42915
-0.9332699,-5.045324,-17.429394
-0.93394893,-5.046165,-17.429638
-0.93462795,-5.047006,-17.429882
-0.93530697,-5.0478473,-17.430126
-0.935986,-5.0486884,-17.43037
-0.936665,-5.0495296,-17.430614
-0.937344,-5.0503707,-17.430859
-0.9379683,-5.051123,-17.431074
-0.9387259,-5.0520267,-17.431332
-0.93948346,-5.0529304,-17.43159
-0.94024104,-5.053834,-17.431847
-0.9409986,-5.0547376,-17.432104
-0.9417562,-5.055641,-17.432362
-0.94251376,-5.056545,-17.43262
-0.94327134,-5.0574484,-17.432877
-0.9440289,-5.058352,-17.433134
-0.9447865,-5.0592556,-17.433392
-0.94554406,-5.060159,-17.43365
-0.94630164,-5.061063,-17.433907
-0.9470592,-5.0619664,-17.434164
-0.9478168,-5.06287,-17.434422
-0.94852024,-5.063706,-17.43466
-0.94926697,-5.064587,-17.434912
-0.9500137,-5.0654683,-17.435163
-0.9507604,-5.0663495,-17.435415
-0.95150715,-5.0672307,-17.435667
-0.9522539,-5.068112,-17.435919
-0.9530006,-5.068993,-17.43617
-0.95374733,-5.0698743,-17.436422
-0.95449406,-5.0707555,-17.436674
-0.9552408,-5.0716367,-17.436926
-0.9559875,-5.072518,-17.437178
-0.95673424,-5.073399,-17.43743
-0.9573917,-5.0741925,-17.437662
-0.95803016,-5.0750165,-17.437922
-0.95866865,-5.0758405,-17.43818
-0.95930713,-5.0766644,-17.43844
-0.9599456,-5.0774884,-17.4387
-0.9605841,-5.0783124,-17.43896
-0.9612226,-5.0791364,-17.439219
-0.9618611,-5.0799603,-17.439478
-0.96249956,-5.0807843,-17.439737
-0.96321666,-5.081591,-17.439959
-0.96392477,-5.082373,-17.440168
-0.96463287,-5.083155,-17.440378
-0.965341,-5.083937,-17.440588
-0.9660491,-5.084719,-17.440798
-0.9667572,-5.085501,-17.441008
-0.9674653,-5.086283,-17.441217
-0.96821207,-5.0870566,-17.441422
-0.9689405,-5.0877805,-17.44161
-0.9696689,-5.0885043,-17.4418
-0.97039735,-5.089228,-17.441988
-0.9711258,-5.089952,-17.442177
-0.9718542,-5.090676,-17.442366
-0.97258264,-5.0913997,-17.442554
-0.9732987,-5.0922065,-17.442783
-0.97397965,-5.092994,-17.44301
-0.9746606,-5.093782,-17.443237
-0.9753415,-5.0945697,-17.443464
-0.9760224,-5.0953574,-17.443691
-0.97670335,-5.096145,-17.443918
-0.97738427,-5.096933,-17.444145
-0.9780652,-5.0977206,-17.444372
-0.9787461,-5.0985084,-17.4446
-0.97942704,-5.099296,-17.444826
-0.98013335,-5.100038,-17.44503
-0.9808439,-5.1007724,-17.44523
-0.98155445,-5.1015067,-17.44543
-0.982265,-5.102241,-17.445631
-0.98297554,-5.1029754,-17.445831
-0.9836861,-5.1037097,-17.446032
-0.98439664,-5.104444,-17.446232
-0.9851072,-5.1051784,-17.446432
-0.98581773,-5.1059127,-17.446632
-0.9865283,-5.106647,-17.446833
-0.9872032,-5.1073623,-17.447033
-0.98787266,-5.108125,-17.447262
-0.98854214,-5.108888,-17.44749
-0.9892116,-5.109651,-17.44772
-0.9898811,-5.110414,-17.447948
-0.9905506,-5.111177,-17.448177
-0.99122006,-5.11194,-17.448406
-0.99188954,-5.112703,-17.448635
-0.992559,-5.113466,-17.448864
-0.9932285,-5.1142287,-17.449093
-0.993898,-5.1149917,-17.449322
-0.9945977,-5.1158237,-17.44957
-0.9953369,-5.116708,-17.449833
-0.9960761,-5.117592,-17.450096
-0.9968153,-5.118476,-17.45036
-0.99755454,-5.11936,-17.450623
-0.99829376,-5.120244,-17.450886
-0.999033,-5.121128,-17.451149
-0.9997722,-5.122012,-17.451412
-1.0005116,-5.122896,-17.451675
-1.0012512,-5.1237803,-17.451939
-1.0019908,-5.1246643,-17.452202
-1.0027304,-5.1255484,-17.452465
-1.0034695,-5.126433,-17.452726
-1.0042081,-5.127318,-17.452986
-1.0049467,-5.128203,-17.453245
-1.0056853,-5.129088,-17.453505
-1.006424,-5.129973,-17.453764
-1.0071626,-5.130858,-17.454023
-1.0079012,-5.131743,-17.454283
-1.0086398,-5.132628,-17.454542
-1.0093784,-5.133513,-17.454802
-1.010117,-5.134398,-17.455061
-1.0108557,-5.135283,-17.45532
-1.0115943,-5.136168,-17.45558
-1.0123329,-5.137053,-17.45584
-1.0130715,-5.137938,-17.456099
-1.0138102,-5.138823,-17.456358
-1.0145488,-5.139708,-17.456617
-1.0152874,-5.140593,-17.456877
-1.016026,-5.141478,-17.457136
-1.0168259,-5.1424584,-17.457426
-1.0174718,-5.1432652,-17.457666
-1.0181177,-5.144072,-17.457907
-1.0187635,-5.144879,-17.458147
-1.0194094,-5.1456857,-17.458387
-1.0200553,-5.1464925,-17.458628
-1.0207012,-5.1472993,-17.458868
-1.021347,-5.148106,-17.459108
-1.0219929,-5.148913,-17.459349
-1.0226388,-5.1497197,-17.459589
-1.0232847,-5.1505265,-17.45983
-1.0239305,-5.1513333,-17.46007
-1.0245764,-5.15214,-17.46031
-1.0252223,-5.152947,-17.46055
-1.0258682,-5.1537538,-17.46079
-1.026514,-5.1545606,-17.461031
-1.0271599,-5.1553674,-17.461271
-1.0278058,-5.156174,-17.461512
-1.0284517,-5.156981,-17.461752
-1.0290976,-5.157788,-17.461992
-1.0297434,-5.1585946,-17.462233
-1.0303893,-5.1594014,-17.462473
-1.0310352,-5.160208,-17.462713
-1.0318077,-5.161114,-17.462973
-1.0325801,-5.16202,-17.463232
-1.0333526,-5.162926,-17.463491
-1.0341251,-5.163832,-17.46375
-1.0348976,-5.164738,-17.46401
-1.03567,-5.165644,-17.46427
-1.0364425,-5.16655,-17.464529
-1.037215,-5.167456,-17.464788
-1.0379875,-5.168362,-17.465048
-1.03876,-5.169268,-17.465307
-1.0395324,-5.170174,-17.465567
-1.0403049,-5.17108,-17.465826
-1.0410774,-5.171986,-17.466085
-1.0418499,-5.172892,-17.466345
-1.0426223,-5.173798,-17.466604
-1.0433948,-5.174704,-17.466864
-1.0441673,-5.17561,-17.467123
-1.0448248,-5.176393,-17.467352
-1.0455031,-5.177218,-17.4676
-1.0461814,-5.178043,-17.467848
-1.0468597,-5.178868,-17.468096
-1.047538,-5.1796927,-17.468344
-1.0482163,-5.1805177,-17.468592
-1.0488946,-5.1813426,-17.46884
-1.049573,-5.1821675,-17.469088
-1.0502512,-5.1829925,-17.469336
-1.0509295,-5.1838174,-17.469584
-1.0516078,-5.1846423,-17.469831
-1.0522861,-5.1854672,-17.47008
-1.0529644,-5.186292,-17.470327
-1.0536427,-5.187117,-17.470575
-1.0543429,-5.1879644,-17.470827
-1.0549728,-5.188714,-17.47104
-1.0556027,-5.1894636,-17.471254
-1.0562326,-5.190213,-17.471468
-1.0568625,-5.190963,-17.471682
-1.0574924,-5.1917124,-17.471895
-1.0581223,-5.192462,-17.472109
-1.0587522,-5.1932116,-17.472322
-1.0593821,-5.193961,-17.472536
-1.060012,-5.1947107,-17.47275
-1.0606419,-5.1954603,-17.472963
-1.0612718,-5.19621,-17.473177
-1.0619017,-5.1969595,-17.47339
-1.0625316,-5.197709,-17.473604
-1.0631615,-5.1984587,-17.473818
-1.0637914,-5.1992083,-17.474031
-1.0644213,-5.199958,-17.474245
-1.0650512,-5.2007074,-17.474459
-1.0656811,-5.201457,-17.474672
-1.0664893,-5.202356,-17.47493
-1.0672976,-5.2032547,-17.475187
-1.0681058,-5.2041535,-17.475445
-1.068914,-5.2050524,-17.475702
-1.0697223,-5.205951,-17.47596
-1.0705305,-5.20685,-17.476217
-1.0713388,-5.207749,-17.476475
-1.072147,-5.2086477,-17.476732
-1.0729553,-5.2095466,-17.47699
-1.0737635,-5.2104454,-17.477247
-1.0745717,-5.2113442,-17.477505
-1.07538,-5.212243,-17.477762
-1.0762082,-5.213184,-17.478037
-1.0768749,-5.213945,-17.47826
-1.0775415,-5.214706,-17.478483
-1.0782081,-5.215467,-17.478706
-1.0788747,-5.216228,-17.47893
-1.0795413,-5.216989,-17.479153
-1.080208,-5.21775,-17.479376
-1.0808746,-5.218511,-17.479599
-1.0815412,-5.219272,-17.479822
-1.0822078,-5.220033,-17.480045
-1.0828744,-5.220794,-17.480268
-1.083541,-5.221555,-17.480492
-1.0842077,-5.2223163,-17.480715
-1.0848743,-5.2230773,-17.480938
-1.0855409,-5.2238383,-17.481161
-1.0862075,-5.2245994,-17.481384
-1.0868741,-5.2253604,-17.481607
-1.0875407,-5.2261214,-17.48183
-1.0882074,-5.2268825,-17.482054
-1.088874,-5.2276435,-17.482277
-1.0895406,-5.2284045,-17.4825
-1.0902072,-5.2291656,-17.482723
-1.0908738,-5.2299266,-17.482946
-1.0915405,-5.2306876,-17.48317
-1.0922071,-5.2314487,-17.483393
-1.0928737,-5.2322097,-17.483616
-1.0935403,-5.2329707,-17.483839
-1.0942069,-5.2337317,-17.484062
-1.0950562,-5.234696,-17.484343
-1.0959967,-5.2357616,-17.484652
-1.0969373,-5.2368274,-17.48496
-1.0978779,-5.237893,-17.48527
-1.0988184,-5.238959,-17.485579
-1.099759,-5.2400246,-17.485888
-1.1006995,-5.2410903,-17.486197
-1.1016401,-5.242156,-17.486506
-1.1025807,-5.2432218,-17.486814
-1.1035212,-5.2442875,-17.487123
-1.1044618,-5.245353,-17.487432
-1.1054024,-5.246419,-17.487741
-1.1063429,-5.2474847,-17.48805
-1.1072835,-5.2485504,-17.48836
-1.108224,-5.249616,-17.488668
-1.1091646,-5.250682,-17.488977
-1.1101052,-5.2517476,-17.489286
-1.1110457,-5.2528133,-17.489595
-1.1119863,-5.253879,-17.489904
-1.1129268,-5.254945,-17.490213
-1.1138674,-5.2560105,-17.490522
-1.114808,-5.2570763,-17.490831
-1.1157485,-5.258142,-17.49114
-1.1166891,-5.2592077,-17.49145
-1.1176296,-5.2602735,-17.491758
-1.118308,-5.2610135,-17.491968
-1.1189862,-5.2617536,-17.492178
-1.1196645,-5.2624936,-17.492388
-1.1203429,-5.2632337,-17.492598
-1.1210212,-5.2639737,-17.492807
-1.1216995,-5.264714,-17.493017
-1.1223778,-5.265454,-17.493227
-1.123056,-5.266194,-17.493437
-1.1237344,-5.266934,-17.493647
-1.1244127,-5.267674,-17.493856
-1.125091,-5.268414,-17.494066
-1.1257693,-5.269154,-17.494276
-1.1264476,-5.269894,-17.494486
-1.1271259,-5.270634,-17.494696
-1.1278042,-5.271374,-17.494905
-1.1284825,-5.2721143,-17.495115
-1.1291608,-5.2728543,-17.495325
-1.1298391,-5.2735944,-17.495535
-1.1305174,-5.2743344,-17.495745
-1.1311957,-5.2750745,-17.495955
-1.131874,-5.2758145,-17.496164
-1.1325523,-5.2765546,-17.496374
-1.1332306,-5.2772946,-17.496584
-1.1339089,-5.2780347,-17.496794
-1.1345872,-5.2787747,-17.497004
-1.1352655,-5.279515,-17.497213
-1.1359438,-5.280255,-17.497423
-1.1366221,-5.280995,-17.497633
-1.1373004,-5.281735,-17.497843
-1.1379787,-5.282475,-17.498053
-1.138657,-5.283215,-17.498262
-1.1393353,-5.283955,-17.498472
-1.1400136,-5.284695,-17.498682
-1.1406919,-5.285435,-17.498892
-1.1413702,-5.2861753,-17.499102
-1.1420479,-5.2869368,-17.499317
-1.142725,-5.2877197,-17.499538
-1.1434021,-5.2885027,-17.49976
-1.1440792,-5.2892857,-17.49998
-1.1447563,-5.2900686,-17.500202
-1.1454334,-5.2908516,-17.500423
-1.1461105,-5.2916346,-17.500645
-1.1467876,-5.2924175,-17.500866
-1.1474648,-5.2932005,-17.501087
-1.1481419,-5.2939835,-17.501308
-1.148819,-5.2947664,-17.50153
-1.1494961,-5.2955494,-17.50175
-1.1501732,-5.2963324,-17.501972
-1.1508503,-5.2971153,-17.502193
-1.1515274,-5.2978983,-17.502415
-1.1522045,-5.2986813,-17.502636
-1.1528816,-5.299464,-17.502857
-1.1535587,-5.300247,-17.503078
-1.1542358,-5.30103,-17.5033
-1.154913,-5.301813,-17.503521
-1.15559,-5.302596,-17.503742
-1.1562672,-5.303379,-17.503963
-1.1569443,-5.304162,-17.504185
-1.1576214,-5.304945,-17.504406
-1.1582985,-5.305728,-17.504627
-1.1589756,-5.306511,-17.504848
-1.1596527,-5.307294,-17.50507
-1.1603298,-5.308077,-17.505291
-1.1610069,-5.30886,-17.505512
-1.161684,-5.309643,-17.505733
-1.1623611,-5.3104258,-17.505955
-1.1630383,-5.3112087,-17.506176
-1.1637154,-5.3119917,-17.506397
-1.1643925,-5.3127747,-17.506618
-1.1650696,-5.3135576,-17.50684
-1.1657467,-5.3143406,-17.507061
-1.1664238,-5.3151236,-17.507282
-1.1670692,-5.315901,-17.507505
-1.1676829,-5.3166723,-17.50773
-1.1682966,-5.317444,-17.507956
-1.1689103,-5.3182154,-17.50818
-1.169524,-5.318987,-17.508406
-1.1701376,-5.3197584,-17.50863
-1.1707513,-5.32053,-17.508856
-1.171365,-5.3213015,-17.50908
-1.1719787,-5.322073,-17.509306
-1.1725924,-5.3228445,-17.509531
-1.1732061,-5.323616,-17.509756
-1.1738198,-5.3243876,-17.509981
-1.1744335,-5.325159,-17.510206
-1.1750472,-5.3259306,-17.510431
-1.1756608,-5.326702,-17.510656
-1.1762745,-5.3274736,-17.510881
-1.1768882,-5.328245,-17.511106
-1.1775019,-5.3290167,-17.511332
-1.1781156,-5.329788,-17.511557
-1.1787293,-5.3305597,-17.511782
-1.179343,-5.3313313,-17.512007
-1.1799567,-5.332103,-17.512232
-1.1805704,-5.3328743,-17.512457
-1.181184,-5.333646,-17.512682
-1.1817977,-5.3344173,-17.512907
-1.1824114,-5.335189,-17.513132
-1.1830251,-5.3359604,-17.513357
-1.1836388,-5.336732,-17.513582
-1.1842525,-5.3375034,-17.513807
-1.1848662,-5.338275,-17.514032
-1.1854799,-5.3390465,-17.514257
-1.1860936,-5.339818,-17.514482
-1.1867073,-5.3405895,-17.514708
-1.1873806,-5.3414164,-17.514948
-1.1880538,-5.342243,-17.515188
-1.1887271,-5.34307,-17.515429
-1.1894004,-5.343897,-17.515669
-1.1900737,-5.3447237,-17.51591
-1.190747,-5.3455505,-17.51615
-1.1914203,-5.3463774,-17.51639
-1.1920936,-5.347204,-17.51663
-1.1927669,-5.348031,-17.51687
-1.1934402,-5.348858,-17.51711
-1.1941135,-5.3496847,-17.517351
-1.1947868,-5.3505116,-17.517591
-1.1954601,-5.3513384,-17.517832
-1.1961334,-5.352165,-17.518072
-1.1968067,-5.352992,-17.518312
-1.19748,-5.353819,-17.518553
-1.1981533,-5.3546457,-17.518793
-1.1988266,-5.3554726,-17.519033
-1.1994998,-5.3562994,-17.519274
-1.2001731,-5.357126,-17.519514
-1.2008464,-5.357953,-17.519754
-1.2015197,-5.35878,-17.519995
-1.202193,-5.3596067,-17.520235
-1.2028663,-5.3604336,-17.520475
-1.2035396,-5.3612604,-17.520716
-1.2042129,-5.3620872,-17.520956
-1.2048862,-5.362914,-17.521196
-1.2055595,-5.363741,-17.521437
-1.2062328,-5.3645678,-17.521677
-1.2069061,-5.3653946,-17.521917
-1.2075794,-5.3662214,-17.522158
-1.2082527,-5.3670483,-17.522398
-1.208926,-5.367875,-17.522638
-1.2095993,-5.368702,-17.522879
-1.2102726,-5.369529,-17.523119
-1.2109241,-5.370313,-17.523344
-1.211869,-5.371426,-17.523659
-1.2128139,-5.372539,-17.523973
-1.2137587,-5.373652,-17.524288
-1.2147036,-5.374765,-17.524603
-1.2156484,-5.375878,-17.524918
-1.2165933,-5.376991,-17.525232
-1.2175381,-5.3781037,-17.525547
-1.218483,-5.3792167,-17.525862
-1.2194278,-5.3803296,-17.526176
-1.2203727,-5.3814425,-17.526491
-1.2213175,-5.3825555,-17.526806
-1.2222624,-5.3836684,-17.52712
-1.2232072,-5.3847814,-17.527435
-1.2241521,-5.3858943,-17.52775
-1.225097,-5.387007,-17.528065
-1.2260418,-5.38812,-17.52838
-1.2269866,-5.389233,-17.528694
-1.2279315,-5.390346,-17.529009
-1.2288764,-5.391459,-17.529324
-1.2298212,-5.392572,-17.529638
-1.230766,-5.393685,-17.529953
-1.2317109,-5.394798,-17.530268
-1.2326558,-5.3959107,-17.530582
-1.2333145,-5.3966804,-17.5308
-1.2339733,-5.39745,-17.531017
-1.234632,-5.3982196,-17.531235
-1.2352908,-5.398989,-17.531452
-1.2359495,-5.399759,-17.53167
-1.2366083,-5.4005284,-17.531887
-1.237267,-5.401298,-17.532104
-1.2379258,-5.4020677,-17.532322
-1.2385845,-5.4028373,-17.53254
-1.2392433,-5.403607,-17.532757
-1.239902,-5.4043765,-17.532974
-1.2405608,-5.405146,-17.533192
-1.2412195,-5.4059157,-17.53341
-1.2418783,-5.4066854,-17.533627
-1.242537,-5.407455,-17.533844
-1.2431958,-5.4082246,-17.534061
-1.2438545,-5.408994,-17.534279
-1.2445133,-5.409764,-17.534496
-1.245172,-5.4105334,-17.534714
-1.2458308,-5.411303,-17.534931
-1.2464895,-5.4120727,-17.535149
-1.2471483,-5.4128423,-17.535366
-1.247807,-5.413612,-17.535583
-1.2484658,-5.4143815,-17.5358
-1.2492013,-5.415256,-17.536049
-1.2498462,-5.4160285,-17.536268
-1.2504911,-5.416801,-17.536488
-1.2511361,-5.4175735,-17.536707
-1.251781,-5.418346,-17.536926
-1.2524259,-5.4191184,-17.537146
-1.2530708,-5.419891,-17.537365
-1.2537158,-5.4206634,-17.537584
-1.2543607,-5.421436,-17.537804
-1.2550056,-5.4222083,-17.538023
-1.2556505,-5.422981,-17.538242
-1.2562954,-5.4237533,-17.538462
-1.2569404,-5.4245257,-17.538681
-1.2575853,-5.425298,-17.5389
-1.2582302,-5.4260707,-17.53912
-1.258869,-5.4268727,-17.53935
-1.2595246,-5.4277053,-17.53959
-1.2601801,-5.428538,-17.539831
-1.2608356,-5.4293704,-17.540071
-1.2614912,-5.430203,-17.540312
-1.2621467,-5.4310355,-17.540552
-1.2628022,-5.431868,-17.540792
-1.2634578,-5.4327006,-17.541033
-1.2641133,-5.433533,-17.541273
-1.2647659,-5.4342923,-17.541483
-1.2654883,-5.4350705,-17.541689
-1.2662107,-5.4358487,-17.541895
-1.2669331,-5.436627,-17.5421
-1.2676555,-5.437405,-17.542307
-1.2683779,-5.4381833,-17.542513
-1.2691003,-5.4389615,-17.542719
-1.2698227,-5.4397397,-17.542925
-1.2705451,-5.440518,-17.54313
-1.2712675,-5.441296,-17.543337
-1.27199,-5.4420743,-17.543543
-1.2727123,-5.4428525,-17.543749
-1.2734993,-5.4436984,-17.54397
-1.2742388,-5.444488,-17.544168
-1.2749784,-5.4452777,-17.544367
-1.275718,-5.4460673,-17.544565
-1.2764575,-5.446857,-17.544764
-1.2771971,-5.4476466,-17.544962
-1.2779367,-5.4484363,-17.54516
-1.2786763,-5.449226,-17.545359
-1.2794158,-5.4500155,-17.545557
-1.2801554,-5.450805,-17.545755
-1.280895,-5.451595,-17.545954
-1.2816346,-5.4523845,-17.546152
-1.2823741,-5.453174,-17.54635
-1.2831137,-5.4539638,-17.546549
-1.2838533,-5.4547534,-17.546747
-1.2845929,-5.455543,-17.546946
-1.2853324,-5.4563327,-17.547144
-1.286072,-5.4571223,-17.547342
-1.2868377,-5.4579277,-17.54754
-1.2876121,-5.4587383,-17.547739
-1.2883865,-5.459549,-17.547937
-1.2891608,-5.4603596,-17.548136
-1.2899352,-5.46117,-17.548334
-1.2907096,-5.461981,-17.548532
-1.291484,-5.4627914,-17.54873
-1.2922584,-5.463602,-17.54893
-1.2930328,-5.4644127,-17.549128
-1.2938071,-5.4652233,-17.549326
-1.2945815,-5.466034,-17.549524
-1.2953559,-5.4668446,-17.549723
-1.2961303,-5.467655,-17.549921
-1.2969047,-5.468466,-17.55012
-1.2976791,-5.4692764,-17.550318
-1.2984535,-5.470087,-17.550516
-1.2992278,-5.4708977,-17.550714
-1.2999924,-5.4717245,-17.550924
-1.3007473,-5.4725676,-17.551146
-1.3015021,-5.4734106,-17.551367
-1.302257,-5.4742537,-17.551588
-1.3030118,-5.4750967,-17.55181
-1.3037666,-5.4759398,-17.55203
-1.3045214,-5.476783,-17.552252
-1.3052763,-5.477626,-17.552473
-1.3060311,-5.478469,-17.552694
-1.306786,-5.479312,-17.552916
-1.3075408,-5.480155,-17.553137
-1.3082956,-5.480998,-17.553358
-1.3090504,-5.481841,-17.55358
-1.3098053,-5.482684,-17.5538
-1.3105601,-5.483527,-17.554022
-1.311315,-5.48437,-17.554243
-1.3120698,-5.4852133,-17.554464
-1.3128246,-5.4860563,-17.554686
-1.313598,-5.486867,-17.554884
-1.3143715,-5.4876776,-17.555082
-1.3151449,-5.488488,-17.55528
-1.3159183,-5.489299,-17.55548
-1.3166918,-5.4901094,-17.555677
-1.3174652,-5.49092,-17.555876
-1.3182386,-5.4917307,-17.556074
-1.319012,-5.4925413,-17.556273
-1.3197855,-5.493352,-17.55647
-1.3205589,-5.4941626,-17.55667
-1.3213323,-5.494973,-17.556868
-1.3221058,-5.495784,-17.557066
-1.3228792,-5.4965944,-17.557264
-1.3236526,-5.497405,-17.557463
-1.324426,-5.4982157,-17.557661
-1.3251995,-5.4990263,-17.55786
-1.3259729,-5.499837,-17.558058
-1.3267418,-5.5006557,-17.55826
-1.3274971,-5.5014987,-17.558474
-1.3282524,-5.5023417,-17.558687
-1.3290077,-5.503185,-17.5589
-1.329763,-5.504028,-17.559114
-1.3305184,-5.504871,-17.559328
-1.3312737,-5.505714,-17.559542
-1.332029,-5.506557,-17.559755
-1.3327843,-5.5074,-17.559969
-1.3335396,-5.508243,-17.560183
-1.3342949,-5.509086,-17.560396
-1.3350502,-5.509929,-17.56061
-1.3358055,-5.510772,-17.560823
-1.3365608,-5.5116153,-17.561037
-1.3373162,-5.5124583,-17.56125
-1.3380715,-5.5133014,-17.561464
-1.3388268,-5.5141444,-17.561678
-1.3395821,-5.5149875,-17.561892
-1.3403374,-5.5158305,-17.562105
-1.3410223,-5.516634,-17.562315
-1.3417071,-5.5174375,-17.562525
-1.342392,-5.518241,-17.562735
-1.3430768,-5.5190444,-17.562944
-1.3437617,-5.519848,-17.563154
-1.3444465,-5.5206513,-17.563364
-1.3451314,-5.521455,-17.563574
-1.3458163,-5.5222583,-17.563784
-1.3465011,-5.5230618,-17.563993
-1.347186,-5.523865,-17.564203
-1.3478708,-5.5246687,-17.564413
-1.3485557,-5.525472,-17.564623
-1.3492405,-5.5262756,-17.564833
-1.3499254,-5.527079,-17.565042
-1.3506805,-5.527921,-17.565264
-1.3514022,-5.5287023,-17.56547
-1.3521239,-5.5294833,-17.565676
-1.3528455,-5.5302644,-17.565882
-1.3535672,-5.5310454,-17.566088
-1.3542889,-5.5318265,-17.566294
-1.3550106,-5.5326076,-17.5665
-1.3557323,-5.5333886,-17.566706
-1.356454,-5.5341697,-17.566912
-1.3571757,-5.5349507,-17.567118
-1.3578974,-5.535732,-17.567324
-1.3586191,-5.536513,-17.56753
-1.359353,-5.537331,-17.567747
-1.360099,-5.5381866,-17.567976
-1.360845,-5.539042,-17.568205
-1.361591,-5.5398974,-17.568434
-1.362337,-5.540753,-17.568663
-1.363083,-5.5416083,-17.568892
-1.363829,-5.542464,-17.56912
-1.364575,-5.543319,-17.56935
-1.365321,-5.5441747,-17.569578
-1.366067,-5.54503,-17.569807
-1.3668131,-5.5458856,-17.570036
-1.3675591,-5.546741,-17.570265
-1.3683265,-5.547619,-17.5705
-1.3690555,-5.548444,-17.570719
-1.3697845,-5.5492687,-17.570938
-1.3705134,-5.5500937,-17.571157
-1.3712424,-5.5509186,-17.571377
-1.3719714,-5.5517435,-17.571596
-1.3727003,-5.5525684,-17.571815
-1.3734293,-5.5533934,-17.572035
-1.3741583,-5.5542183,-17.572254
-1.3748872,-5.555043,-17.572474
-1.3756162,-5.555868,-17.572693
-1.3763452,-5.556693,-17.572912
-1.3770741,-5.557518,-17.573132
-1.3778031,-5.558343,-17.57335
-1.378532,-5.559168,-17.57357
-1.379261,-5.559993,-17.57379
-1.37999,-5.5608177,-17.574009
-1.3808048,-5.561734,-17.574251
-1.3814738,-5.5624857,-17.57445
-1.3821428,-5.563237,-17.574648
-1.3828118,-5.5639887,-17.574846
-1.3834808,-5.56474,-17.575045
-1.3841498,-5.5654917,-17.575243
-1.3848188,-5.566243,-17.575441
-1.3854878,-5.5669947,-17.57564
-1.3861568,-5.567746,-17.575838
-1.3868258,-5.5684977,-17.576036
-1.3874948,-5.569249,-17.576235
-1.3881638,-5.5700006,-17.576433
-1.3888328,-5.570752,-17.576632
-1.3895018,-5.5715036,-17.57683
-1.3901708,-5.572255,-17.577028
-1.3908398,-5.5730066,-17.577227
-1.3915088,-5.573758,-17.577425
-1.3921778,-5.5745096,-17.577623
-1.3929452,-5.575368,-17.577852
-1.3936092,-5.5761046,-17.578053
-1.3942732,-5.5768414,-17.578253
-1.3949372,-5.577578,-17.578453
-1.3956012,-5.578315,-17.578653
-1.3962651,-5.5790515,-17.578854
-1.3969291,-5.579788,-17.579054
-1.3975931,-5.580525,-17.579254
-1.3982571,-5.5812616,-17.579454
-1.3989211,-5.5819983,-17.579655
-1.3995851,-5.582735,-17.579855
-1.4002491,-5.583472,-17.580055
-1.4009131,-5.5842085,-17.580256
-1.4016236,-5.585003,-17.580473
-1.4023408,-5.585823,-17.580702
-1.4030579,-5.586643,-17.58093
-1.4037751,-5.5874634,-17.58116
-1.4044923,-5.5882835,-17.581388
-1.4052094,-5.5891037,-17.581617
-1.4059266,-5.589924,-17.581846
-1.4066437,-5.590744,-17.582075
-1.4073609,-5.591564,-17.582304
-1.4080123,-5.592359,-17.582531
-1.4086217,-5.593206,-17.582783
-1.4092311,-5.594053,-17.583035
-1.4098405,-5.5948997,-17.583286
-1.4104499,-5.5957465,-17.583538
-1.4110593,-5.5965934,-17.58379
-1.4117346,-5.59733,-17.583988
-1.4125172,-5.598043,-17.584162
-1.4132998,-5.598756,-17.584335
-1.4140824,-5.5994687,-17.584509
-1.414865,-5.6001816,-17.584682
-1.4156476,-5.6008945,-17.584856
-1.4163378,-5.60166,-17.585068
-1.4169834,-5.602421,-17.585285
-1.4176289,-5.603182,-17.585503
-1.4182744,-5.603943,-17.58572
-1.4189508,-5.6047153,-17.585932
-1.4196146,-5.6054707,-17.586138
-1.4202783,-5.606226,-17.586344
-1.4209421,-5.6069813,-17.58655
-1.4216058,-5.6077366,-17.586756
-1.4222696,-5.608492,-17.586962
-1.4229612,-5.6091986,-17.587145
-1.4236529,-5.6099052,-17.587328
-1.4243445,-5.610612,-17.587511
-1.4250362,-5.6113186,-17.587694
-1.4257278,-5.6120253,-17.587877
-1.4264195,-5.612732,-17.58806
-1.4271111,-5.6134386,-17.588243
-1.4278028,-5.6141453,-17.588427
-1.4284945,-5.614852,-17.58861
-1.4291861,-5.6155586,-17.588793
-1.4298778,-5.6162653,-17.588976
-1.4305694,-5.616972,-17.589159
-1.4313302,-5.6177187,-17.58935
-1.4321256,-5.6184855,-17.589544
-1.4329209,-5.619252,-17.589739
-1.4337163,-5.620019,-17.589933
-1.4345117,-5.6207857,-17.590128
-1.435307,-5.6215525,-17.590322
-1.4361024,-5.622319,-17.590517
-1.4368978,-5.623086,-17.590712
-1.4376931,-5.6238527,-17.590906
-1.4384885,-5.6246195,-17.5911
-1.4392838,-5.625386,-17.591295
-1.4400792,-5.626153,-17.59149
-1.4408746,-5.6269197,-17.591684
-1.441691,-5.627709,-17.591885
-1.4424593,-5.62846,-17.592075
-1.4432276,-5.629211,-17.592266
-1.443996,-5.629962,-17.592457
-1.4447643,-5.630713,-17.592648
-1.4455326,-5.631464,-17.592838
-1.4463009,-5.632215,-17.593029
-1.4470692,-5.632966,-17.59322
-1.4478375,-5.633717,-17.59341
-1.4486058,-5.634468,-17.593601
-1.4493741,-5.635219,-17.593792
-1.4501424,-5.63597,-17.593983
-1.4509107,-5.636721,-17.594173
-1.451679,-5.637472,-17.594364
-1.4525126,-5.638347,-17.594593
-1.4531926,-5.639072,-17.594784
-1.4538726,-5.6397967,-17.594975
-1.4545525,-5.6405215,-17.595165
-1.4552325,-5.6412463,-17.595356
-1.4559125,-5.641971,-17.595547
-1.4565924,-5.642696,-17.595737
-1.4572724,-5.6434207,-17.595928
-1.4579524,-5.6441455,-17.596119
-1.4586323,-5.6448703,-17.59631
-1.4593123,-5.645595,-17.5965
-1.4599923,-5.64632,-17.596691
-1.4606723,-5.6470447,-17.596882
-1.4613522,-5.6477695,-17.597073
-1.4620322,-5.6484942,-17.597263
-1.4627122,-5.649219,-17.597454
-1.4633921,-5.649944,-17.597645
-1.4640721,-5.6506686,-17.597836
-1.4647521,-5.6513934,-17.598026
-1.465432,-5.652118,-17.598217
-1.466112,-5.652843,-17.598408
-1.466792,-5.653568,-17.598598
-1.467472,-5.6542926,-17.59879
-1.4681519,-5.6550174,-17.59898
-1.4688319,-5.655742,-17.59917
-1.4695119,-5.656467,-17.599361
-1.4701918,-5.6571918,-17.599552
-1.4708718,-5.6579165,-17.599743
-1.4715518,-5.6586413,-17.599934
-1.4722317,-5.659366,-17.600124
-1.4729117,-5.660091,-17.600315
-1.4735917,-5.6608157,-17.600506
-1.4742717,-5.6615405,-17.600697
-1.4749516,-5.6622653,-17.600887
-1.4757856,-5.66312,-17.60111
-1.4765956,-5.663897,-17.60131
-1.4774057,-5.6646743,-17.601511
-1.4782157,-5.6654515,-17.601711
-1.4790257,-5.666229,-17.601912
-1.4798357,-5.667006,-17.602112
-1.4806458,-5.6677833,-17.602312
-1.4814558,-5.6685605,-17.602512
-1.4822658,-5.6693377,-17.602713
-1.4830759,-5.670115,-17.602913
-1.4838859,-5.6708922,-17.603113
-1.4846959,-5.6716695,-17.603313
-1.4855059,-5.6724467,-17.603514
-1.486316,-5.673224,-17.603714
-1.487126,-5.674001,-17.603914
-1.4879179,-5.674789,-17.604118
-1.4886665,-5.675552,-17.604317
-1.4894152,-5.676315,-17.604515
-1.4901638,-5.677078,-17.604713
-1.4909124,-5.6778407,-17.604912
-1.4916611,-5.6786036,-17.60511
-1.4924097,-5.6793666,-17.605309
-1.4931583,-5.6801295,-17.605507
-1.493907,-5.6808925,-17.605705
-1.4945887,-5.6816497,-17.60591
-1.4952482,-5.682405,-17.606115
-1.4959077,-5.6831603,-17.606321
-1.4965671,-5.6839156,-17.606527
-1.4972266,-5.684671,-17.606733
-1.4978861,-5.685426,-17.60694
-1.4986777,-5.6861186,-17.607101
-1.4995177,-5.6867323,-17.607225
-1.5003576,-5.687346,-17.60735
-1.5011976,-5.6879597,-17.607473
-1.5020375,-5.6885734,-17.607597
-1.5028726,-5.689195,-17.607725
-1.503649,-5.689914,-17.607899
-1.5044254,-5.6906333,-17.608072
-1.5052018,-5.6913524,-17.608246
-1.5059782,-5.6920714,-17.60842
-1.5067546,-5.6927905,-17.608593
-1.507531,-5.6935096,-17.608767
-1.5083072,-5.6942286,-17.608944
-1.509113,-5.6949754,-17.609133
-1.5099187,-5.695722,-17.609322
-1.5107244,-5.696469,-17.60951
-1.5115302,-5.6972156,-17.6097
-1.5123359,-5.6979623,-17.609888
-1.5131416,-5.698709,-17.610077
-1.5139474,-5.6994557,-17.610266
-1.5146847,-5.700142,-17.61044
-1.5154591,-5.7008796,-17.610626
-1.5162334,-5.7016172,-17.610813
-1.5170078,-5.702355,-17.611
-1.5177822,-5.7030926,-17.611187
-1.5185566,-5.7038302,-17.611374
-1.519331,-5.704568,-17.61156
-1.5201054,-5.7053056,-17.611748
-1.5208797,-5.7060432,-17.611935
-1.5215569,-5.706772,-17.612133
-1.522234,-5.7075005,-17.612331
-1.5229111,-5.708229,-17.61253
-1.5235882,-5.7089577,-17.612728
-1.5242653,-5.7096863,-17.612926
-1.5249424,-5.710415,-17.613125
-1.5256195,-5.7111435,-17.613323
-1.5262966,-5.711872,-17.613522
-1.5270083,-5.71262,-17.613724
-1.5277218,-5.713324,-17.61391
-1.5284352,-5.7140284,-17.614098
-1.5291487,-5.7147326,-17.614285
-1.5298622,-5.715437,-17.614471
-1.5305756,-5.716141,-17.614658
-1.5312891,-5.7168455,-17.614845
-1.5320026,-5.71755,-17.615032
-1.532716,-5.718254,-17.61522
-1.5334295,-5.7189584,-17.615406
-1.5341698,-5.7196574,-17.615585
-1.5349745,-5.720404,-17.615774
-1.5357791,-5.721151,-17.615963
-1.5365838,-5.7218976,-17.616152
-1.5373884,-5.7226443,-17.61634
-1.5381931,-5.723391,-17.61653
-1.5389978,-5.724138,-17.616718
-1.5398024,-5.7248845,-17.616907
-1.5405723,-5.725612,-17.617088
-1.5412986,-5.726316,-17.61726
-1.542025,-5.72702,-17.617432
-1.5427513,-5.7277236,-17.617603
-1.5434777,-5.7284274,-17.617775
-1.544204,-5.729131,-17.617947
-1.5449303,-5.729835,-17.618118
-1.5456567,-5.730539,-17.61829
-1.546408,-5.731278,-17.618473
-1.5471538,-5.7320447,-17.618671
-1.5478996,-5.7328115,-17.61887
-1.5486454,-5.733578,-17.619068
-1.5493912,-5.734345,-17.619267
-1.5501369,-5.7351117,-17.619465
-1.5508827,-5.7358785,-17.619663
-1.5516285,-5.736645,-17.619862
-1.5523742,-5.737412,-17.62006
-1.5531391,-5.7381463,-17.62025
-1.553923,-5.738848,-17.620434
-1.5547069,-5.73955,-17.620617
-1.5554909,-5.740252,-17.6208
-1.5562748,-5.740954,-17.620983
-1.5570587,-5.741656,-17.621166
-1.5578426,-5.7423577,-17.62135
-1.5586265,-5.7430596,-17.621532
-1.5594105,-5.7437615,-17.621716
-1.5601846,-5.7444797,-17.621902
-1.5609294,-5.7452464,-17.6221
-1.5616742,-5.746013,-17.6223
-1.562419,-5.74678,-17.622498
-1.5631639,-5.7475467,-17.622696
-1.5639087,-5.7483134,-17.622894
-1.5646535,-5.74908,-17.623093
-1.5653983,-5.749847,-17.623291
-1.5661432,-5.7506137,-17.62349
-1.566888,-5.7513804,-17.623688
-1.5676328,-5.752147,-17.623886
-1.5683688,-5.752891,-17.62408
-1.5691048,-5.753635,-17.624275
-1.5698408,-5.754379,-17.62447
-1.5705768,-5.7551227,-17.624664
-1.5713128,-5.7558665,-17.624859
-1.5720488,-5.7566104,-17.625053
-1.5727848,-5.7573543,-17.625248
-1.5735208,-5.758098,-17.625443
-1.5742568,-5.758842,-17.625637
-1.5749928,-5.759586,-17.625832
-1.5757288,-5.7603297,-17.626026
-1.5764815,-5.761083,-17.626225
-1.5772675,-5.7618556,-17.62643
-1.5780536,-5.762628,-17.626637
-1.5788397,-5.7634006,-17.626842
-1.5796257,-5.764173,-17.627048
-1.5804118,-5.7649455,-17.627254
-1.5811979,-5.765718,-17.62746
-1.5819839,-5.7664905,-17.627666
-1.58277,-5.767263,-17.627872
-1.583556,-5.7680354,-17.628078
-1.5843421,-5.768808,-17.628284
-1.5851208,-5.7695546,-17.628483
-1.5858847,-5.77025,-17.628666
-1.5866486,-5.770945,-17.628849
-1.5874125,-5.7716403,-17.629032
-1.5881764,-5.7723355,-17.629215
-1.5889403,-5.7730308,-17.629398
-1.5897042,-5.773726,-17.629581
-1.590468,-5.774421,-17.629765
-1.591232,-5.7751164,-17.629948
-1.5919958,-5.7758117,-17.63013
-1.5927597,-5.776507,-17.630314
-1.5935236,-5.777202,-17.630497
-1.5942875,-5.7778974,-17.63068
-1.595004,-5.7786317,-17.63087
-1.5957204,-5.779366,-17.631062
-1.5964369,-5.7801003,-17.631252
-1.5971533,-5.7808347,-17.631443
-1.5978698,-5.781569,-17.631634
-1.5985862,-5.7823033,-17.631824
-1.5993026,-5.7830377,-17.632015
-1.6000191,-5.783772,-17.632206
-1.6007355,-5.7845063,-17.632397
-1.601452,-5.7852407,-17.632587
-1.6021684,-5.785975,-17.632778
-1.6028849,-5.7867093,-17.632969
-1.6036013,-5.7874436,-17.63316
-1.6043178,-5.788178,-17.63335
-1.6050264,-5.7888865,-17.633537
-1.6058625,-5.7896905,-17.633755
-1.6066986,-5.7904944,-17.633972
-1.6075348,-5.7912984,-17.63419
-1.6083709,-5.7921023,-17.634407
-1.609207,-5.7929063,-17.634624
-1.6100432,-5.79371,-17.634842
-1.6108793,-5.794514,-17.63506
-1.6117154,-5.795318,-17.635277
-1.6125516,-5.796122,-17.635494
-1.6133877,-5.796926,-17.635712
-1.6142238,-5.79773,-17.63593
-1.6150252,-5.798514,-17.636143
-1.6157569,-5.7992578,-17.636349
-1.6164886,-5.8000016,-17.636555
-1.6172203,-5.8007455,-17.63676
-1.617952,-5.8014894,-17.636967
-1.6186837,-5.802233,-17.637173
-1.6194154,-5.802977,-17.637379
-1.6201471,-5.803721,-17.637585
-1.6208788,-5.804465,-17.63779
-1.6216105,-5.8052087,-17.637997
-1.6223422,-5.8059525,-17.638203
-1.6230739,-5.8066964,-17.638409
-1.6238056,-5.8074403,-17.638615
-1.6245266,-5.8081484,-17.638803
-1.6252476,-5.8088565,-17.638992
-1.6259686,-5.8095646,-17.639181
-1.6266896,-5.8102727,-17.63937
-1.6274105,-5.810981,-17.639559
-1.6281315,-5.811689,-17.639748
-1.6288525,-5.812397,-17.639936
-1.629577,-5.813118,-17.640127
-1.6302465,-5.8138504,-17.64031
-1.630916,-5.814583,-17.640493
-1.6315855,-5.8153152,-17.640676
-1.632255,-5.8160477,-17.64086
-1.6329244,-5.81678,-17.641043
-1.6336535,-5.8174887,-17.641233
-1.6343926,-5.81818,-17.641424
-1.6351317,-5.8188715,-17.641615
-1.6358386,-5.8195605,-17.6418
-1.6365575,-5.8202686,-17.641989
-1.6372763,-5.8209767,-17.642178
-1.6379951,-5.821685,-17.642366
-1.638714,-5.822393,-17.642555
-1.6394328,-5.823101,-17.642744
-1.6401516,-5.823809,-17.642933
-1.6409403,-5.824612,-17.643147
-1.641714,-5.8254395,-17.643366
-1.6424876,-5.826267,-17.643585
-1.6432613,-5.827094,-17.643805
-1.644035,-5.8279214,-17.644024
-1.6448087,-5.8287487,-17.644243
-1.6455823,-5.829576,-17.644463
-1.646356,-5.8304033,-17.644682
-1.6471297,-5.8312306,-17.644901
-1.6479033,-5.832058,-17.64512
-1.648677,-5.8328853,-17.64534
-1.6494507,-5.8337126,-17.64556
-1.6502243,-5.83454,-17.645779
-1.650998,-5.835367,-17.645998
-1.6518184,-5.8362327,-17.646225
-1.6526242,-5.837047,-17.646431
-1.6534301,-5.8378615,-17.646637
-1.654236,-5.838676,-17.646843
-1.6550418,-5.8394904,-17.647049
-1.6558477,-5.840305,-17.647255
-1.6566535,-5.8411193,-17.64746
-1.6574594,-5.8419337,-17.647667
-1.6582652,-5.842748,-17.647873
-1.6590711,-5.8435626,-17.648079
-1.659877,-5.844377,-17.648285
-1.6606828,-5.8451915,-17.64849
-1.6614887,-5.846006,-17.648697
-1.6622945,-5.8468204,-17.648903
-1.6631004,-5.847635,-17.649109
-1.6639062,-5.848449,-17.649315
-1.6647121,-5.8492637,-17.64952
-1.6655179,-5.850078,-17.649727
-1.6663529,-5.8509974,-17.649971
-1.6671878,-5.851917,-17.650215
-1.6680228,-5.852836,-17.65046
-1.6688577,-5.8537555,-17.650703
-1.6696926,-5.854675,-17.650948
-1.6705276,-5.855594,-17.651192
-1.6713625,-5.8565135,-17.651436
-1.6721975,-5.857433,-17.65168
-1.6730324,-5.858352,-17.651924
-1.6738673,-5.8592715,-17.652168
-1.6747023,-5.860191,-17.652412
-1.6755372,-5.86111,-17.652657
-1.6763722,-5.8620296,-17.6529
-1.6772071,-5.862949,-17.653145
-1.678042,-5.863868,-17.653389
-1.678877,-5.8647876,-17.653633
-1.6797119,-5.865707,-17.653877
-1.6805469,-5.8666263,-17.654121
-1.6813956,-5.8675427,-17.65436
-1.6822859,-5.8684506,-17.654581
-1.6831762,-5.8693585,-17.654802
-1.6840664,-5.8702664,-17.655024
-1.6849567,-5.8711743,-17.655245
-1.6858469,-5.872082,-17.655466
-1.6867372,-5.87299,-17.655687
-1.6876274,-5.873898,-17.655909
-1.6885177,-5.874806,-17.65613
-1.689408,-5.875714,-17.656351
-1.6902982,-5.8766217,-17.656572
-1.6911885,-5.8775296,-17.656794
-1.6920787,-5.8784375,-17.657015
-1.692969,-5.8793454,-17.657236
-1.6938592,-5.8802533,-17.657457
-1.6947495,-5.881161,-17.657679
-1.6956397,-5.882069,-17.6579
-1.69653,-5.882977,-17.658121
-1.697344,-5.883819,-17.658327
-1.6980753,-5.884625,-17.658527
-1.6988066,-5.885431,-17.658728
-1.699538,-5.8862367,-17.658928
-1.7002693,-5.8870425,-17.659128
-1.7010007,-5.8878484,-17.659328
-1.701732,-5.888654,-17.659529
-1.7024634,-5.88946,-17.659729
-1.7031947,-5.890266,-17.65993
-1.7039261,-5.891072,-17.66013
-1.7046574,-5.8918777,-17.66033
-1.7053888,-5.8926835,-17.66053
-1.7061201,-5.8934894,-17.66073
-1.7068515,-5.894295,-17.66093
-1.7075828,-5.895101,-17.66113
-1.7082932,-5.8958836,-17.661327
-1.7090449,-5.8967104,-17.661545
-1.7097967,-5.897537,-17.661762
-1.7105484,-5.898364,-17.66198
-1.7113001,-5.899191,-17.662197
-1.7120519,-5.9000177,-17.662415
-1.7128036,-5.9008446,-17.662632
-1.7135553,-5.9016714,-17.66285
-1.7143071,-5.9024982,-17.663067
-1.7150588,-5.903325,-17.663284
-1.7158105,-5.904152,-17.663502
-1.7165623,-5.9049788,-17.66372
-1.717314,-5.9058056,-17.663937
-1.7181093,-5.9066586,-17.664154
-1.7189132,-5.907517,-17.664371
-1.7197171,-5.9083753,-17.664589
-1.7205211,-5.9092336,-17.664806
-1.721325,-5.910092,-17.665024
-1.722129,-5.91095,-17.665241
-1.7229329,-5.9118085,-17.665459
-1.7237369,-5.912667,-17.665676
-1.7245408,-5.913525,-17.665894
-1.7253448,-5.9143834,-17.666111
-1.7261487,-5.9152417,-17.666328
-1.7269527,-5.9161,-17.666546
-1.7277566,-5.9169583,-17.666763
-1.7285606,-5.9178166,-17.66698
-1.7292484,-5.9185963,-17.66719
-1.7299362,-5.919376,-17.6674
-1.7306241,-5.9201555,-17.66761
-1.7313119,-5.920935,-17.66782
-1.7319998,-5.921715,-17.66803
-1.7326876,-5.9224944,-17.66824
-1.7333754,-5.923274,-17.66845
-1.7340633,-5.9240537,-17.66866
-1.7347511,-5.9248333,-17.668869
-1.735439,-5.925613,-17.669079
-1.7361268,-5.9263926,-17.669289
-1.7368146,-5.927172,-17.669498
-1.7375025,-5.927952,-17.669708
-1.7381903,-5.9287314,-17.669918
-1.738932,-5.9294977,-17.67012
-1.7396872,-5.9302607,-17.67032
-1.7404424,-5.9310236,-17.67052
-1.7411976,-5.9317865,-17.670721
-1.7419528,-5.9325495,-17.670921
-1.742708,-5.9333124,-17.671122
-1.7434632,-5.9340754,-17.671322
-1.7442183,-5.9348383,-17.671522
-1.7449735,-5.935601,-17.671722
-1.7457287,-5.936364,-17.671923
-1.7464839,-5.937127,-17.672123
-1.7472391,-5.93789,-17.672323
-1.7479943,-5.938653,-17.672523
-1.7487409,-5.939411,-17.672722
-1.7494532,-5.9401503,-17.672913
-1.7501655,-5.9408894,-17.673103
-1.7508777,-5.9416285,-17.673294
-1.75159,-5.9423676,-17.673485
-1.7523023,-5.9431067,-17.673676
-1.7530146,-5.9438457,-17.673866
-1.7537268,-5.944585,-17.674057
-1.7544391,-5.945324,-17.674248
-1.7551514,-5.946063,-17.674438
-1.7558637,-5.946802,-17.67463
-1.756576,-5.947541,-17.67482
-1.7572882,-5.9482803,-17.67501
-1.7580005,-5.9490194,-17.675201
-1.7587128,-5.9497585,-17.675392
-1.7594136,-5.950459,-17.675571
-1.7602454,-5.9512687,-17.675777
-1.7610773,-5.9520783,-17.675983
-1.7619091,-5.952888,-17.67619
-1.762741,-5.9536977,-17.676395
-1.7635728,-5.9545074,-17.676601
-1.7644047,-5.955317,-17.676807
-1.7652365,-5.9561267,-17.677013
-1.7660683,-5.9569364,-17.67722
-1.7669002,-5.957746,-17.677425
-1.767732,-5.9585557,-17.677631
-1.7685639,-5.9593654,-17.677837
-1.7693869,-5.9601703,-17.678043
-1.7701658,-5.9609513,-17.67825
-1.7709447,-5.9617324,-17.678455
-1.7717236,-5.9625134,-17.678661
-1.7725025,-5.9632945,-17.678867
-1.7732815,-5.9640756,-17.679073
-1.7740604,-5.9648566,-17.67928
-1.7748393,-5.9656377,-17.679485
-1.7756182,-5.9664187,-17.679691
-1.7763971,-5.9672,-17.679897
-1.777176,-5.967981,-17.680103
-1.7779549,-5.968762,-17.68031
-1.7787857,-5.969573,-17.680515
-1.7795212,-5.970274,-17.680687
-1.7802567,-5.970975,-17.680859
-1.7809923,-5.971676,-17.68103
-1.7817278,-5.972377,-17.681202
-1.7824633,-5.973078,-17.681374
-1.7831988,-5.9737787,-17.681545
-1.7839344,-5.9744797,-17.681717
-1.7846699,-5.9751806,-17.681889
-1.7854054,-5.9758816,-17.68206
-1.7861409,-5.9765825,-17.682232
-1.7868764,-5.9772835,-17.682404
-1.787612,-5.9779844,-17.682575
-1.7883475,-5.9786854,-17.682747
-1.789083,-5.9793863,-17.682919
-1.7898024,-5.9801116,-17.683102
-1.7905111,-5.980853,-17.683292
-1.7912198,-5.9815946,-17.683483
-1.7919285,-5.982336,-17.683674
-1.7926372,-5.9830775,-17.683865
-1.7933459,-5.983819,-17.684055
-1.7940546,-5.9845605,-17.684246
-1.7947633,-5.985302,-17.684437
-1.795472,-5.9860435,-17.684628
-1.7961807,-5.986785,-17.684818
-1.7968894,-5.9875264,-17.685009
-1.7975981,-5.988268,-17.6852
-1.7983068,-5.9890094,-17.68539
-1.7990155,-5.989751,-17.685581
-1.7997171,-5.9904666,-17.685764
-1.8005246,-5.991202,-17.685947
-1.8013321,-5.991937,-17.68613
-1.8021396,-5.9926724,-17.686314
-1.8029472,-5.9934077,-17.686497
-1.8037547,-5.994143,-17.68668
-1.8045622,-5.9948783,-17.686863
-1.8053697,-5.9956136,-17.687046
-1.8061773,-5.996349,-17.68723
-1.8069848,-5.997084,-17.687412
-1.8077923,-5.9978194,-17.687595
-1.8085998,-5.9985547,-17.687778
-1.8094074,-5.99929,-17.687962
-1.8101091,-6.0000076,-17.688135
-1.8108109,-6.0007253,-17.688309
-1.8115127,-6.001443,-17.688482
-1.8122145,-6.0021605,-17.688656
-1.8129163,-6.002878,-17.68883
-1.8136181,-6.003596,-17.689003
-1.8143198,-6.0043135,-17.689177
-1.8150216,-6.005031,-17.68935
-1.8157234,-6.0057487,-17.689524
-1.8164252,-6.0064664,-17.689697
-1.8171706,-6.007188,-17.689869
-1.8179331,-6.0079193,-17.690042
-1.8186955,-6.008651,-17.690216
-1.819458,-6.0093822,-17.69039
-1.8202205,-6.0101137,-17.690563
-1.8209829,-6.010845,-17.690737
-1.8217483,-6.0115376,-17.690897
-1.8225064,-6.012205,-17.69105
-1.8232646,-6.0128727,-17.691202
-1.8240085,-6.013542,-17.691362
-1.8247386,-6.0142455,-17.691553
-1.8254688,-6.014949,-17.691744
-1.8261656,-6.015686,-17.691946
-1.8267884,-6.016465,-17.692163
-1.8274113,-6.0172443,-17.69238
-1.8280342,-6.0180235,-17.692598
-1.8287449,-6.0187597,-17.692785
-1.8295007,-6.0194273,-17.692938
-1.8302565,-6.020095,-17.69309
-1.8310122,-6.0207624,-17.693243
-1.8317543,-6.0214415,-17.693327
-1.8322105,-6.022312,-17.693537
-1.833068,-6.02283,-17.693577
-1.8339674,-6.0233665,-17.693663
-1.8348669,-6.023903,-17.693748
-1.8357663,-6.0244393,-17.693834
-1.8366657,-6.024976,-17.69392
-1.8375736,-6.025572,-17.694036
-1.8384523,-6.026194,-17.694174
-1.839331,-6.0268164,-17.694311
-1.8402097,-6.0274386,-17.694448
-1.8410884,-6.028061,-17.694586
-1.8419671,-6.028683,-17.694723
-1.8428458,-6.0293055,-17.69486
-1.8437245,-6.0299277,-17.694998
-1.8446032,-6.03055,-17.695135
-1.8454819,-6.0311723,-17.695272
-1.8463606,-6.0317945,-17.69541
-1.8472393,-6.032417,-17.695547
-1.848118,-6.033039,-17.695684
-1.8489966,-6.0336614,-17.695822
-1.8498753,-6.0342836,-17.69596
-1.8507143,-6.034893,-17.696096
-1.8515372,-6.0355253,-17.696245
-1.8523601,-6.0361576,-17.696394
-1.853183,-6.03679,-17.696543
-1.8540059,-6.037422,-17.696692
-1.8548288,-6.0380545,-17.69684
-1.8557053,-6.0385833,-17.69696
-1.8565612,-6.0390887,-17.697075
-1.8574171,-6.039594,-17.69719
-1.858221,-6.0401797,-17.697338
-1.8587575,-6.040995,-17.697596
-1.8594956,-6.041641,-17.697815
-1.8603487,-6.042212,-17.698004
-1.861095,-6.042889,-17.698156
-1.8618412,-6.043566,-17.698309
-1.8625875,-6.0442433,-17.698462
-1.8633579,-6.044902,-17.698606
-1.8642428,-6.045441,-17.698706
-1.8651277,-6.0459805,-17.698805
-1.8660126,-6.0465198,-17.698904
-1.8668975,-6.047059,-17.699003
-1.8677824,-6.0475984,-17.699102
-1.8686658,-6.0481377,-17.699202
-1.8695492,-6.048677,-17.6993
-1.8704325,-6.0492163,-17.6994
-1.8713158,-6.0497556,-17.6995
-1.8721992,-6.050295,-17.699598
-1.8730825,-6.050834,-17.699697
-1.8739659,-6.0513735,-17.699797
-1.8748492,-6.051913,-17.699896
-1.8757325,-6.052452,-17.699995
-1.8766159,-6.0529914,-17.700094
-1.8774992,-6.0535307,-17.700193
-1.8783818,-6.0540743,-17.700293
-1.8792472,-6.0546093,-17.70039
-1.8801125,-6.0551443,-17.700487
-1.8809779,-6.0556793,-17.700584
-1.8818252,-6.056204,-17.70068
-1.88268,-6.0567336,-17.700771
-1.8835349,-6.0572634,-17.700838
