-4.0769496,-2.8071694,-13.9293785
-4.076207,-2.80772,-13.929767
-4.0756555,-2.8084822,-13.930117
-4.0747404,-2.8086267,-13.930502
-4.07383,-2.808317,-13.930849
-4.072929,-2.8080058,-13.931192
-4.072161,-2.8074217,-13.931459
-4.0718093,-2.8064797,-13.931451
-4.0716186,-2.8055022,-13.931358
-4.071424,-2.804505,-13.9312935
-4.0712295,-2.803508,-13.931229
-4.071037,-2.8025208,-13.931152
-4.070846,-2.8015432,-13.931057
-4.0706553,-2.8005657,-13.930962
-4.0704627,-2.7995784,-13.930883
-4.070268,-2.7985814,-13.930819
-4.0700736,-2.7975843,-13.930754
-4.0695586,-2.7966702,-13.930842
-4.0690055,-2.7957523,-13.930947
-4.0684524,-2.7948344,-13.931052
-4.067899,-2.7939165,-13.931157
-4.067346,-2.7929986,-13.931262
-4.066793,-2.7920806,-13.931367
-4.06624,-2.7911627,-13.931472
-4.0656867,-2.7902448,-13.931577
-4.0651336,-2.789327,-13.931682
-4.0645804,-2.788409,-13.931787
-4.0640273,-2.787491,-13.931891
-4.0635448,-2.7865613,-13.931964
-4.0630875,-2.7855766,-13.932017
-4.06263,-2.784592,-13.932071
-4.062173,-2.7836072,-13.932124
-4.0617156,-2.7826226,-13.932178
-4.0612583,-2.781638,-13.932231
-4.060801,-2.7806532,-13.932284
-4.0603437,-2.7796686,-13.932338
-4.0598865,-2.778684,-13.932391
-4.059429,-2.7776992,-13.932445
-4.058972,-2.7767146,-13.932498
-4.0585146,-2.77573,-13.932551
-4.0580573,-2.7747452,-13.932605
-4.057601,-2.7738512,-13.932673
-4.0570803,-2.772907,-13.932765
-4.0565596,-2.771963,-13.932857
-4.056039,-2.7710187,-13.932948
-4.055518,-2.7700746,-13.93304
-4.0549974,-2.7691305,-13.933131
-4.0544767,-2.7681863,-13.933223
-4.053956,-2.7672422,-13.933314
-4.0534353,-2.766298,-13.933406
-4.0529146,-2.765354,-13.933497
-4.052394,-2.7644098,-13.933589
-4.051873,-2.7634656,-13.933681
-4.0513525,-2.7625215,-13.933772
-4.050832,-2.7615774,-13.933864
-4.050314,-2.7605116,-13.933932
-4.049885,-2.7595222,-13.93397
-4.0494556,-2.7585328,-13.934009
-4.0490265,-2.7575433,-13.934047
-4.0485973,-2.756554,-13.934085
-4.048168,-2.7555645,-13.934123
-4.047739,-2.754575,-13.934161
-4.04731,-2.7535856,-13.934199
-4.0468807,-2.7525961,-13.9342375
-4.0464516,-2.7516067,-13.934276
-4.0460224,-2.7506173,-13.934314
-4.0455933,-2.7496278,-13.934352
-4.045164,-2.7486384,-13.93439
-4.044735,-2.747649,-13.934428
-4.044306,-2.7466595,-13.934466
-4.0438766,-2.74567,-13.9345045
-4.0434475,-2.7446806,-13.934543
-4.0430183,-2.7436912,-13.934581
-4.042525,-2.7426112,-13.934638
-4.0420313,-2.7415311,-13.934695
-4.041538,-2.740451,-13.934752
-4.041044,-2.739371,-13.93481
-4.0405507,-2.738291,-13.934867
-4.040057,-2.737211,-13.934924
-4.0395637,-2.736131,-13.934981
-4.03907,-2.735051,-13.935039
-4.0385766,-2.7339709,-13.935096
-4.038083,-2.7328908,-13.935153
-4.0375896,-2.7318108,-13.93521
-4.037096,-2.7307308,-13.935267
-4.0366025,-2.7296507,-13.935325
-4.036109,-2.7285707,-13.935382
-4.0356154,-2.7274907,-13.935439
-4.035122,-2.7264106,-13.935496
-4.0346284,-2.7253306,-13.935554
-4.034135,-2.7242506,-13.935611
-4.033649,-2.7232096,-13.935668
-4.033165,-2.7221785,-13.935725
-4.032681,-2.7211473,-13.935782
-4.032197,-2.7201161,-13.93584
-4.031713,-2.719085,-13.935897
-4.031229,-2.7180538,-13.935954
-4.030745,-2.7170227,-13.936011
-4.030261,-2.7159915,-13.936069
-4.029777,-2.7149603,-13.936126
-4.029293,-2.7139292,-13.936183
-4.028809,-2.712898,-13.93624
-4.028325,-2.7118669,-13.936297
-4.027841,-2.7108357,-13.936355
-4.027357,-2.7098045,-13.936412
-4.026873,-2.7087734,-13.936469
-4.026389,-2.7077422,-13.936526
-4.025905,-2.706711,-13.9365835
-4.025421,-2.70568,-13.936641
-4.024937,-2.7046487,-13.936698
-4.0245056,-2.7037408,-13.936749
-4.0240593,-2.7028053,-13.936803
-4.023613,-2.7018697,-13.936856
-4.0231667,-2.7009342,-13.93691
-4.0227203,-2.6999986,-13.936963
-4.022274,-2.699063,-13.9370165
-4.0218277,-2.6981275,-13.93707
-4.0213814,-2.697192,-13.937123
-4.020935,-2.6962564,-13.937177
-4.0204887,-2.6953208,-13.93723
-4.0200424,-2.6943853,-13.9372835
-4.019596,-2.6934497,-13.937337
-4.01915,-2.6925142,-13.93739
-4.0187035,-2.6915786,-13.937444
-4.018257,-2.690643,-13.937497
-4.017811,-2.6897075,-13.937551
-4.0173645,-2.688772,-13.937604
-4.016918,-2.6878364,-13.937657
-4.016472,-2.6869009,-13.937711
-4.0160255,-2.6859653,-13.937764
-4.015579,-2.6850297,-13.937818
-4.015133,-2.6840942,-13.937871
-4.0146866,-2.6831586,-13.937924
-4.0142097,-2.6820657,-13.93797
-4.013733,-2.6809728,-13.938016
-4.013256,-2.67988,-13.938062
-4.012779,-2.678787,-13.9381075
-4.0123024,-2.677694,-13.938153
-4.0118256,-2.6766012,-13.938199
-4.0113487,-2.6755083,-13.938245
-4.010872,-2.6744153,-13.938291
-4.010395,-2.6733224,-13.938336
-4.009918,-2.6722295,-13.938382
-4.0094414,-2.6711366,-13.938428
-4.0089645,-2.6700437,-13.938474
-4.0084877,-2.6689508,-13.9385195
-4.008011,-2.667858,-13.938565
-4.007534,-2.666765,-13.938611
-4.007057,-2.665672,-13.938657
-4.0065804,-2.6645792,-13.938703
-4.0061035,-2.6634862,-13.938748
-4.0056267,-2.6623933,-13.938794
-4.00515,-2.6613004,-13.93884
-4.004673,-2.6602075,-13.938886
-4.004196,-2.6591146,-13.938931
-4.0037193,-2.6580217,-13.938977
-4.0032425,-2.6569288,-13.939023
-4.0027657,-2.6558359,-13.939069
-4.002289,-2.654743,-13.939115
-4.001812,-2.65365,-13.93916
-4.001328,-2.6525285,-13.939206
-4.0008416,-2.6513975,-13.939252
-4.0003552,-2.6502664,-13.939298
-3.9998689,-2.6491354,-13.939343
-3.9993825,-2.6480043,-13.939389
-3.9988961,-2.6468732,-13.939435
-3.9984097,-2.6457422,-13.939481
-3.9979234,-2.6446111,-13.939527
-3.997437,-2.64348,-13.939572
-3.9969506,-2.642349,-13.939618
-3.9964643,-2.641218,-13.939664
-3.9959779,-2.640087,-13.93971
-3.9954915,-2.6389558,-13.939755
-3.9950051,-2.6378248,-13.939801
-3.9945188,-2.6366937,-13.939847
-3.9940324,-2.6355627,-13.939893
-3.993546,-2.6344316,-13.939939
-3.9930596,-2.6333005,-13.939984
-3.9925733,-2.6321695,-13.94003
-3.992087,-2.6310384,-13.940076
-3.9916005,-2.6299074,-13.940122
-3.9911141,-2.6287763,-13.940167
-3.9906278,-2.6276453,-13.940213
-3.9901414,-2.6265142,-13.940259
-3.9896789,-2.6255004,-13.940312
-3.9892163,-2.6244867,-13.940366
-3.9887538,-2.623473,-13.940419
-3.9882913,-2.6224592,-13.940473
-3.9878287,-2.6214454,-13.940526
-3.9873662,-2.6204317,-13.940579
-3.9869037,-2.619418,-13.940633
-3.9864411,-2.6184042,-13.940686
-3.9859786,-2.6173904,-13.94074
-3.985516,-2.6163766,-13.940793
-3.9850535,-2.615363,-13.940846
-3.984591,-2.6143491,-13.9409
-3.9841285,-2.6133354,-13.940953
-3.983666,-2.6123216,-13.941007
-3.9832034,-2.6113079,-13.94106
-3.9827409,-2.610294,-13.941113
-3.9822783,-2.6092803,-13.941167
-3.9818158,-2.6082666,-13.94122
-3.9813533,-2.6072528,-13.941274
-3.9808908,-2.606239,-13.941327
-3.9804282,-2.6052253,-13.9413805
-3.9799657,-2.6042116,-13.941434
-3.9794962,-2.603209,-13.941492
-3.979006,-2.60224,-13.941565
-3.9785159,-2.6012712,-13.941637
-3.9780257,-2.6003022,-13.9417095
-3.9775355,-2.5993333,-13.941782
-3.9770453,-2.5983644,-13.9418545
-3.976555,-2.5973954,-13.941927
-3.976065,-2.5964265,-13.941999
-3.9755747,-2.5954576,-13.942072
-3.9750845,-2.5944886,-13.942144
-3.9745944,-2.5935197,-13.942217
-3.9741042,-2.5925508,-13.942289
-3.973614,-2.5915818,-13.942362
-3.9731238,-2.590613,-13.942434
-3.9726336,-2.589644,-13.942507
-3.9721434,-2.588675,-13.942579
-3.9716532,-2.587706,-13.942652
-3.971163,-2.5867372,-13.942724
-3.9706728,-2.5857682,-13.942797
-3.9701827,-2.5847993,-13.942869
-3.9696925,-2.5838304,-13.942942
-3.9692023,-2.5828614,-13.943014
-3.968712,-2.5818925,-13.943087
-3.968222,-2.5809236,-13.943159
-3.9677444,-2.5799727,-13.943229
-3.9673047,-2.5790763,-13.94329
-3.966865,-2.5781798,-13.943351
-3.9664254,-2.5772834,-13.943412
-3.9659858,-2.576387,-13.943473
-3.9655461,-2.5754905,-13.943534
-3.9651065,-2.574594,-13.943595
-3.9646668,-2.5736976,-13.943656
-3.9642272,-2.572801,-13.943717
-3.9637876,-2.5719047,-13.943778
-3.963348,-2.5710082,-13.943839
-3.9629083,-2.5701118,-13.9439
-3.9624686,-2.5692153,-13.943961
-3.962029,-2.5683188,-13.944022
-3.9615893,-2.5674224,-13.944083
-3.9611497,-2.566526,-13.944144
-3.96071,-2.5656295,-13.944205
-3.9602704,-2.564733,-13.944266
-3.9598308,-2.5638366,-13.944327
-3.959391,-2.5629401,-13.944388
-3.9589515,-2.5620437,-13.944449
-3.9585032,-2.561109,-13.94451
-3.958055,-2.5601745,-13.9445715
-3.9576068,-2.5592399,-13.944633
-3.9571586,-2.5583053,-13.944694
-3.9567103,-2.5573707,-13.944755
-3.956262,-2.556436,-13.944816
-3.955814,-2.5555015,-13.944877
-3.9553657,-2.5545669,-13.944938
-3.9549174,-2.5536323,-13.944999
-3.9544692,-2.5526977,-13.94506
-3.954021,-2.551763,-13.945121
-3.9535728,-2.5508285,-13.945182
-3.9531245,-2.5498939,-13.945243
-3.9526763,-2.5489593,-13.945304
-3.952228,-2.5480247,-13.945365
-3.9517798,-2.54709,-13.945426
-3.9513316,-2.5461555,-13.945487
-3.9508834,-2.5452209,-13.945548
-3.9504352,-2.5442863,-13.945609
-3.949987,-2.5433517,-13.94567
-3.9495387,-2.542417,-13.945731
-3.9490905,-2.5414824,-13.945792
-3.9486423,-2.5405478,-13.945853
-3.9481826,-2.5395539,-13.945906
-3.947719,-2.5385401,-13.945955
-3.9472556,-2.5375264,-13.946005
-3.9467921,-2.5365126,-13.946054
-3.9463286,-2.5354989,-13.946104
-3.9458652,-2.534485,-13.946154
-3.9454017,-2.5334713,-13.946203
-3.9449382,-2.5324576,-13.946253
-3.9444747,-2.5314438,-13.946302
-3.9440112,-2.53043,-13.946352
-3.9435477,-2.5294163,-13.946402
-3.9430842,-2.5284026,-13.946451
-3.9426208,-2.5273888,-13.946501
-3.9421573,-2.526375,-13.94655
-3.9416938,-2.5253613,-13.9466
-3.9412303,-2.5243475,-13.94665
-3.9407668,-2.5233338,-13.946699
-3.9403033,-2.52232,-13.946749
-3.9398398,-2.5213063,-13.946798
-3.9393764,-2.5202925,-13.946848
-3.9389129,-2.5192788,-13.9468975
-3.9384494,-2.518265,-13.946947
-3.9380066,-2.5173085,-13.946997
-3.937531,-2.5163274,-13.947059
-3.9370553,-2.5153463,-13.947121
-3.9365797,-2.5143652,-13.947183
-3.936104,-2.513384,-13.947245
-3.9356284,-2.512403,-13.947307
-3.9351528,-2.511422,-13.947369
-3.9346771,-2.5104408,-13.947431
-3.9342015,-2.5094597,-13.947493
-3.9337258,-2.5084786,-13.947555
-3.9332502,-2.5074975,-13.947617
-3.9327745,-2.5065165,-13.947679
-3.932299,-2.5055354,-13.947741
-3.9318233,-2.5045543,-13.947803
-3.9313476,-2.5035732,-13.947865
-3.930872,-2.502592,-13.9479265
-3.9303963,-2.501611,-13.9479885
-3.9299207,-2.50063,-13.9480505
-3.929445,-2.4996488,-13.9481125
-3.9289694,-2.4986677,-13.948174
-3.9284759,-2.4975991,-13.948232
-3.9279823,-2.4965305,-13.948289
-3.9274888,-2.495462,-13.948346
-3.9269953,-2.4943933,-13.948403
-3.9265018,-2.4933248,-13.948461
-3.9260082,-2.4922562,-13.948518
-3.9255147,-2.4911876,-13.948575
-3.9250212,-2.490119,-13.948632
-3.9245276,-2.4890504,-13.948689
-3.924034,-2.4879818,-13.948747
-3.9235406,-2.4869132,-13.948804
-3.923047,-2.4858446,-13.948861
-3.9225535,-2.484776,-13.948918
-3.92206,-2.4837074,-13.948976
-3.9215665,-2.4826388,-13.949033
-3.9210522,-2.4816039,-13.949107
-3.9205172,-2.4806025,-13.949199
-3.9199822,-2.4796011,-13.94929
-3.9194472,-2.4785998,-13.949382
-3.9189122,-2.4775984,-13.949473
-3.9183772,-2.476597,-13.949565
-3.9178421,-2.4755957,-13.9496565
-3.9173071,-2.4745944,-13.949748
-3.9167721,-2.473593,-13.94984
-3.916237,-2.4725916,-13.949931
-3.915702,-2.4715903,-13.950023
-3.915167,-2.470589,-13.950114
-3.914632,-2.4695876,-13.950206
-3.914097,-2.4685862,-13.950297
-3.913562,-2.4675848,-13.950389
-3.9130065,-2.4664862,-13.950473
-3.9125094,-2.4654086,-13.95053
-3.9120123,-2.464331,-13.950587
-3.9115152,-2.4632533,-13.9506445
-3.9110181,-2.4621756,-13.950702
-3.910521,-2.461098,-13.950759
-3.910024,-2.4600203,-13.950816
-3.9095268,-2.4589427,-13.950873
-3.9090297,-2.457865,-13.950931
-3.9085326,-2.4567873,-13.950988
-3.9080355,-2.4557097,-13.951045
-3.9075384,-2.454632,-13.951102
-3.9070413,-2.4535544,-13.9511595
-3.9065442,-2.4524767,-13.951217
-3.906047,-2.451399,-13.951274
-3.90555,-2.4503214,-13.951331
-3.905053,-2.4492438,-13.951388
-3.9045558,-2.4481661,-13.951446
-3.9040587,-2.4470885,-13.951503
-3.9035616,-2.4460108,-13.95156
-3.9030645,-2.4449332,-13.951617
-3.9025674,-2.4438555,-13.951674
-3.9020445,-2.4427416,-13.951739
-3.9015954,-2.441807,-13.9518
-3.9011462,-2.4408724,-13.951861
-3.900697,-2.4399378,-13.951922
-3.9002478,-2.4390032,-13.951983
-3.8997986,-2.4380686,-13.9520445
-3.8993495,-2.437134,-13.9521055
-3.8989003,-2.4361994,-13.952167
-3.898451,-2.4352648,-13.952228
-3.898002,-2.4343302,-13.952289
-3.8975527,-2.4333956,-13.95235
-3.8971035,-2.432461,-13.952411
-3.8966544,-2.4315264,-13.952472
-3.8962052,-2.4305918,-13.952533
-3.895756,-2.4296572,-13.952594
-3.8953068,-2.4287226,-13.952655
-3.8948576,-2.427788,-13.952716
-3.8944085,-2.4268534,-13.952777
-3.8939593,-2.4259188,-13.952838
-3.89351,-2.4249842,-13.952899
-3.893061,-2.4240496,-13.95296
-3.8926117,-2.423115,-13.953021
-3.8921733,-2.4221888,-13.953078
-3.8916655,-2.4210622,-13.9531355
-3.8911576,-2.4199357,-13.953193
-3.8906498,-2.4188092,-13.95325
-3.890142,-2.4176826,-13.953307
-3.8896341,-2.4165561,-13.953364
-3.8891263,-2.4154296,-13.953422
-3.8886185,-2.414303,-13.953479
-3.8881106,-2.4131765,-13.953536
-3.8876028,-2.41205,-13.953593
-3.887095,-2.4109235,-13.95365
-3.8865871,-2.409797,-13.953708
-3.8860793,-2.4086704,-13.953765
-3.8855715,-2.407544,-13.953822
-3.8850636,-2.4064174,-13.953879
-3.8845558,-2.4052908,-13.953937
-3.884048,-2.4041643,-13.953994
-3.8835402,-2.4030378,-13.954051
-3.8831067,-2.402101,-13.954104
-3.882609,-2.4010339,-13.954167
-3.882111,-2.3999667,-13.95423
-3.8816133,-2.3988996,-13.954293
-3.8811154,-2.3978324,-13.954356
-3.8806176,-2.3967652,-13.954419
-3.8801198,-2.395698,-13.954482
-3.879622,-2.394631,-13.954545
-3.8791242,-2.3935637,-13.954608
-3.8786263,-2.3924966,-13.954671
-3.8781285,-2.3914294,-13.954734
-3.8776307,-2.3903623,-13.954797
-3.877133,-2.389295,-13.95486
-3.876635,-2.388228,-13.954923
-3.8761373,-2.3871608,-13.954986
-3.8756607,-2.3861506,-13.955048
-3.8751667,-2.3851836,-13.955124
-3.8746727,-2.3842165,-13.9552
-3.8741786,-2.3832495,-13.9552765
-3.8736846,-2.3822825,-13.955353
-3.8731906,-2.3813155,-13.955429
-3.8726966,-2.3803484,-13.955505
-3.8722026,-2.3793814,-13.955582
-3.8717086,-2.3784144,-13.955658
-3.8712146,-2.3774474,-13.955734
-3.8707206,-2.3764803,-13.955811
-3.8702266,-2.3755133,-13.955887
-3.8697996,-2.3745255,-13.955927
-3.869437,-2.3735878,-13.955944
-3.8690743,-2.3726501,-13.955961
-3.8687117,-2.3717124,-13.955978
-3.868349,-2.3707747,-13.955996
-3.8679864,-2.369837,-13.956013
-3.8676238,-2.3688993,-13.95603
-3.8672612,-2.3679616,-13.956047
-3.8668985,-2.367024,-13.956064
-3.866536,-2.3660862,-13.956081
-3.8661492,-2.3651226,-13.956104
-3.8657506,-2.3641915,-13.956136
-3.865352,-2.3632605,-13.956167
-3.8649533,-2.3623295,-13.956199
-3.8645546,-2.3613985,-13.95623
-3.864156,-2.3604674,-13.956262
-3.8637574,-2.3595364,-13.956293
-3.8633587,-2.3586054,-13.956325
-3.8629448,-2.357646,-13.956362
-3.8625176,-2.3566675,-13.956408
-3.8620903,-2.355689,-13.956453
-3.861663,-2.3547106,-13.956499
-3.8612359,-2.353732,-13.956545
-3.8608086,-2.3527536,-13.956591
-3.8603814,-2.3517752,-13.956636
-3.859954,-2.3507967,-13.956682
-3.8595269,-2.3498182,-13.956728
-3.8590996,-2.3488398,-13.956774
-3.8586724,-2.3478613,-13.95682
-3.8582451,-2.3468828,-13.956865
-3.8578165,-2.3458545,-13.956902
-3.8574123,-2.3448126,-13.956921
-3.8570082,-2.3437707,-13.95694
-3.856604,-2.3427289,-13.956959
-3.8562,-2.341687,-13.956978
-3.8557959,-2.340645,-13.956997
-3.8553917,-2.3396032,-13.957016
-3.8549876,-2.3385613,-13.957035
-3.8545835,-2.3375194,-13.957054
-3.8541794,-2.3364775,-13.957073
-3.8537753,-2.3354356,-13.957092
-3.8533711,-2.3343937,-13.957111
-3.852967,-2.3333519,-13.95713
-3.852563,-2.33231,-13.9571495
-3.8521588,-2.331268,-13.957169
-3.8517547,-2.3302262,-13.957188
-3.8513505,-2.3291843,-13.957207
-3.8509464,-2.3281424,-13.957226
-3.8505423,-2.3271005,-13.957245
-3.850117,-2.325961,-13.957257
-3.8497088,-2.3247375,-13.957246
-3.8493006,-2.323514,-13.957234
-3.8488925,-2.3222904,-13.957223
-3.8484843,-2.3210669,-13.9572115
-3.848076,-2.3198433,-13.9572
-3.847668,-2.3186197,-13.957189
-3.8472598,-2.3173962,-13.957177
-3.8468516,-2.3161726,-13.957166
-3.8464434,-2.314949,-13.957154
-3.8460352,-2.3137255,-13.957143
-3.845627,-2.312502,-13.957131
-3.845219,-2.3112783,-13.95712
-3.8448107,-2.3100548,-13.9571085
-3.8444026,-2.3088312,-13.957097
-3.8439944,-2.3076077,-13.957086
-3.8435862,-2.306384,-13.957074
-3.843178,-2.3051605,-13.957063
-3.8427699,-2.303937,-13.957051
-3.8423617,-2.3027134,-13.95704
-3.8419535,-2.3014898,-13.957028
-3.8415453,-2.3002663,-13.957017
-3.8411372,-2.2990427,-13.9570055
-3.840729,-2.2978191,-13.956994
-3.8403208,-2.2965956,-13.956983
-3.8399127,-2.295372,-13.956971
-3.8395045,-2.2941484,-13.95696
-3.8391793,-2.2930214,-13.956923
-3.838937,-2.291991,-13.95686
-3.8386948,-2.2909606,-13.956797
-3.8384526,-2.28993,-13.956734
-3.8382103,-2.2888997,-13.956671
-3.837968,-2.2878692,-13.956608
-3.8377259,-2.2868388,-13.956545
-3.8374836,-2.2858083,-13.956482
-3.8372414,-2.2847779,-13.956419
-3.8369992,-2.2837474,-13.956356
-3.836757,-2.282717,-13.956293
-3.8365147,-2.2816865,-13.95623
-3.8362725,-2.280656,-13.956167
-3.8360302,-2.2796257,-13.956104
-3.835788,-2.2785952,-13.956041
-3.8355458,-2.2775648,-13.955978
-3.8353035,-2.2765343,-13.955915
-3.8350613,-2.2755039,-13.9558525
-3.834819,-2.2744734,-13.95579
-3.8345768,-2.273443,-13.955727
-3.8343346,-2.2724125,-13.955664
-3.8340924,-2.271382,-13.955601
-3.8338501,-2.2703516,-13.955538
-3.833608,-2.2693212,-13.955475
-3.8333657,-2.2682908,-13.955412
-3.8331234,-2.2672603,-13.955349
-3.8328812,-2.2662299,-13.955286
-3.832639,-2.2651994,-13.955223
-3.8323967,-2.264169,-13.95516
-3.8321545,-2.2631385,-13.955097
-3.8319123,-2.262108,-13.955034
-3.83167,-2.2610776,-13.954971
-3.8314278,-2.2600472,-13.954908
-3.8311856,-2.2590168,-13.954845
-3.8309433,-2.2579863,-13.9547825
-3.830701,-2.2569559,-13.95472
-3.8304589,-2.2559254,-13.954657
-3.8302166,-2.254895,-13.954594
-3.8299744,-2.2538645,-13.954531
-3.8297322,-2.252834,-13.954468
-3.82949,-2.2518036,-13.954405
-3.8292477,-2.2507732,-13.954342
-3.8290055,-2.2497427,-13.954279
-3.8287632,-2.2487123,-13.954216
-3.828521,-2.2476819,-13.954153
-3.8282788,-2.2466514,-13.95409
-3.8280365,-2.245621,-13.954027
-3.8277943,-2.2445905,-13.953964
-3.8275235,-2.2433527,-13.953878
-3.827224,-2.2419074,-13.95377
-3.8269246,-2.240462,-13.953661
-3.826625,-2.2390168,-13.953552
-3.8263257,-2.2375715,-13.953444
-3.8260262,-2.2361262,-13.953335
-3.8257267,-2.234681,-13.953226
-3.8254273,-2.2332356,-13.953117
-3.8251278,-2.2317903,-13.953009
-3.8248284,-2.230345,-13.9529
-3.824529,-2.2288997,-13.952791
-3.8242295,-2.2274544,-13.9526825
-3.82393,-2.2260091,-13.952574
-3.8236306,-2.2245638,-13.952465
-3.823331,-2.2231185,-13.952356
-3.8230317,-2.2216733,-13.952248
-3.8227322,-2.220228,-13.952139
-3.8224328,-2.2187827,-13.95203
-3.8221333,-2.2173374,-13.951921
-3.8218338,-2.215892,-13.951813
-3.8215344,-2.2144468,-13.951704
-3.821235,-2.2130015,-13.951595
-3.8209355,-2.2115562,-13.951487
-3.820636,-2.210111,-13.951378
-3.8203366,-2.2086656,-13.951269
-3.8200371,-2.2072203,-13.95116
-3.8197377,-2.205775,-13.951052
-3.8194382,-2.2043297,-13.950943
-3.8191388,-2.2028844,-13.950834
-3.8188393,-2.2014391,-13.950726
-3.8185399,-2.1999938,-13.950617
-3.8182404,-2.1985486,-13.950508
-3.8179255,-2.1969943,-13.950389
-3.817595,-2.195331,-13.950259
-3.8172646,-2.193668,-13.9501295
-3.816934,-2.1920047,-13.95
-3.8166037,-2.1903415,-13.94987
-3.8162732,-2.1886783,-13.94974
-3.8159428,-2.187015,-13.949611
-3.8156123,-2.1853518,-13.949481
-3.8152819,-2.1836886,-13.949351
-3.8149514,-2.1820254,-13.949222
-3.814621,-2.1803622,-13.949092
-3.8142905,-2.178699,-13.948962
-3.81396,-2.1770358,-13.9488325
-3.8136296,-2.1753726,-13.948703
-3.8132992,-2.1737094,-13.948573
-3.8129687,-2.1720462,-13.948443
-3.8126383,-2.170383,-13.948314
-3.8123078,-2.1687198,-13.948184
-3.8119774,-2.1670566,-13.948054
-3.811647,-2.1653934,-13.947925
-3.8113165,-2.1637301,-13.947795
-3.810986,-2.162067,-13.947665
-3.8106556,-2.1604037,-13.9475355
-3.8103251,-2.1587405,-13.947406
-3.8099947,-2.1570773,-13.947276
-3.8096642,-2.155414,-13.947146
-3.8093338,-2.153751,-13.947017
-3.8090034,-2.1520877,-13.946887
-3.808673,-2.1504245,-13.946757
-3.8083425,-2.1487613,-13.946628
-3.808012,-2.147098,-13.946498
-3.8076816,-2.1454349,-13.946368
-3.807351,-2.1437716,-13.9462385
-3.8070207,-2.1421084,-13.946109
-3.8066902,-2.1404452,-13.945979
-3.8063598,-2.138782,-13.945849
-3.8060293,-2.1371188,-13.94572
-3.8056989,-2.1354556,-13.94559
-3.8053684,-2.1337924,-13.94546
-3.805038,-2.1321292,-13.945331
-3.8047075,-2.130466,-13.945201
-3.804377,-2.1288028,-13.945071
-3.8040466,-2.1271396,-13.9449415
-3.8037162,-2.1254764,-13.944812
-3.8034623,-2.1242049,-13.944713
-3.8031962,-2.1228852,-13.94461
-3.80293,-2.1215656,-13.944507
-3.802664,-2.120246,-13.944404
-3.802398,-2.1189263,-13.944301
-3.802132,-2.1176066,-13.944198
-3.8018658,-2.116287,-13.944095
-3.8015997,-2.1149673,-13.943992
-3.8013337,-2.1136477,-13.943889
-3.8010676,-2.112328,-13.943786
-3.8008015,-2.1110084,-13.943683
-3.8005354,-2.1096888,-13.94358
-3.8002694,-2.108369,-13.943477
-3.8000033,-2.1070495,-13.943374
-3.7997372,-2.1057298,-13.943271
-3.7994711,-2.1044102,-13.943168
-3.799205,-2.1030905,-13.943065
-3.798939,-2.1017709,-13.942962
-3.798673,-2.1004512,-13.942859
-3.7984068,-2.0991316,-13.942756
-3.7981408,-2.097812,-13.942653
-3.7978747,-2.0964923,-13.94255
-3.7976086,-2.0951726,-13.942447
-3.7973425,-2.093853,-13.942344
-3.7970765,-2.0925333,-13.942241
-3.7968104,-2.0912137,-13.942138
-3.7965443,-2.089894,-13.942035
-3.7962782,-2.0885744,-13.941932
-3.7960122,-2.0872548,-13.941829
-3.795746,-2.085935,-13.941726
-3.7955122,-2.0849512,-13.941641
-3.7949328,-2.0841465,-13.9418125
-3.7943907,-2.0833154,-13.941959
-3.7939556,-2.0823855,-13.942031
-3.7935205,-2.0814557,-13.942102
-3.7930853,-2.0805259,-13.942174
-3.7926161,-2.0795617,-13.9422655
-3.7921393,-2.078639,-13.94238
-3.7916625,-2.0777164,-13.942494
-3.7911856,-2.0767937,-13.942609
-3.7907088,-2.075871,-13.942723
-3.790232,-2.0749483,-13.942838
-3.789755,-2.0740256,-13.942952
-3.7892783,-2.073103,-13.943067
-3.7888014,-2.0721803,-13.943181
-3.7883246,-2.0712576,-13.9432955
-3.7878585,-2.0702314,-13.94338
-3.7874136,-2.0692215,-13.943455
-3.7869687,-2.0682116,-13.943529
-3.7865238,-2.0672016,-13.9436035
-3.786079,-2.0661917,-13.943678
-3.785634,-2.0651817,-13.943752
-3.7851892,-2.0641718,-13.943827
-3.7847443,-2.0631618,-13.943901
-3.7842994,-2.062152,-13.943975
-3.7838545,-2.061142,-13.94405
-3.7834096,-2.060132,-13.944124
-3.7829647,-2.059122,-13.944199
-3.7825198,-2.0581121,-13.944273
-3.782075,-2.0571022,-13.944347
-3.78163,-2.0560923,-13.944422
-3.7812326,-2.0551746,-13.944486
-3.7808292,-2.054197,-13.944543
-3.7804258,-2.0532196,-13.9446
-3.7800224,-2.052242,-13.944657
-3.779619,-2.0512645,-13.944715
-3.7792156,-2.050287,-13.944772
-3.7788122,-2.0493095,-13.944829
-3.7784088,-2.048332,-13.944886
-3.7780054,-2.0473545,-13.944943
-3.777602,-2.046377,-13.945001
-3.7771986,-2.0453994,-13.945058
-3.7767951,-2.044422,-13.945115
-3.7763917,-2.0434444,-13.945172
-3.7759883,-2.0424669,-13.94523
-3.775585,-2.0414894,-13.945287
-3.7751815,-2.0405118,-13.945344
-3.7747781,-2.0395343,-13.945401
-3.7743747,-2.0385568,-13.945458
-3.7739713,-2.0375793,-13.945516
-3.773568,-2.0366018,-13.945573
-3.7731645,-2.0356243,-13.94563
-3.772761,-2.0346467,-13.945687
-3.7723577,-2.0336692,-13.9457445
-3.7719543,-2.0326917,-13.945802
-3.7715015,-2.0315404,-13.945854
-3.7710617,-2.0304067,-13.945902
-3.7706218,-2.029273,-13.94595
-3.770182,-2.0281394,-13.945997
-3.769742,-2.0270057,-13.946045
-3.7693021,-2.025872,-13.946093
-3.7688622,-2.0247383,-13.94614
-3.7684224,-2.0236046,-13.946188
-3.7679825,-2.022471,-13.946236
-3.7675426,-2.0213373,-13.946283
-3.7671027,-2.0202036,-13.946331
-3.7666628,-2.01907,-13.946379
-3.766223,-2.0179362,-13.946426
-3.765783,-2.0168025,-13.946474
-3.7653432,-2.0156689,-13.946522
-3.7649033,-2.0145352,-13.946569
-3.7644634,-2.0134015,-13.946617
-3.7640235,-2.0122678,-13.946665
-3.763681,-2.0113287,-13.946692
-3.7633476,-2.0103574,-13.94671
-3.7630143,-2.009386,-13.946727
-3.762681,-2.0084147,-13.946744
-3.7623477,-2.0074434,-13.946761
-3.7620144,-2.006472,-13.946778
-3.761681,-2.0055008,-13.946795
-3.7613478,-2.0045295,-13.946813
-3.7610145,-2.0035582,-13.94683
-3.7606812,-2.0025868,-13.946847
-3.7603478,-2.0016155,-13.946864
-3.7600145,-2.0006442,-13.946881
-3.7596812,-1.9996729,-13.946898
-3.759348,-1.9987016,-13.946916
-3.7590146,-1.9977303,-13.946933
-3.7586813,-1.9967589,-13.94695
-3.758348,-1.9957876,-13.946967
-3.7580147,-1.9948163,-13.946984
-3.7576778,-1.9938661,-13.947008
-3.757264,-1.9928806,-13.947075
-3.75685,-1.9918951,-13.947142
-3.756436,-1.9909096,-13.947208
-3.7560222,-1.9899241,-13.947275
-3.7556083,-1.9889386,-13.947342
-3.7551944,-1.9879531,-13.947409
-3.7547805,-1.9869676,-13.947475
-3.7543666,-1.9859821,-13.947542
-3.7539527,-1.9849966,-13.947609
-3.7535388,-1.984011,-13.947676
-3.753125,-1.9830256,-13.947742
-3.752711,-1.98204,-13.947809
-3.7522972,-1.9810545,-13.947876
-3.7518833,-1.980069,-13.947943
-3.7514133,-1.9790648,-13.948037
-3.7509434,-1.9780606,-13.948132
-3.7504735,-1.9770564,-13.948226
-3.7500036,-1.9760522,-13.94832
-3.7495337,-1.975048,-13.948415
-3.7490637,-1.9740437,-13.948509
-3.7485938,-1.9730395,-13.948604
-3.748124,-1.9720353,-13.948698
-3.7476737,-1.9710779,-13.94879
-3.7472198,-1.9701717,-13.948896
-3.7467659,-1.9692655,-13.949003
-3.746312,-1.9683592,-13.94911
-3.745858,-1.967453,-13.949217
-3.745404,-1.9665468,-13.949324
-3.74495,-1.9656405,-13.94943
-3.7445805,-1.9646978,-13.9494705
-3.7443252,-1.9637129,-13.949422
-3.7440631,-1.962729,-13.949366
-3.7438045,-1.9617646,-13.949308
-3.7435458,-1.9608002,-13.949251
-3.743287,-1.9598358,-13.949194
-3.7430284,-1.9588714,-13.949137
-3.7427697,-1.957907,-13.9490795
-3.742511,-1.9569426,-13.949022
-3.7422523,-1.9559782,-13.948965
-3.7419937,-1.9550138,-13.948908
-3.741735,-1.9540493,-13.948851
-3.7414763,-1.953085,-13.948793
-3.7412176,-1.9521205,-13.948736
-3.740959,-1.9511561,-13.948679
-3.7407002,-1.9501917,-13.948622
-3.7404416,-1.9492273,-13.948565
-3.7401829,-1.9482629,-13.948507
-3.7399242,-1.9472985,-13.94845
-3.7396655,-1.9463341,-13.948393
-3.7393577,-1.9451971,-13.948322
-3.7389736,-1.9437809,-13.948234
-3.7385895,-1.9423647,-13.948145
-3.7382054,-1.9409485,-13.948056
-3.7378213,-1.9395323,-13.947968
-3.7374372,-1.9381161,-13.947879
-3.7370532,-1.9366999,-13.94779
-3.736669,-1.9352837,-13.947701
-3.736285,-1.9338675,-13.947613
-3.7359009,-1.9324512,-13.947524
-3.7355168,-1.931035,-13.947435
-3.7351327,-1.9296188,-13.947347
-3.7347486,-1.9282026,-13.947258
-3.7343645,-1.9267864,-13.947169
-3.7339804,-1.9253702,-13.947081
-3.7335963,-1.923954,-13.946992
-3.7332122,-1.9225378,-13.946903
-3.7328281,-1.9211216,-13.946815
-3.732444,-1.9197054,-13.946726
-3.73206,-1.9182892,-13.946637
-3.7316759,-1.916873,-13.946548
-3.7312918,-1.9154568,-13.94646
-3.7309077,-1.9140406,-13.946371
-3.7305236,-1.9126244,-13.946282
-3.7301395,-1.9112082,-13.946194
-3.7297554,-1.909792,-13.946105
-3.7293713,-1.9083757,-13.946016
-3.7289872,-1.9069595,-13.945928
-3.7286031,-1.9055433,-13.945839
-3.728219,-1.9041271,-13.94575
-3.727835,-1.9027109,-13.945662
-3.7274508,-1.9012947,-13.945573
-3.7270925,-1.8999039,-13.945467
-3.7267342,-1.8985131,-13.945361
-3.7263758,-1.8971223,-13.945255
-3.7260175,-1.8957314,-13.945149
-3.7256591,-1.8943406,-13.945044
-3.7253008,-1.8929498,-13.944938
-3.7249424,-1.891559,-13.944832
-3.724584,-1.8901682,-13.944726
-3.7242258,-1.8887774,-13.94462
-3.7238674,-1.8873866,-13.944514
-3.723509,-1.8859957,-13.944408
-3.7231507,-1.8846049,-13.944303
-3.7227924,-1.8832141,-13.944197
-3.722434,-1.8818233,-13.944091
-3.7220757,-1.8804325,-13.943985
-3.7217174,-1.8790417,-13.943879
-3.721359,-1.8776509,-13.943773
-3.7210007,-1.87626,-13.943667
-3.7206423,-1.8748692,-13.943562
-3.720284,-1.8734784,-13.943456
-3.7199256,-1.8720876,-13.94335
-3.7195673,-1.8706968,-13.943244
-3.719209,-1.869306,-13.943138
-3.7188506,-1.8679152,-13.943032
-3.7184923,-1.8665243,-13.942926
-3.718134,-1.8651335,-13.942821
-3.7177756,-1.8637427,-13.942715
-3.7174172,-1.8623519,-13.942609
-3.717059,-1.8609611,-13.942503
-3.7167006,-1.8595703,-13.942397
-3.7163422,-1.8581795,-13.942291
-3.7159839,-1.8567886,-13.942185
-3.7156835,-1.8557119,-13.942113
-3.715383,-1.8546352,-13.94204
-3.7150826,-1.8535585,-13.941968
-3.7147822,-1.8524818,-13.9418955
-3.7144818,-1.8514051,-13.941823
-3.7141814,-1.8503284,-13.941751
-3.713881,-1.8492517,-13.941678
-3.7135806,-1.848175,-13.941606
-3.7132802,-1.8470984,-13.941533
-3.7129798,-1.8460217,-13.941461
-3.7126794,-1.844945,-13.941388
-3.712379,-1.8438683,-13.941316
-3.7120786,-1.8427916,-13.941243
-3.7117782,-1.8417149,-13.941171
-3.7114778,-1.8406382,-13.941098
-3.7111773,-1.8395615,-13.941026
-3.710877,-1.8384848,-13.940953
-3.7105765,-1.8374081,-13.940881
-3.7102761,-1.8363314,-13.940808
-3.7099757,-1.8352547,-13.940736
-3.7096753,-1.834178,-13.940663
-3.709375,-1.8331013,-13.940591
-3.708981,-1.8321178,-13.940606
-3.7085712,-1.8311994,-13.940649
-3.7081614,-1.830281,-13.940692
-3.7077515,-1.8293626,-13.940735
-3.7073417,-1.8284442,-13.940778
-3.7069318,-1.8275259,-13.940821
-3.706522,-1.8266075,-13.940864
-3.7061121,-1.8256891,-13.940907
-3.7057023,-1.8247707,-13.940949
-3.7052925,-1.8238523,-13.940992
-3.7048707,-1.8228345,-13.941016
-3.7045102,-1.8217722,-13.940983
-3.7041497,-1.82071,-13.940949
-3.7037892,-1.8196477,-13.940916
-3.7034287,-1.8185854,-13.940883
-3.7030683,-1.8175231,-13.940849
-3.7027078,-1.8164608,-13.940816
-3.7023473,-1.8153986,-13.940783
-3.7019868,-1.8143363,-13.940749
-3.7016263,-1.813274,-13.940716
-3.7012658,-1.8122118,-13.940682
-3.7009053,-1.8111495,-13.940649
-3.7005792,-1.8100998,-13.940593
-3.7002358,-1.8089111,-13.940509
-3.6998925,-1.8077223,-13.940425
-3.6995492,-1.8065336,-13.940341
-3.6992059,-1.8053448,-13.940257
-3.6988626,-1.8041561,-13.940173
-3.6985192,-1.8029673,-13.940089
-3.698176,-1.8017786,-13.940005
-3.6978326,-1.8005898,-13.939921
-3.6974893,-1.799401,-13.939837
-3.697146,-1.7982123,-13.939754
-3.6968026,-1.7970235,-13.93967
-3.6964593,-1.7958348,-13.939586
-3.696116,-1.794646,-13.939502
-3.6957726,-1.7934573,-13.939418
-3.6954293,-1.7922685,-13.939334
-3.695086,-1.7910798,-13.93925
-3.6947427,-1.789891,-13.939166
-3.6943994,-1.7887022,-13.939082
-3.694056,-1.7875135,-13.938998
-3.6937127,-1.7863247,-13.938914
-3.6933694,-1.785136,-13.93883
-3.693026,-1.7839472,-13.938746
-3.6927478,-1.7829072,-13.938655
-3.6924696,-1.7818673,-13.938563
-3.6921914,-1.7808273,-13.938472
-3.6919131,-1.7797873,-13.93838
-3.691635,-1.7787473,-13.938289
-3.6913567,-1.7777073,-13.938197
-3.6910784,-1.7766674,-13.938106
-3.6908002,-1.7756274,-13.938014
-3.690522,-1.7745874,-13.9379225
-3.6902437,-1.7735474,-13.937831
-3.6899655,-1.7725074,-13.937739
-3.6896873,-1.7714674,-13.937648
-3.689409,-1.7704275,-13.937556
-3.6891308,-1.7693875,-13.937465
-3.6888525,-1.7683475,-13.937373
-3.6885743,-1.7673075,-13.937282
-3.688296,-1.7662675,-13.93719
-3.6880178,-1.7652276,-13.9370985
-3.6877396,-1.7641876,-13.937007
-3.6874614,-1.7631476,-13.936915
-3.6871831,-1.7621076,-13.936824
-3.686905,-1.7610676,-13.936732
-3.6866267,-1.7600276,-13.936641
-3.6863484,-1.7589877,-13.936549
-3.6860702,-1.7579477,-13.936458
-3.685792,-1.7569077,-13.936366
-3.6855137,-1.7558677,-13.936275
-3.6852355,-1.7548277,-13.936183
-3.6849573,-1.7537878,-13.936091
-3.684679,-1.7527478,-13.936
-3.6844008,-1.7517078,-13.935908
-3.6841226,-1.7506678,-13.935817
-3.6838443,-1.7496278,-13.935725
-3.683566,-1.7485878,-13.935634
-3.6832879,-1.7475479,-13.935542
-3.6830096,-1.7465079,-13.935451
-3.6827614,-1.7455223,-13.935351
-3.6824505,-1.7442443,-13.935214
-3.6821396,-1.7429664,-13.935077
-3.6818287,-1.7416885,-13.934939
-3.6815178,-1.7404106,-13.934802
-3.681207,-1.7391326,-13.934665
-3.680896,-1.7378547,-13.934527
-3.6805851,-1.7365768,-13.93439
-3.6802742,-1.7352989,-13.934253
-3.6799634,-1.734021,-13.934115
-3.6796525,-1.732743,-13.933978
-3.6793416,-1.7314651,-13.933841
-3.6790307,-1.7301872,-13.933703
-3.6787198,-1.7289093,-13.933566
-3.6784089,-1.7276313,-13.933429
-3.678098,-1.7263534,-13.933291
-3.677787,-1.7250755,-13.933154
-3.6774762,-1.7237976,-13.933017
-3.6771653,-1.7225196,-13.932879
-3.6768544,-1.7212417,-13.932742
-3.6765747,-1.7200997,-13.932621
-3.6762958,-1.7189982,-13.932512
-3.6760168,-1.7178967,-13.932404
-3.6757379,-1.7167952,-13.932295
-3.675459,-1.7156937,-13.932186
-3.67518,-1.7145922,-13.932077
-3.674901,-1.7134907,-13.931969
-3.674622,-1.7123892,-13.93186
-3.674343,-1.7112877,-13.931751
-3.6740642,-1.7101862,-13.931643
-3.6737852,-1.7090847,-13.931534
-3.6735063,-1.7079833,-13.931425
-3.6732273,-1.7068818,-13.931316
-3.6729484,-1.7057803,-13.931208
-3.6726694,-1.7046788,-13.931099
-3.6723905,-1.7035773,-13.93099
-3.6721342,-1.7025318,-13.930878
-3.6718729,-1.7014465,-13.930756
-3.6716115,-1.7003613,-13.930634
-3.6713502,-1.699276,-13.930511
-3.671089,-1.6981907,-13.930389
-3.6708276,-1.6971054,-13.930267
-3.6705663,-1.6960201,-13.930145
-3.670305,-1.6949348,-13.930023
-3.6700437,-1.6938496,-13.929901
-3.6697824,-1.6927643,-13.929779
-3.669521,-1.691679,-13.929657
-3.6692936,-1.6907085,-13.929543
-3.6690733,-1.6896129,-13.929382
-3.668853,-1.6885172,-13.929222
-3.6686327,-1.6874216,-13.929062
-3.6684124,-1.6863259,-13.928902
-3.6681921,-1.6852303,-13.928741
-3.6679718,-1.6841346,-13.928581
-3.6677516,-1.683039,-13.928421
-3.6675313,-1.6819433,-13.928261
-3.667311,-1.6808476,-13.928101
-3.6670907,-1.679752,-13.92794
-3.6668704,-1.6786563,-13.92778
-3.66665,-1.6775607,-13.92762
-3.6664298,-1.676465,-13.92746
-3.6662445,-1.6754637,-13.927297
-3.6660628,-1.6744001,-13.927108
-3.6658812,-1.6733365,-13.926919
-3.6656995,-1.6722729,-13.92673
-3.6655178,-1.6712093,-13.926541
-3.6653361,-1.6701458,-13.9263525
-3.6651545,-1.6690822,-13.926164
-3.6649728,-1.6680186,-13.925975
-3.664791,-1.666955,-13.925786
-3.6646094,-1.6658914,-13.925597
-3.6644278,-1.6648278,-13.925408
-3.664246,-1.6637642,-13.92522
-3.6640644,-1.6627007,-13.925031
-3.6638827,-1.6616371,-13.924842
-3.663701,-1.6605735,-13.924653
-3.6635194,-1.6595099,-13.924464
-3.6632545,-1.6583647,-13.924311
-3.66302,-1.6573967,-13.924189
-3.6627853,-1.6564287,-13.924067
-3.6625507,-1.6554607,-13.923944
-3.662316,-1.6544927,-13.923822
-3.6620815,-1.6535248,-13.9237
-3.6618469,-1.6525568,-13.923578
-3.6616123,-1.6515888,-13.923456
-3.6613777,-1.6506208,-13.923334
-3.661143,-1.6496528,-13.923212
-3.6609085,-1.6486849,-13.92309
-3.6606739,-1.6477169,-13.922968
-3.6604393,-1.6467489,-13.922846
-3.6602046,-1.6457809,-13.922724
-3.65997,-1.644813,-13.922602
-3.6597354,-1.643845,-13.92248
-3.6595008,-1.642877,-13.922358
-3.6592662,-1.641909,-13.9222355
-3.6590316,-1.640941,-13.922113
-3.658797,-1.639973,-13.921991
-3.6585624,-1.6390051,-13.921869
-3.6583278,-1.6380371,-13.921747
-3.6580794,-1.637052,-13.92163
-3.6577895,-1.6360159,-13.921527
-3.6574996,-1.6349797,-13.921424
-3.6572096,-1.6339436,-13.921321
-3.6569197,-1.6329074,-13.921218
-3.6566298,-1.6318712,-13.921115
-3.65634,-1.630835,-13.921012
-3.65605,-1.6297989,-13.920909
-3.65576,-1.6287627,-13.920806
-3.6554701,-1.6277266,-13.920703
-3.6551802,-1.6266904,-13.9206
-3.6548903,-1.6256542,-13.920497
-3.6546004,-1.624618,-13.920394
-3.6543105,-1.6235819,-13.920291
-3.6540205,-1.6225457,-13.920188
-3.6537306,-1.6215096,-13.920085
-3.6534407,-1.6204734,-13.919982
-3.6531508,-1.6194372,-13.919879
-3.6528609,-1.618401,-13.919776
-3.652571,-1.6173649,-13.919673
-3.652281,-1.6163287,-13.91957
-3.6519911,-1.6152925,-13.919467
-3.6517012,-1.6142564,-13.919364
-3.6514113,-1.6132202,-13.919261
-3.6511018,-1.6120967,-13.919146
-3.6508257,-1.6110574,-13.919031
-3.6505497,-1.6100181,-13.918917
-3.6502736,-1.6089789,-13.918802
-3.6499975,-1.6079396,-13.918688
-3.6497214,-1.6069003,-13.918573
-3.6494453,-1.6058611,-13.918459
-3.6491692,-1.6048218,-13.9183445
-3.648893,-1.6037825,-13.91823
-3.648617,-1.6027433,-13.918116
-3.648341,-1.601704,-13.918001
-3.6480649,-1.6006647,-13.917887
-3.6477888,-1.5996255,-13.917772
-3.6475127,-1.5985862,-13.917658
-3.6472366,-1.5975469,-13.917543
-3.6469605,-1.5965077,-13.917429
-3.6467054,-1.5954419,-13.917286
-3.6464503,-1.5943762,-13.917143
-3.6461952,-1.5933105,-13.917
-3.64594,-1.5922447,-13.916857
-3.645685,-1.591179,-13.916714
-3.6454298,-1.5901133,-13.916571
-3.6451747,-1.5890476,-13.916428
-3.6449196,-1.5879818,-13.916285
-3.6446645,-1.5869161,-13.9161415
-3.6444094,-1.5858504,-13.915998
-3.6441066,-1.5848376,-13.915913
-3.643792,-1.583838,-13.915841
-3.6434772,-1.5828384,-13.91577
-3.6431625,-1.5818388,-13.915698
-3.6428478,-1.5808393,-13.915627
-3.642533,-1.5798397,-13.915555
-3.6422083,-1.5788126,-13.915479
-3.6418953,-1.5778239,-13.915404
-3.6415823,-1.5768352,-13.91533
-3.6412692,-1.5758464,-13.915256
-3.6409562,-1.5748577,-13.915181
-3.6406431,-1.573869,-13.915107
-3.64033,-1.5728803,-13.915032
-3.640021,-1.5719104,-13.914964
-3.639712,-1.5709405,-13.914895
-3.639403,-1.5699706,-13.914826
-3.639094,-1.5690007,-13.914758
-3.6387851,-1.5680308,-13.914689
-3.6384761,-1.567061,-13.91462
-3.6381671,-1.5660911,-13.914552
-3.6378582,-1.5651212,-13.914483
-3.6375492,-1.5641513,-13.914414
-3.6372402,-1.5631814,-13.914346
-3.6369312,-1.5622115,-13.914277
-3.6366222,-1.5612416,-13.914208
-3.6363132,-1.5602717,-13.91414
-3.6360042,-1.5593019,-13.914071
-3.6356952,-1.558332,-13.914002
-3.635383,-1.5573528,-13.913933
-3.6350539,-1.5563271,-13.913858
-3.6347249,-1.5553014,-13.913784
-3.6343958,-1.5542758,-13.91371
-3.6340668,-1.5532501,-13.913635
-3.6337378,-1.5522244,-13.913561
-3.6334088,-1.5511987,-13.9134865
-3.6330798,-1.550173,-13.913412
-3.6327507,-1.5491474,-13.913338
-3.6324217,-1.5481217,-13.913263
-3.6320927,-1.547096,-13.913189
-3.6317637,-1.5460703,-13.913115
-3.6314347,-1.5450447,-13.91304
-3.6311057,-1.544019,-13.912966
-3.6307766,-1.5429933,-13.912891
-3.6304471,-1.5419676,-13.912818
-3.6301153,-1.540942,-13.912749
-3.6297834,-1.5399163,-13.912681
-3.6294515,-1.5388906,-13.912612
-3.6291196,-1.5378649,-13.912543
-3.6287878,-1.5368392,-13.912475
-3.6284559,-1.5358136,-13.912406
-3.628124,-1.5347879,-13.912337
-3.6278017,-1.5337907,-13.912271
-3.6274896,-1.532822,-13.912206
-3.6271775,-1.5318533,-13.912141
-3.6268654,-1.5308846,-13.912076
-3.6265533,-1.5299159,-13.912011
-3.6262412,-1.5289472,-13.911946
-3.6259575,-1.5278993,-13.911828
-3.6256962,-1.526897,-13.911706
-3.6254349,-1.5258946,-13.911584
-3.6251736,-1.5248923,-13.911462
-3.6249123,-1.52389,-13.91134
-3.624651,-1.5228877,-13.911218
-3.6243896,-1.5218854,-13.911096
-3.6241283,-1.5208831,-13.910974
-3.623867,-1.5198808,-13.9108515
-3.6236057,-1.5188785,-13.910729
-3.6233444,-1.5178761,-13.910607
-3.6230571,-1.5168189,-13.910488
-3.6227052,-1.5157374,-13.910414
-3.6223533,-1.514656,-13.910339
-3.6220014,-1.5135745,-13.910265
-3.6216495,-1.512493,-13.910191
-3.6212976,-1.5114115,-13.910116
-3.6209457,-1.5103301,-13.910042
-3.6205938,-1.5092486,-13.909967
-3.6202419,-1.5081671,-13.909893
-3.61989,-1.5070857,-13.909819
-3.619538,-1.5060042,-13.909744
-3.6191862,-1.5049227,-13.90967
-3.6188343,-1.5038413,-13.9095955
-3.6184824,-1.5027598,-13.909521
-3.6181304,-1.5016783,-13.909447
-3.6177785,-1.5005969,-13.909372
-3.6174266,-1.4995154,-13.909298
-3.6170747,-1.498434,-13.909224
-3.6167228,-1.4973525,-13.909149
-3.6164045,-1.4963036,-13.909056
-3.6160696,-1.4951562,-13.908941
-3.6157346,-1.4940088,-13.908827
-3.6153996,-1.4928614,-13.908712
-3.6150646,-1.491714,-13.908598
-3.6147296,-1.4905666,-13.9084835
-3.6143947,-1.4894192,-13.908369
-3.6140597,-1.4882718,-13.908255
-3.6137247,-1.4871244,-13.90814
-3.6133897,-1.485977,-13.908026
-3.6130548,-1.4848297,-13.907911
-3.6127198,-1.4836823,-13.907797
-3.6123848,-1.4825349,-13.907682
-3.6120498,-1.4813875,-13.907568
-3.6117148,-1.4802401,-13.907454
-3.6114135,-1.4790534,-13.907293
-3.6111903,-1.478083,-13.907141
-3.6109672,-1.4771127,-13.906988
-3.610744,-1.4761423,-13.906836
-3.6105208,-1.4751719,-13.906683
-3.6102977,-1.4742016,-13.90653
-3.6100745,-1.4732312,-13.906378
-3.6098514,-1.4722608,-13.906225
-3.6096282,-1.4712905,-13.906073
-3.609405,-1.4703201,-13.90592
-3.609182,-1.4693497,-13.905767
-3.6089587,-1.4683794,-13.905615
-3.6087356,-1.467409,-13.905462
-3.6085124,-1.4664387,-13.90531
-3.6082892,-1.4654683,-13.905157
-3.608066,-1.4644979,-13.9050045
-3.607843,-1.4635276,-13.904852
-3.6076198,-1.4625572,-13.904699
-3.6073966,-1.4615868,-13.904547
-3.6071734,-1.4606165,-13.904394
-3.6069503,-1.4596461,-13.904242
-3.6067271,-1.4586757,-13.904089
-3.606504,-1.4577054,-13.903936
-3.6062548,-1.4565878,-13.903755
-3.6060057,-1.4554702,-13.903574
-3.6057565,-1.4543526,-13.903393
-3.6055074,-1.453235,-13.903212
-3.6052582,-1.4521174,-13.90303
-3.605009,-1.4509999,-13.902849
-3.60476,-1.4498823,-13.902668
-3.6045108,-1.4487647,-13.902487
-3.6042616,-1.4476471,-13.902306
-3.6040125,-1.4465295,-13.902124
-3.6037633,-1.4454119,-13.901943
-3.6035142,-1.4442943,-13.901762
-3.603265,-1.4431767,-13.901581
-3.603016,-1.4420592,-13.9014
-3.6027668,-1.4409416,-13.901218
-3.6025176,-1.439824,-13.901037
-3.6022685,-1.4387064,-13.900856
-3.6020193,-1.4375888,-13.900675
-3.6018074,-1.4365852,-13.900501
-3.6016047,-1.43561,-13.90033
-3.601402,-1.4346349,-13.900158
-3.6011994,-1.4336598,-13.899986
-3.6009967,-1.4326847,-13.899815
-3.600794,-1.4317095,-13.899643
-3.6005914,-1.4307344,-13.899471
-3.6003888,-1.4297593,-13.8993
-3.600186,-1.4287841,-13.899128
-3.5999835,-1.427809,-13.898956
-3.5997808,-1.4268339,-13.898785
-3.5995781,-1.4258587,-13.898613
-3.5993755,-1.4248836,-13.898441
-3.5991728,-1.4239085,-13.89827
-3.5989702,-1.4229333,-13.898098
-3.5987675,-1.4219582,-13.897926
-3.5985649,-1.4209831,-13.897755
-3.5983622,-1.420008,-13.897583
-3.5981371,-1.4188945,-13.897381
-3.5979483,-1.4178946,-13.897186
-3.5977595,-1.4168947,-13.896992
-3.5975707,-1.4158947,-13.896797
-3.5973818,-1.4148948,-13.896603
-3.597193,-1.4138949,-13.896408
-3.5970042,-1.412895,-13.896214
-3.5968153,-1.411895,-13.896019
-3.5966265,-1.4108951,-13.895824
-3.5964377,-1.4098952,-13.89563
-3.5962489,-1.4088953,-13.895435
-3.59606,-1.4078953,-13.895241
-3.5958712,-1.4068954,-13.895046
-3.5956824,-1.4058955,-13.894852
-3.5954936,-1.4048955,-13.894657
-3.5953047,-1.4038956,-13.894463
-3.595119,-1.4029051,-13.894269
-3.5949204,-1.4018044,-13.894049
-3.5947218,-1.4007038,-13.893828
-3.5945232,-1.3996031,-13.893608
-3.5943246,-1.3985025,-13.893388
-3.594126,-1.3974018,-13.8931675
-3.5939274,-1.3963012,-13.892947
-3.5937288,-1.3952005,-13.892727
-3.5935302,-1.3940998,-13.892507
-3.5933316,-1.3929992,-13.892286
-3.593133,-1.3918985,-13.892066
-3.5929344,-1.3907979,-13.891846
-3.5927358,-1.3896972,-13.891625
-3.5925372,-1.3885965,-13.891405
-3.5923727,-1.3875087,-13.891157
-3.5922081,-1.386421,-13.890909
-3.5920436,-1.3853332,-13.890661
-3.5918791,-1.3842454,-13.890413
-3.5917146,-1.3831576,-13.890165
-3.59155,-1.3820698,-13.889917
-3.5913856,-1.380982,-13.889669
-3.591221,-1.3798943,-13.889421
-3.5910566,-1.3788065,-13.8891735
-3.590892,-1.3777187,-13.888926
-3.5907276,-1.3766309,-13.888678
-3.590563,-1.3755431,-13.88843
-3.5903986,-1.3744553,-13.888182
-3.590234,-1.3733675,-13.887934
-3.5900695,-1.3722798,-13.887686
-3.589905,-1.371192,-13.887438
-3.5897405,-1.3701042,-13.88719
-3.589576,-1.3690164,-13.886942
-3.5893965,-1.3678604,-13.8866825
-3.5892048,-1.3667175,-13.886438
-3.589013,-1.3655745,-13.886194
-3.5888214,-1.3644315,-13.88595
-3.5886297,-1.3632885,-13.885706
-3.588438,-1.3621455,-13.885462
-3.5882463,-1.3610026,-13.885218
-3.5880547,-1.3598596,-13.884974
-3.587863,-1.3587166,-13.884729
-3.5876713,-1.3575736,-13.884485
-3.5874796,-1.3564306,-13.884241
-3.587288,-1.3552877,-13.883997
-3.5870962,-1.3541447,-13.883753
-3.5869045,-1.3530017,-13.883509
-3.5867128,-1.3518587,-13.883265
-3.5865211,-1.3507158,-13.88302
-3.5863295,-1.3495728,-13.882776
-3.5861378,-1.3484298,-13.882532
-3.585946,-1.3472868,-13.882288
-3.5857544,-1.3461438,-13.882044
-3.5855627,-1.3450009,-13.8818
-3.585371,-1.3438579,-13.881556
-3.5851793,-1.3427149,-13.881311
-3.584987,-1.3415719,-13.881067
-3.5847943,-1.340429,-13.880823
-3.5846016,-1.339286,-13.880579
-3.584409,-1.338143,-13.880335
-3.5842164,-1.337,-13.880091
-3.5840237,-1.335857,-13.879847
-3.583831,-1.334714,-13.879602
-3.5836384,-1.3335711,-13.879358
-3.5834458,-1.3324281,-13.879114
-3.5832531,-1.3312851,-13.87887
-3.5830605,-1.3301421,-13.878626
-3.5828679,-1.3289992,-13.878382
-3.5826752,-1.3278562,-13.878138
-3.5824826,-1.3267132,-13.877893
-3.58229,-1.3255702,-13.877649
-3.5820973,-1.3244272,-13.877405
-3.5819046,-1.3232843,-13.877161
-3.581712,-1.3221413,-13.876917
-3.5815194,-1.3209983,-13.876673
-3.5813267,-1.3198553,-13.876429
-3.581134,-1.3187124,-13.876184
-3.5809414,-1.3175694,-13.87594
-3.5807488,-1.3164264,-13.875696
-3.5805562,-1.3152834,-13.875452
-3.5803635,-1.3141404,-13.875208
-3.5801902,-1.3131262,-13.874993
-3.5799882,-1.3120272,-13.874773
-3.5797863,-1.3109282,-13.874553
-3.5795844,-1.3098292,-13.874332
-3.5793824,-1.3087302,-13.874112
-3.5791805,-1.3076313,-13.873892
-3.5789785,-1.3065323,-13.873672
-3.5787766,-1.3054333,-13.873451
-3.5785747,-1.3043343,-13.873231
-3.5783727,-1.3032353,-13.873011
-3.5781708,-1.3021363,-13.87279
-3.5779688,-1.3010373,-13.87257
-3.577767,-1.2999383,-13.87235
-3.5775812,-1.2989584,-13.872158
-3.5772653,-1.2980107,-13.872087
-3.5769494,-1.297063,-13.872015
-3.5766335,-1.2961153,-13.871943
-3.5764081,-1.2951356,-13.871781
-3.5762365,-1.2941533,-13.871572
-3.5760648,-1.293171,-13.871362
-3.5758932,-1.2921888,-13.871152
-3.5757215,-1.2912065,-13.870942
-3.575403,-1.2902004,-13.870845
-3.5750828,-1.2892357,-13.870764
-3.5747626,-1.2882711,-13.870683
-3.5744424,-1.2873064,-13.870602
-3.5741222,-1.2863418,-13.870521
-3.5738447,-1.2853454,-13.870396
-3.573609,-1.2843381,-13.8702345
-3.5733736,-1.2833308,-13.870073
-3.573138,-1.2823235,-13.869912
-3.5729024,-1.2813162,-13.869751
-3.572667,-1.2803088,-13.86959
-3.5724313,-1.2793015,-13.869429
-3.5721552,-1.2782633,-13.869291
-3.5718162,-1.2772409,-13.869214
-3.5714772,-1.2762184,-13.869137
-3.5711381,-1.275196,-13.86906
-3.570799,-1.2741735,-13.868982
-3.57046,-1.273151,-13.868905
-3.570121,-1.2721286,-13.868828
-3.569782,-1.2711061,-13.868751
-3.569443,-1.2700837,-13.868673
-3.569104,-1.2690612,-13.868596
-3.568756,-1.2679896,-13.868508
-3.5684772,-1.2670133,-13.868394
-3.5681982,-1.266037,-13.868279
-3.5679193,-1.2650607,-13.868165
-3.5676403,-1.2640843,-13.868051
-3.5673614,-1.263108,-13.867936
-3.5670824,-1.2621317,-13.867822
-3.5668035,-1.2611554,-13.867707
-3.5665245,-1.260179,-13.867593
-3.5662456,-1.2592027,-13.867478
-3.5659666,-1.2582264,-13.867364
-3.5656877,-1.2572501,-13.8672495
-3.5654087,-1.2562737,-13.867135
-3.5651298,-1.2552974,-13.867021
-3.5648508,-1.2543211,-13.866906
-3.5645719,-1.2533448,-13.866792
-3.5642958,-1.2522855,-13.866644
-3.5640554,-1.2511964,-13.866453
-3.563815,-1.2501073,-13.866262
-3.5635748,-1.2490182,-13.866072
-3.5633345,-1.2479291,-13.865881
-3.5630941,-1.24684,-13.86569
-3.5628538,-1.2457509,-13.8654995
-3.5626135,-1.2446618,-13.865309
-3.5623732,-1.2435727,-13.865118
-3.5621328,-1.2424836,-13.864927
-3.5618925,-1.2413945,-13.864737
-3.5616522,-1.2403054,-13.864546
-3.5614119,-1.2392163,-13.864355
-3.5611715,-1.2381272,-13.864164
-3.560956,-1.2371135,-13.863977
-3.5607533,-1.2361164,-13.863783
-3.5605507,-1.2351193,-13.863588
-3.560348,-1.2341223,-13.863394
-3.5601454,-1.2331252,-13.863199
-3.5598955,-1.2321641,-13.863052
-3.5595794,-1.2312001,-13.862983
-3.5592632,-1.2302334,-13.862934
-3.558947,-1.2292652,-13.862873
-3.558631,-1.2282965,-13.862808
-3.5583148,-1.2273278,-13.862743
-3.5579956,-1.2263516,-13.86267
-3.5576732,-1.225366,-13.862596
-3.5573509,-1.2243804,-13.862521
-3.55711,-1.2234148,-13.862378
-3.5571423,-1.2224814,-13.861992
-3.5571067,-1.2215244,-13.861665
-3.5567906,-1.2205577,-13.861616
-3.5564744,-1.2195903,-13.861562
-3.5561583,-1.2186216,-13.861497
-3.5558422,-1.2176529,-13.861432
-3.5556026,-1.2166357,-13.861274
-3.555408,-1.2156386,-13.861079
-3.5552135,-1.2146416,-13.860885
-3.555019,-1.2136445,-13.86069
-3.5548244,-1.2126474,-13.860496
-3.5546298,-1.2116504,-13.860301
-3.554359,-1.2106929,-13.86019
-3.5540385,-1.2096965,-13.86011
-3.553718,-1.2087002,-13.86003
-3.5533977,-1.2077038,-13.85995
-3.5532327,-1.2067187,-13.859748
-3.553164,-1.2057498,-13.859473
-3.5530953,-1.2047808,-13.859199
-3.552869,-1.2038033,-13.859072
-3.552565,-1.2028366,-13.859023
-3.5522509,-1.2018489,-13.858956
-3.5519326,-1.2008511,-13.858885
-3.5516143,-1.1998533,-13.858813
-3.551296,-1.1988555,-13.858742
-3.5509777,-1.1978577,-13.85867
-3.5506594,-1.19686,-13.858599
-3.5503788,-1.1958328,-13.858483
-3.550117,-1.1947911,-13.858346
-3.5498552,-1.1937493,-13.858209
-3.5495934,-1.1927075,-13.858071
-3.5493317,-1.1916658,-13.857934
-3.54907,-1.190624,-13.857797
-3.548808,-1.1895822,-13.857659
-3.5485463,-1.1885405,-13.857522
-3.5482845,-1.1874987,-13.857385
-3.5480227,-1.1864569,-13.857247
-3.547754,-1.1854167,-13.857117
-3.54743,-1.1843889,-13.857039
-3.547106,-1.183361,-13.856962
-3.546782,-1.1823332,-13.856885
-3.546458,-1.1813054,-13.856808
-3.546134,-1.1802776,-13.85673
-3.54581,-1.1792498,-13.856653
-3.545486,-1.178222,-13.856576
-3.545162,-1.1771941,-13.856499
-3.544838,-1.1761663,-13.856421
-3.5445263,-1.1751766,-13.856348
-3.5441985,-1.1741302,-13.856275
-3.5438707,-1.1730838,-13.856201
-3.5435429,-1.1720374,-13.856128
-3.543215,-1.170991,-13.856054
-3.5428872,-1.1699445,-13.855981
-3.5425594,-1.1688981,-13.855907
-3.5422316,-1.1678517,-13.855834
-3.5419037,-1.1668053,-13.855761
-3.5415938,-1.1658157,-13.85569
-3.5412838,-1.1648254,-13.855616
-3.540974,-1.1638352,-13.855541
-3.540664,-1.1628449,-13.855467
-3.540354,-1.1618546,-13.855392
-3.540044,-1.1608644,-13.855318
-3.5397341,-1.1598741,-13.855244
-3.5394242,-1.1588838,-13.855169
-3.5392,-1.1578735,-13.855015
-3.538983,-1.1568615,-13.854854
-3.5387661,-1.1558496,-13.854692
-3.5385492,-1.1548376,-13.854531
-3.5383322,-1.1538256,-13.85437
-3.5381153,-1.1528137,-13.854209
-3.5378983,-1.1518017,-13.854048
-3.5375984,-1.1508083,-13.853967
-3.5372915,-1.1498165,-13.853892
-3.5369847,-1.1488247,-13.853818
-3.5366778,-1.1478329,-13.853744
-3.536371,-1.146841,-13.853669
-3.5360641,-1.1458492,-13.853595
-3.5357573,-1.1448574,-13.85352
-3.5354507,-1.1438656,-13.853446
-3.535147,-1.1428738,-13.853372
-3.5348432,-1.141882,-13.853297
-3.5345395,-1.1408901,-13.853223
-3.5342357,-1.1398983,-13.853148
-3.533932,-1.1389065,-13.853074
-3.5336282,-1.1379147,-13.853
-3.533322,-1.1369643,-13.852942
-3.5329387,-1.1359096,-13.85292
-3.5325553,-1.1348548,-13.852897
-3.532172,-1.1338,-13.852874
-3.5317886,-1.1327453,-13.852851
-3.5314052,-1.1316905,-13.852828
-3.5310218,-1.1306357,-13.852805
-3.5306385,-1.129581,-13.852782
-3.530255,-1.1285262,-13.852759
-3.5298717,-1.1274714,-13.852736
-3.5294883,-1.1264167,-13.852714
-3.529105,-1.1253619,-13.852691
-3.5287433,-1.124353,-13.852664
-3.5283725,-1.1232641,-13.852616
-3.5280018,-1.1221751,-13.852569
-3.527631,-1.1210861,-13.852521
-3.5272603,-1.1199971,-13.852473
-3.5268896,-1.1189082,-13.852426
-3.5265188,-1.1178192,-13.852378
-3.526148,-1.1167302,-13.85233
-3.5257773,-1.1156412,-13.852283
-3.5254066,-1.1145523,-13.852235
-3.5250359,-1.1134633,-13.852187
-3.524665,-1.1123743,-13.852139
-3.5242944,-1.1112853,-13.852092
-3.5239236,-1.1101964,-13.852044
-3.523553,-1.1091074,-13.851996
-3.5231822,-1.1080184,-13.851949
-3.5228114,-1.1069294,-13.851901
-3.5224407,-1.1058404,-13.851853
-3.522118,-1.1048833,-13.8518095
-3.5217175,-1.1036683,-13.851748
-3.521317,-1.1024534,-13.851687
-3.5209165,-1.1012384,-13.851626
-3.520516,-1.1000234,-13.851565
-3.5201154,-1.0988084,-13.851504
-3.5197148,-1.0975934,-13.851443
-3.5193143,-1.0963784,-13.851382
-3.5189137,-1.0951635,-13.851321
-3.5185132,-1.0939485,-13.85126
-3.5181127,-1.0927335,-13.851199
-3.517712,-1.0915185,-13.851138
-3.5173116,-1.0903035,-13.851077
-3.516911,-1.0890886,-13.851016
-3.5165105,-1.0878736,-13.850955
-3.51611,-1.0866586,-13.850894
-3.5157094,-1.0854436,-13.850833
-3.5153089,-1.0842286,-13.850772
-3.5149083,-1.0830137,-13.850711
-3.5145078,-1.0817987,-13.85065
-3.5141072,-1.0805837,-13.850589
-3.5137067,-1.0793687,-13.850528
-3.5133061,-1.0781537,-13.850467
-3.5129056,-1.0769387,-13.850406
-3.5125656,-1.0758733,-13.850341
-3.5122163,-1.0747283,-13.850255
-3.511867,-1.0735832,-13.850169
-3.5115178,-1.0724382,-13.850083
-3.5111685,-1.0712932,-13.8499975
-3.5108192,-1.0701482,-13.849912
-3.51047,-1.0690032,-13.849826
-3.5101206,-1.0678582,-13.84974
-3.5097713,-1.0667132,-13.849654
-3.509422,-1.0655682,-13.849568
-3.5090728,-1.0644232,-13.849483
-3.5087235,-1.0632782,-13.849397
-3.5083742,-1.0621332,-13.849311
-3.508025,-1.0609882,-13.849225
-3.5076756,-1.0598432,-13.849139
-3.5073264,-1.0586982,-13.849053
-3.506977,-1.0575532,-13.848968
-3.5066278,-1.0564082,-13.848882
-3.5062785,-1.0552632,-13.848796
-3.505975,-1.0542712,-13.8487215
-3.5056713,-1.0532794,-13.848647
-3.5053675,-1.0522876,-13.848573
-3.5050638,-1.0512958,-13.848498
-3.50476,-1.0503039,-13.848424
-3.5044563,-1.0493121,-13.84835
-3.5041525,-1.0483203,-13.848275
-3.5038664,-1.0473666,-13.84818
-3.5035746,-1.0463939,-13.848127
-3.5032828,-1.0454211,-13.848079
-3.502991,-1.0444484,-13.84803
-3.5026991,-1.0434756,-13.847981
-3.5024073,-1.0425029,-13.847933
-3.5020118,-1.0415534,-13.847984
-3.5015528,-1.0406384,-13.848104
-3.5010939,-1.0397235,-13.848223
-3.500635,-1.0388086,-13.848342
-3.500307,-1.0378217,-13.848309
-3.5000064,-1.0368283,-13.848247
-3.4997058,-1.0358349,-13.848185
-3.4994051,-1.0348415,-13.848123
-3.4991045,-1.0338482,-13.848061
-3.4988039,-1.0328548,-13.847999
-3.4985032,-1.0318614,-13.847937
-3.498203,-1.0308683,-13.847869
-3.4978857,-1.0298179,-13.8477955
-3.4975684,-1.0287676,-13.847722
-3.497251,-1.0277172,-13.847649
-3.4969337,-1.0266669,-13.847575
-3.4966164,-1.0256165,-13.847502
-3.496299,-1.0245662,-13.847428
-3.4959817,-1.0235158,-13.847355
-3.4956813,-1.0225226,-13.847286
-3.4953854,-1.0215478,-13.847221
-3.4950895,-1.020573,-13.847157
-3.4947937,-1.0195982,-13.847092
-3.4944978,-1.0186235,-13.847027
-3.494202,-1.0176487,-13.846962
-3.4939153,-1.0166922,-13.846891
-3.4936292,-1.0157355,-13.84682
-3.493343,-1.0147789,-13.846748
-3.4930387,-1.0137651,-13.84668
-3.4927502,-1.012809,-13.846622
-3.4924617,-1.011853,-13.846565
-3.4921732,-1.0108969,-13.846508
-3.4918847,-1.0099409,-13.846451
-3.4915962,-1.0089848,-13.846394
-3.4913077,-1.0080287,-13.846336
-3.4910192,-1.0070727,-13.846279
-3.4907308,-1.0061166,-13.846222
-3.4904423,-1.0051606,-13.846165
-3.4901156,-1.0040293,-13.846083
-3.489828,-1.0029299,-13.845974
-3.4895406,-1.0018306,-13.845865
-3.489253,-1.0007312,-13.845757
-3.4889655,-0.9996317,-13.845648
-3.488678,-0.998532,-13.845539
-3.4883904,-0.9974323,-13.84543
-3.488103,-0.9963326,-13.845322
-3.4878154,-0.9952329,-13.845213
-3.4875278,-0.9941332,-13.845104
-3.4872403,-0.99303347,-13.8449955
-3.4869528,-0.99193376,-13.844887
-3.4866652,-0.99083406,-13.844778
-3.4863777,-0.98973435,-13.844669
-3.4860902,-0.98863465,-13.844561
-3.4858027,-0.98753494,-13.844452
-3.485515,-0.98643523,-13.844343
-3.4852276,-0.9853355,-13.844234
-3.48494,-0.9842358,-13.844126
-3.4846525,-0.9831361,-13.844017
-3.484365,-0.9820364,-13.843908
-3.4840775,-0.9809367,-13.8438
-3.48379,-0.979837,-13.843691
-3.4835024,-0.9787373,-13.843582
-3.4832149,-0.9776376,-13.843473
-3.4829273,-0.9765379,-13.843365
-3.4826398,-0.9754382,-13.843256
-3.4823523,-0.9743385,-13.843147
-3.4820647,-0.97323877,-13.843039
-3.4817772,-0.97213906,-13.84293
-3.4814897,-0.97103935,-13.842821
-3.4812229,-0.9699858,-13.842709
-3.4809725,-0.96891767,-13.842575
-3.4807222,-0.96784955,-13.842442
-3.4804718,-0.96678144,-13.842308
-3.4802215,-0.9657133,-13.842175
-3.4799712,-0.9646452,-13.842041
-3.4797208,-0.9635771,-13.8419075
-3.4794705,-0.962509,-13.841774
-3.4792202,-0.96144086,-13.84164
-3.4789836,-0.9603695,-13.841494
-3.4788206,-0.95939374,-13.841313
-3.4786575,-0.95841795,-13.841133
-3.4784944,-0.95744216,-13.840953
-3.4783313,-0.9564664,-13.840773
-3.4781682,-0.9554906,-13.840592
-3.4780052,-0.9545148,-13.840412
-3.477842,-0.953539,-13.840232
-3.477679,-0.9525632,-13.840052
-3.477516,-0.95158744,-13.839871
-3.4773529,-0.95061165,-13.839691
-3.477235,-0.94961536,-13.839457
-3.4771717,-0.9485556,-13.839143
-3.4771082,-0.9474958,-13.838829
-3.4770448,-0.94643605,-13.838515
-3.4769814,-0.9453763,-13.8382015
-3.476918,-0.9443165,-13.837888
-3.4768546,-0.94325674,-13.837574
-3.4767911,-0.94219697,-13.83726
-3.4767277,-0.9411372,-13.8369465
-3.4766643,-0.9400774,-13.836633
-3.476601,-0.93901765,-13.836319
-3.4765375,-0.9379579,-13.836005
-3.476474,-0.9368981,-13.835691
-3.4764106,-0.93583834,-13.835378
-3.4763114,-0.9347866,-13.835102
-3.476198,-0.9337381,-13.834842
-3.4760845,-0.9326896,-13.834581
-3.475971,-0.9316411,-13.834321
-3.4758575,-0.9305926,-13.834061
-3.475744,-0.9295441,-13.8338
-3.4756305,-0.9284956,-13.83354
-3.475517,-0.9274471,-13.83328
-3.4754035,-0.9263986,-13.833019
-3.47529,-0.92535007,-13.832759
-3.4751766,-0.92430156,-13.832499
-3.475063,-0.92325306,-13.832238
-3.4749496,-0.92220455,-13.831978
-3.4749055,-0.92119026,-13.831663
-3.4748888,-0.92016923,-13.83132
-3.474872,-0.9191482,-13.8309765
-3.4748554,-0.9181272,-13.830633
-3.4748387,-0.91710615,-13.83029
-3.474822,-0.9160851,-13.8299465
-3.4748054,-0.9150641,-13.829603
-3.4747887,-0.91404307,-13.82926
-3.474772,-0.91302204,-13.828917
-3.4747553,-0.912001,-13.828573
-3.474738,-0.91098017,-13.82823
-3.4747188,-0.90995973,-13.827887
-3.4746997,-0.9089393,-13.827543
-3.4746807,-0.9079189,-13.8272
-3.4746616,-0.90689844,-13.826857
-3.4746425,-0.905878,-13.826513
-3.4746575,-0.9049212,-13.826159
-3.474728,-0.9040023,-13.825762
-3.4747987,-0.90308344,-13.825365
-3.4748693,-0.9021646,-13.824968
-3.4749398,-0.9012457,-13.824572
-3.4750104,-0.90032685,-13.824175
-3.475081,-0.899408,-13.823778
-3.4751515,-0.8984891,-13.823381
-3.475222,-0.89757025,-13.822985
-3.4752927,-0.8966514,-13.822588
-3.4753633,-0.8957325,-13.822191
-3.4754338,-0.89481366,-13.8217945
-3.4755673,-0.89381826,-13.821306
-3.4757025,-0.89292496,-13.820852
-3.4758377,-0.89203167,-13.820398
-3.475973,-0.8911384,-13.819944
-3.476108,-0.8902451,-13.81949
-3.4762433,-0.8893518,-13.8190365
-3.4763784,-0.8884585,-13.818583
-3.4765136,-0.8875652,-13.818129
-3.4766488,-0.8866719,-13.817675
-3.476784,-0.8857786,-13.817221
-3.4769192,-0.8848853,-13.816767
-3.4770544,-0.883992,-13.816313
-3.4772184,-0.8830505,-13.815815
-3.4774592,-0.88217133,-13.815271
-3.4777,-0.88129216,-13.814728
-3.4779408,-0.880413,-13.814184
-3.4781816,-0.8795338,-13.813641
-3.4784224,-0.87865466,-13.813097
-3.4786632,-0.8777755,-13.812553
-3.478904,-0.8768963,-13.81201
-3.4791448,-0.87601715,-13.811466
-3.4793856,-0.875138,-13.810923
-3.4796963,-0.87432396,-13.810332
-3.480024,-0.87356734,-13.809745
-3.480352,-0.8728107,-13.809157
-3.4806798,-0.8720541,-13.80857
-3.4810076,-0.8712975,-13.807982
-3.4813354,-0.87054086,-13.807395
-3.4816632,-0.86978424,-13.8068075
-3.481991,-0.8690276,-13.80622
-3.4823456,-0.8682641,-13.805602
-3.4827104,-0.86755896,-13.804992
-3.4830751,-0.86685383,-13.804381
-3.48344,-0.8661487,-13.803771
-3.4838047,-0.8654436,-13.803161
-3.4841695,-0.86473846,-13.80255
-3.4845343,-0.86403334,-13.80194
-3.484899,-0.8633282,-13.80133
-3.4852638,-0.8626231,-13.800719
-3.4856558,-0.8619112,-13.800082
-3.4861064,-0.861246,-13.799413
-3.486557,-0.8605808,-13.798743
-3.4870076,-0.8599156,-13.798074
-3.4874582,-0.8592504,-13.797404
-3.4879088,-0.85858524,-13.796735
-3.4883237,-0.8579083,-13.7960825
-3.4887242,-0.8572349,-13.795442
-3.4891248,-0.8565615,-13.794801
-3.4895253,-0.85588807,-13.79416
-3.4899259,-0.85521466,-13.793519
-3.4903264,-0.85454124,-13.792878
-3.4907556,-0.85381967,-13.7921915
-3.4911847,-0.85309786,-13.791505
-3.4916139,-0.85237604,-13.790818
-3.492043,-0.85165423,-13.790132
-3.4924722,-0.8509324,-13.789445
-3.4929013,-0.8502106,-13.788758
-3.4933305,-0.8494888,-13.788072
-3.4937596,-0.848767,-13.787385
-3.4941888,-0.8480452,-13.786698
-3.4945679,-0.8473363,-13.786065
-3.4949613,-0.8465626,-13.785394
-3.4953547,-0.84578896,-13.784722
-3.495748,-0.8450153,-13.784051
-3.4961414,-0.8442416,-13.78338
-3.4965348,-0.84346795,-13.782708
-3.4969282,-0.8426943,-13.782037
-3.4973216,-0.8419206,-13.781365
-3.497715,-0.84114695,-13.780694
-3.4981062,-0.84034204,-13.780012
-3.498482,-0.83950853,-13.779333
-3.4988577,-0.838675,-13.778654
-3.4992335,-0.8378415,-13.777975
-3.4996092,-0.837008,-13.777296
-3.499985,-0.8361745,-13.776617
-3.5003607,-0.835341,-13.775938
-3.5007365,-0.83450747,-13.775259
-3.5011122,-0.83367395,-13.77458
-3.501488,-0.83284044,-13.773901
-3.5018637,-0.83200693,-13.773222
-3.5022395,-0.8311734,-13.772543
-3.5025296,-0.8303304,-13.771943
-3.5028133,-0.82946837,-13.771342
-3.503097,-0.82860637,-13.770741
-3.5033808,-0.82774436,-13.770141
-3.5036645,-0.82688236,-13.76954
-3.5039482,-0.82602036,-13.768939
-3.504232,-0.82515836,-13.768338
-3.5045156,-0.82429636,-13.767737
-3.5047994,-0.82343435,-13.767137
-3.505083,-0.82257235,-13.766536
-3.5053668,-0.82171035,-13.765935
-3.5056505,-0.82084835,-13.765334
-3.5059342,-0.81998634,-13.764733
-3.5062137,-0.8191354,-13.764138
-3.5064776,-0.81832916,-13.763572
-3.5067415,-0.8175229,-13.763005
-3.5070055,-0.8167166,-13.762439
-3.5072694,-0.81591034,-13.761872
-3.5075333,-0.81510407,-13.761306
-3.5077972,-0.8142978,-13.760739
-3.5080612,-0.8134915,-13.760173
-3.508325,-0.81268525,-13.759606
-3.508589,-0.811879,-13.75904
-3.508871,-0.8111096,-13.758467
-3.5092106,-0.81036764,-13.757841
-3.50955,-0.8096257,-13.7572155
-3.5098896,-0.8088837,-13.75659
-3.510229,-0.80814177,-13.755964
-3.5105686,-0.8073998,-13.755339
-3.5109036,-0.8066172,-13.754708
-3.5112183,-0.8058599,-13.75411
-3.511533,-0.80510265,-13.753512
-3.5118477,-0.80434537,-13.752914
-3.5121624,-0.8035881,-13.752316
-3.5124772,-0.8028308,-13.7517185
-3.5127919,-0.80207354,-13.751121
-3.5131066,-0.80131626,-13.750523
-3.5135057,-0.80056757,-13.74985
-3.5139697,-0.79994506,-13.749169
-3.5144336,-0.79932255,-13.748488
-3.5148976,-0.79870003,-13.7478075
-3.5153615,-0.7980775,-13.747127
-3.5158255,-0.797455,-13.746446
-3.5162895,-0.7968325,-13.745765
-3.5167534,-0.79621,-13.745084
-3.5172174,-0.7955875,-13.744403
-3.5176814,-0.79496497,-13.743722
-3.5181453,-0.79434246,-13.743041
-3.5186093,-0.79371995,-13.74236
-3.5190732,-0.79309744,-13.741679
-3.5195372,-0.7924749,-13.740998
-3.5200167,-0.7918995,-13.740322
-3.5205023,-0.7913429,-13.739648
-3.520988,-0.7907863,-13.738974
-3.5214736,-0.79022974,-13.738299
-3.5219593,-0.78967315,-13.737625
-3.522445,-0.78911656,-13.736951
-3.5229306,-0.78856,-13.736277
-3.5234163,-0.7880034,-13.735602
-3.523902,-0.7874468,-13.734928
-3.5243876,-0.7868902,-13.734254
-3.5248733,-0.7863336,-13.73358
-3.525359,-0.78577703,-13.732905
-3.5258446,-0.78522044,-13.732231
-3.5263553,-0.7846259,-13.731519
-3.5268273,-0.7840385,-13.730846
-3.5272994,-0.7834511,-13.730174
-3.5277715,-0.7828637,-13.729502
-3.5282435,-0.7822763,-13.728829
-3.5287156,-0.78168887,-13.728157
-3.529031,-0.78093517,-13.727573
-3.5293858,-0.7802192,-13.726955
-3.5298471,-0.7796264,-13.726269
-3.530359,-0.77909154,-13.725569
-3.530955,-0.77866685,-13.7248535
-3.5315511,-0.7782422,-13.724138
-3.5321472,-0.7778175,-13.723423
-3.5327156,-0.7773472,-13.722712
-3.5332649,-0.77686083,-13.72201
-3.5338142,-0.77637446,-13.721308
-3.534135,-0.7756333,-13.720713
-3.534656,-0.7750897,-13.720042
-3.535365,-0.7748802,-13.71933
-3.5360518,-0.7746763,-13.718624
-3.5367384,-0.7744725,-13.717918
-3.537425,-0.7742686,-13.717213
-3.5381117,-0.7740648,-13.716507
-3.5388675,-0.77384007,-13.7157345
-3.5396233,-0.77361536,-13.714962
-3.540379,-0.77339065,-13.71419
-3.5411348,-0.77316594,-13.713417
-3.5418906,-0.77294123,-13.712645
-3.5426464,-0.7727165,-13.711872
-3.5434022,-0.7724918,-13.7111
-3.544158,-0.7722671,-13.710327
-3.5449138,-0.7720424,-13.709555
-3.5456073,-0.7717932,-13.708833
-3.5463176,-0.77148527,-13.708077
-3.5470278,-0.77117735,-13.707322
-3.547738,-0.77086943,-13.706567
-3.5484483,-0.7705615,-13.7058115
-3.5491586,-0.7702536,-13.705056
-3.5498688,-0.7699457,-13.704301
-3.550579,-0.76963776,-13.703546
-3.5512893,-0.76932985,-13.70279
-3.5519996,-0.7690219,-13.702035
-3.5527084,-0.768714,-13.701277
-3.5534143,-0.7684061,-13.700513
-3.5541203,-0.7680982,-13.699749
-3.5548263,-0.76779026,-13.698985
-3.5555322,-0.76748234,-13.698221
-3.5562382,-0.7671744,-13.697457
-3.5569441,-0.7668665,-13.696693
-3.55765,-0.7665586,-13.69593
-3.558356,-0.76625067,-13.695166
-3.559062,-0.76594275,-13.694402
-3.559768,-0.76563483,-13.693638
-3.5604568,-0.7653938,-13.692925
-3.5612125,-0.7651631,-13.6921625
-3.5619683,-0.76493245,-13.6914
-3.562724,-0.7647018,-13.690637
-3.56348,-0.7644711,-13.689874
-3.5642357,-0.76424044,-13.689111
-3.5649915,-0.7640098,-13.688348
-3.5657473,-0.7637791,-13.687585
-3.566503,-0.76354843,-13.686822
-3.5672588,-0.76331776,-13.686059
-3.5679607,-0.7630994,-13.685353
-3.5686767,-0.76287544,-13.684634
-3.5693927,-0.7626515,-13.683915
-3.5701087,-0.76242757,-13.683196
-3.5708246,-0.76220363,-13.682477
-3.5715406,-0.7619797,-13.681758
-3.5722535,-0.7617668,-13.6810465
-3.573033,-0.7616738,-13.680331
-3.5738127,-0.7615808,-13.679616
-3.5745924,-0.76148784,-13.678901
-3.575372,-0.76139486,-13.678185
-3.5761516,-0.7613019,-13.67747
-3.5769491,-0.7612135,-13.676743
-3.5777175,-0.7611958,-13.676082
-3.578486,-0.7611781,-13.675421
-3.5792544,-0.7611604,-13.67476
-3.5800228,-0.7611427,-13.674099
-3.5807912,-0.76112497,-13.673438
-3.5815597,-0.76110727,-13.672777
-3.582328,-0.76108956,-13.672116
-3.5830965,-0.76107186,-13.671455
-3.583865,-0.76105416,-13.6707945
-3.5846195,-0.7609975,-13.670134
-3.585437,-0.7609197,-13.669413
-3.5862546,-0.7608419,-13.668692
-3.5870721,-0.7607641,-13.667971
-3.5878897,-0.76068634,-13.66725
-3.5887072,-0.76060855,-13.666529
-3.5895247,-0.76053077,-13.665808
-3.5903423,-0.760453,-13.665087
-3.5911598,-0.7603752,-13.664366
-3.5919774,-0.7602974,-13.663645
-3.592788,-0.7602218,-13.6629305
-3.5935433,-0.7601633,-13.66227
-3.5942986,-0.76010484,-13.661609
-3.595054,-0.76004636,-13.660948
-3.5958092,-0.7599879,-13.660287
-3.5965645,-0.7599294,-13.659626
-3.5973198,-0.75987095,-13.658965
-3.5980752,-0.7598125,-13.658304
-3.5988305,-0.759754,-13.657643
-3.5995858,-0.75969553,-13.656982
-3.600341,-0.75963706,-13.656322
-3.6011322,-0.75966793,-13.655681
-3.6019232,-0.7596988,-13.65504
-3.6027143,-0.7597297,-13.654399
-3.6035054,-0.75976056,-13.653758
-3.6042964,-0.75979143,-13.653117
-3.6050875,-0.7598223,-13.652476
-3.6058786,-0.7598532,-13.651835
-3.6067011,-0.7600588,-13.651265
-3.6075237,-0.76026446,-13.650695
-3.6083462,-0.7604674,-13.650125
-3.6091688,-0.7606703,-13.649554
-3.609977,-0.7607918,-13.648946
-3.6107924,-0.7609107,-13.64833
-3.6116078,-0.7610296,-13.647714
-3.6124232,-0.7611485,-13.647098
-3.6132123,-0.7612126,-13.646474
-3.614005,-0.76120067,-13.645806
-3.6147978,-0.76118875,-13.645139
-3.6155906,-0.7611768,-13.644471
-3.6163855,-0.76130056,-13.643876
-3.617181,-0.7617703,-13.64347
-3.6178732,-0.76147336,-13.642783
-3.618554,-0.76117545,-13.642102
-3.619235,-0.76087755,-13.641421
-3.619916,-0.76057965,-13.64074
-3.620583,-0.7602737,-13.640053
-3.621246,-0.7599665,-13.639365
-3.6215346,-0.7592504,-13.638727
-3.6207068,-0.7590597,-13.639256
-3.6202123,-0.75957906,-13.639953
-3.6203017,-0.76046157,-13.640426
