-0.8408601,-4.125627,-2.0347216,-103.89922665635551,34051.513671875,-102.498116409646,105017.08984375,-101.85177539241026,34884.6435546875,-102.4420536083865,39007.568359375,440664815
-0.8405777,-4.124806,-2.033657,-105.63409723421378,35952.7587890625,-102.03981939816755,105722.0458984375,-100.15816130982586,34820.556640625,-100.79154080837179,39114.3798828125,440666335
-0.8401943,-4.124111,-2.031635,-103.20728399724021,34948.73046875,-102.26944151230023,104974.365234375,-102.26624844686239,35034.1796875,-103.03333483711376,38003.5400390625,440666355
-0.8396098,-4.123668,-2.0276976,-103.66106581452269,34906.005859375,-102.5380173095216,104995.7275390625,-102.58229826096579,34756.4697265625,-102.19903524528591,39477.5390625,440666375
-0.83854496,-4.1226544,-2.0207803,-104.499729509681,36230.46875,-104.7456487564771,104931.640625,-99.81227419764976,34436.03515625,-100.74143314795613,38302.6123046875,440666395
-0.83657366,-4.120495,-2.0078957,-103.27780458981572,34030.1513671875,-104.37005653643644,104376.220703125,-99.66671745186616,34628.2958984375,-102.71190313936154,117279.052734375,440666415
-0.8334685,-4.119831,-1.9835081,-104.63546838663345,70687.8662109375,-102.8463787944414,105059.814453125,-99.68993617033718,34820.556640625,-100.62101095520147,116766.357421875,440666435
-0.83021414,-4.1193614,-1.9571992,-102.52127148339054,69769.287109375,-101.59904025203895,104888.916015625,-102.36780667034724,36401.3671875,-104.07395475238056,116744.9951171875,440666455
-0.8249764,-4.121503,-1.9097794,-104.65573291599632,34671.0205078125,-103.64350070551254,105166.6259765625,-98.90433893349675,34628.2958984375,-101.49233252957782,38729.8583984375,440666475
-0.8200684,-4.125557,-1.8625692,-105.94897886248594,69705.2001953125,-102.12985312133054,105508.4228515625,-101.43452673926231,35418.701171875,-102.35475151603569,116873.1689453125,440666495
-0.8151289,-4.1296325,-1.8153641,-101.23080816826901,35525.5126953125,-102.44278717514683,34606.93359375,-101.08125852789112,34756.4697265625,-103.55904402952385,39370.7275390625,440666515
-0.81024486,-4.134789,-1.7682892,-102.60780009256942,35418.701171875,-103.07151820128468,105059.814453125,-101.97316358338693,34265.13671875,-101.75737661597309,38623.046875,440666535
-0.8069231,-4.1378922,-1.7375238,-104.12820140674145,35696.4111328125,-103.5524747295126,105230.712890625,-100.65403040025066,35247.802734375,-101.06621587794143,116894.53125,440666555
-0.80365473,-4.1396923,-1.7095344,-101.84285603580422,35055.5419921875,-103.36427368755085,105294.7998046875,-103.66529416503845,35098.2666015625,-100.90876201156279,116851.806640625,440666575
-0.80036473,-4.141408,-1.68252,-103.66200331887148,35610.9619140625,-102.13650681786923,105850.2197265625,-101.40354589625406,35781.8603515625,-102.29505679531243,116467.28515625,440666595
-0.79739445,-4.1427774,-1.6583784,-103.89232644024563,35482.7880859375,-103.70603781452593,104974.365234375,-100.79759215054894,34692.3828125,-102.2271051916567,117022.705078125,440666615
-0.7945946,-4.1451387,-1.6343518,-104.69860336082459,69790.6494140625,-103.46255928018937,104718.017578125,-103.5855635920947,35226.4404296875,-101.59332634480621,116360.4736328125,440666635
-0.7917747,-4.1475134,-1.610329,-104.63227760064277,34371.9482421875,-103.92254603610384,104803.466796875,-100.35703770211141,34884.6435546875,-102.34192031019838,39370.7275390625,440666655
-0.7890934,-4.150868,-1.5864271,-103.43463076926213,35696.4111328125,-101.89102031081867,104568.4814453125,-101.10533374214987,35375.9765625,-103.03165642329013,116723.6328125,440666675
-0.78730047,-4.151947,-1.5719746,-102.76500738429482,34692.3828125,-102.18734577693255,105081.1767578125,-100.53952863125998,35247.802734375,-103.1957164498665,117086.7919921875,440666695
-0.78462857,-4.1553392,-1.548077,-103.45717914642424,35311.8896484375,-103.42586320443519,105145.263671875,-100.77558668391481,34628.2958984375,-102.07735880128976,38922.119140625,440666715
-0.78197837,-4.1587386,-1.524178,-101.78589839983411,35589.599609375,-102.60184791155808,104888.916015625,-102.03273642187776,34799.1943359375,-101.43564614571468,116574.0966796875,440666735
-0.77935034,-4.1633654,-1.4984777,-104.07269588670616,70004.2724609375,-103.62932427259977,34649.658203125,-100.20463665072012,34735.107421875,-102.24931615656054,116296.38671875,440666755
-0.77677155,-4.1691117,-1.4719471,-103.89296078987407,34777.83203125,-102.41945083536694,105081.1767578125,-100.60904795168751,35290.52734375,-100.53881769741452,116403.1982421875,440666775
-0.77434605,-4.1770205,-1.4437355,-101.27761289871573,36059.5703125,-103.69100723385557,105316.162109375,-102.60512605841504,35290.52734375,-100.9398414327333,116146.8505859375,440666795
-0.7714973,-4.184243,-1.4134958,-102.02306975795878,69918.8232421875,-101.66636656349702,105593.8720703125,-100.88363337134774,35440.0634765625,-102.63655191417959,117108.154296875,440666815
-0.76844335,-4.190501,-1.3831393,-100.6366720665079,34671.0205078125,-102.89531341047481,105123.9013671875,-98.76744305347572,35418.701171875,-101.53460178928425,116381.8359375,440666835
-0.765349,-4.1967716,-1.3527894,-102.3651299727523,35375.9765625,-102.25604395234647,104483.0322265625,-101.61950103049156,34500.1220703125,-102.07673033072957,38729.8583984375,440666855
-0.7625343,-4.20144,-1.3271164,-104.34454256312316,35183.7158203125,-101.3248576050615,105145.263671875,-101.97789349797699,35589.599609375,-101.79826940097114,117022.705078125,440666875
-0.75973946,-4.204898,-1.3032423,-101.05634451578909,34713.7451171875,-102.11573251438034,105038.4521484375,-103.58145535484064,35696.4111328125,-102.3933958411219,38900.7568359375,440666895
-0.75678396,-4.20862,-1.2774493,-105.2731400928397,34393.310546875,-104.09422195555358,104931.640625,-100.6780223506359,34606.93359375,-102.8291563577841,116979.98046875,440666915
-0.7532995,-4.213029,-1.2468771,-102.6499598410014,70004.2724609375,-102.78686181845976,105273.4375,-101.1388160983243,35119.62890625,-101.93764395052725,39093.017578125,440666935
-0.74813116,-4.2207136,-1.2001787,-106.29006488347929,34841.9189453125,-101.79671977355837,104483.0322265625,-99.18279201013203,35974.12109375,-101.95795369757725,38558.9599609375,440666955
-0.74304897,-4.228351,-1.1534632,-100.57524335542666,35226.4404296875,-104.19374860084291,104846.19140625,-103.61623343104439,33581.54296875,-101.32031264692353,116339.111328125,440666975
-0.7382234,-4.2368507,-1.1068393,-103.6201303087476,34799.1943359375,-102.25690889160944,104782.1044921875,-101.22378796959984,35269.1650390625,-102.09466311608907,39071.6552734375,440666995
-0.73338044,-4.245334,-1.0602142,-104.35886813474242,34649.658203125,-101.92333913302691,104675.29296875,-102.4552790032127,34671.0205078125,-101.34505857944148,39071.6552734375,440667015
-0.7282249,-4.252903,-1.0134956,-102.59906666993784,35546.875,-103.73205650802036,105422.9736328125,-100.15646798809024,35269.1650390625,-100.93494039129942,117428.5888671875,440667035
-0.722986,-4.2604747,-0.9667867,-99.58605498925058,33837.890625,-102.53477559019252,104547.119140625,-101.61555268739527,35333.251953125,-100.4400057022784,116915.8935546875,440667055
-0.7193814,-4.264802,-0.9362169,-101.63771813455222,35974.12109375,-101.64900852625946,104632.568359375,-101.00381486610766,34628.2958984375,-102.91982286035903,116595.458984375,440667075
-0.71611637,-4.2687206,-0.90851235,-103.8296829802135,70303.3447265625,-101.79788430310143,104525.7568359375,-102.31156088849363,35076.904296875,-103.61126426206309,116510.009765625,440667095
-0.7128159,-4.2714458,-0.88261837,-102.42112324696382,34585.5712890625,-104.1559129596715,105807.4951171875,-102.5794356057685,35354.6142578125,-102.81772854985525,39050.29296875,440667115
-0.70973337,-4.2739153,-0.85863745,-103.64305563461349,35205.078125,-102.30400595875005,104568.4814453125,-101.1956624234928,35226.4404296875,-102.38478156679824,116702.2705078125,440667135
-0.70665723,-4.276398,-0.8346571,-103.4196452707501,35461.42578125,-102.53206168483212,104653.9306640625,-101.00986274820151,35183.7158203125,-101.94709343318125,116531.3720703125,440667155
-0.70480514,-4.2773952,-0.8211863,-102.71115836581338,10830.6884765625,-103.98243751667309,70175.1708984375,-101.44631366848147,34906.005859375,-102.42625165701998,116146.8505859375,440667175
-0.7030628,-4.2782693,-0.8086719,-102.05214794326855,35012.8173828125,-104.62976871608052,104589.84375,-104.28101609147198,35012.8173828125,-100.90972766956311,116723.6328125,440667195
-0.70150775,-4.280096,-0.7962739,-103.53080857938886,35717.7734375,-102.54317153157521,105230.712890625,-100.49954986485032,35397.3388671875,-101.51266694126838,38558.9599609375,440667215
-0.6999706,-4.2819414,-0.78387636,-102.71847143668651,34414.6728515625,-103.61071419692189,104782.1044921875,-100.45297071639645,35055.5419921875,-101.67055490256874,116317.7490234375,440667235
-0.69842774,-4.2850323,-0.7696877,-99.80450282005418,35311.8896484375,-103.5177506569496,104611.2060546875,-99.9172900210727,34115.6005859375,-101.74464125046086,116894.53125,440667255
-0.69589865,-4.2905016,-0.74608254,-103.46428381115375,34158.3251953125,-103.81179110259058,105123.9013671875,-100.81160216726049,34841.9189453125,-100.32209948892385,116574.0966796875,440667275
-0.694209,-4.293739,-0.7309443,-100.56563355566914,34970.0927734375,-102.76911336291724,105786.1328125,-100.89635206992509,35440.0634765625,-99.72448347843252,116787.7197265625,440667295
-0.6926081,-4.296844,-0.71676517,-106.1187177766262,35034.1796875,-103.2441812960123,105017.08984375,-100.61513507909152,35952.7587890625,-101.82933327759736,117214.9658203125,440667315
-0.6897936,-4.3013973,-0.69305795,-104.38005404780574,33581.54296875,-103.50338925098791,105102.5390625,-102.35863593673943,34286.4990234375,-101.37060909209777,39349.365234375,440667335
-0.6867835,-4.3050056,-0.66923225,-103.009613350559,70495.60546875,-103.87398151740055,105145.263671875,-103.40622958277548,35055.5419921875,-102.21364305806827,116467.28515625,440667355
-0.68379146,-4.3085904,-0.6454008,-103.5459826509645,69854.736328125,-101.79723250138127,104824.8291015625,-99.42996046808788,35012.8173828125,-99.91424545836551,116381.8359375,440667375
-0.68182427,-4.3108954,-0.630157,-102.20727062864123,34564.208984375,-102.1386048289196,105017.08984375,-100.73944619115524,35375.9765625,-101.37879855434682,116339.111328125,440667395
-0.680199,-4.3127766,-0.61777616,-103.19970046625664,34414.6728515625,-102.16585767050857,104718.017578125,-99.93328551826852,35418.701171875,-102.29729746531089,116445.9228515625,440667415
-0.6796956,-4.3133583,-0.6139676,-101.98426375301734,35461.42578125,-103.6079964652387,104461.669921875,-102.51492844142346,35781.8603515625,-99.94249569498926,116275.0244140625,440667435
-0.6794429,-4.3136506,-0.61206365,-101.64572252306417,69854.736328125,-101.96713212724433,35824.5849609375,-102.05695124052619,35140.9912109375,-102.24105908076035,38452.1484375,440667455
-0.6791897,-4.3139443,-0.61016,-103.82954351121315,34927.3681640625,-104.0525387389491,104547.119140625,-100.11502072745579,35739.1357421875,-102.34661346915316,38601.6845703125,440667475
-0.67893815,-4.3142395,-0.60825634,-103.41786921300745,69726.5625,-106.02919232605427,69897.4609375,-100.45419097958843,34906.005859375,-100.13640276729066,116937.255859375,440667495
-0.6780714,-4.3152876,-0.60159403,-104.84473719767504,105892.9443359375,-103.92893079570598,105273.4375,-100.55080886015828,35076.904296875,-100.56959984058525,116275.0244140625,440667515
-0.67635137,-4.3174033,-0.5882708,-103.98859121878664,68936.1572265625,-103.40832734107212,105743.408203125,-102.33986849591822,35119.62890625,-101.14945037465846,116488.6474609375,440667535
-0.67326516,-4.321211,-0.5644859,-105.69686572222483,34863.28125,-104.46235191081482,105807.4951171875,-103.47137511551468,35076.904296875,-103.19748853054887,116766.357421875,440667555
-0.67035526,-4.3261037,-0.53986067,-104.03284931887123,35482.7880859375,-103.50637825235692,105892.9443359375,-103.11639370795609,34735.107421875,-102.43137566194535,116702.2705078125,440667575
-0.6650193,-4.3353906,-0.4934429,-103.06164161475269,35119.62890625,-102.17597246979317,104739.3798828125,-101.69777913229909,34692.3828125,-102.73225446067384,116809.08203125,440667595
-0.65978074,-4.344611,-0.44700083,-101.36511446970145,34799.1943359375,-103.48132747923279,105166.6259765625,-100.60169275649872,34991.455078125,-103.13398289603361,117257.6904296875,440667615
-0.654715,-4.3547254,-0.4006749,-101.46539732513041,34606.93359375,-106.04443360233705,36572.265625,-102.71103276945584,35440.0634765625,-100.75462769651223,116531.3720703125,440667635
-0.64925426,-4.3629093,-0.3540949,-101.10064008809688,34115.6005859375,-103.49394600448608,104397.5830078125,-100.78412935174484,34756.4697265625,-101.9019501005235,39050.29296875,440667655
-0.6458756,-4.3682885,-0.32563752,-101.9005560949017,35504.150390625,-103.22852109094907,34735.107421875,-99.95233702871164,34478.759765625,-101.35166823017478,116488.6474609375,440667675
-0.6427511,-4.3720207,-0.30184567,-101.3591319671226,35269.1650390625,-102.12120995249329,70153.80859375,-100.69688620978935,34478.759765625,-101.720885840439,38729.8583984375,440667695
-0.6417257,-4.373225,-0.29423726,-101.58213963794226,34777.83203125,-100.70887897033144,104867.5537109375,-101.98504597673475,34927.3681640625,-100.32550508828699,116381.8359375,440667715
-0.64120597,-4.373831,-0.2904346,-103.43171857466871,34841.9189453125,-103.47158301523301,104931.640625,-101.31797493345505,35311.8896484375,-100.81605927801661,38708.49609375,440667735
-0.6409458,-4.3741345,-0.28853342,-101.5152912251688,34585.5712890625,-102.79789709097423,104589.84375,-100.41953693777286,34820.556640625,-102.35822649510786,116680.908203125,440667755
-0.6403951,-4.372402,-0.2873432,-104.01919603885786,35781.8603515625,-102.17927354211446,105316.162109375,-99.09428298665033,35675.048828125,-102.40542832517912,117065.4296875,440668035
-0.6395656,-4.3686357,-0.2868715,-104.42158040951819,35247.802734375,-102.708447779129,35696.4111328125,-100.1267132410298,35568.2373046875,-102.91320077628386,116061.4013671875,440668055
-0.6363842,-4.3569555,-0.2815779,-104.36084987956119,34094.23828125,-105.52224034246501,69982.91015625,-101.89189461217083,34564.208984375,-102.14441335029187,38409.423828125,440668075
-0.6301599,-4.333444,-0.2719562,-104.80475347910792,34820.556640625,-103.5777070614567,105252.0751953125,-101.63755368027213,35055.5419921875,-103.87052781184202,39349.365234375,440668095
-0.6185886,-4.2890754,-0.2539963,-102.0763675410793,34564.208984375,-103.36161171684815,104867.5537109375,-97.76169426918933,35525.5126953125,-100.65816379304903,116339.111328125,440668115
-0.6072444,-4.244651,-0.23603055,-102.41736682717692,35183.7158203125,-102.49177407738782,105679.3212890625,-99.22911596154958,35226.4404296875,-101.77989917092262,38644.4091796875,440668135
-0.59592414,-4.200235,-0.2180281,-102.69272165547417,70559.6923828125,-103.129625007261,104675.29296875,-100.15537015469579,35162.353515625,-101.37964721338662,38388.0615234375,440668155
-0.5847697,-4.1558213,-0.19991599,-102.8788574424509,34863.28125,-101.97743169215482,105316.162109375,-100.01644663133825,35354.6142578125,-100.42516473466777,116766.357421875,440668175
-0.573569,-4.1114473,-0.18173614,-103.1499203538809,35333.251953125,-101.92330181258029,70880.126953125,-100.63906611436613,35076.904296875,-101.30742726980023,116360.4736328125,440668195
-0.56248796,-4.067077,-0.16347371,-101.80476090127493,34457.3974609375,-103.08491294939806,69662.4755859375,-100.50400409591873,35589.599609375,-101.790578239214,39263.916015625,440668215
-0.5514511,-4.0227265,-0.14513686,-103.96910090685024,34735.107421875,-106.89573375977207,34970.0927734375,-99.94428039152824,35034.1796875,-101.32940831309887,116381.8359375,440668235
-0.5405663,-3.9783478,-0.12677754,-103.23572731736883,69598.388671875,-103.48597094097184,104910.2783203125,-100.37729552077921,35290.52734375,-103.19064369751509,38900.7568359375,440668255
-0.52968353,-3.933985,-0.10837859,-105.13801205779765,69577.0263671875,-103.63448168851902,104824.8291015625,-102.3626588562111,35375.9765625,-101.9492997613851,116210.9375,440668275
-0.51813877,-3.8869443,-0.0886229,-103.10950324731606,70410.15625,-101.9014687601103,104312.1337890625,-101.12155688943258,34371.9482421875,-101.63111494454803,116445.9228515625,440668295
-0.50642514,-3.8378427,-0.06957555,-101.46716614257954,33731.0791015625,-102.52430119666391,69918.8232421875,-101.7841788159344,35824.5849609375,-103.28915921698778,117578.125,440668315
-0.49377185,-3.7840073,-0.049935475,-105.3648563891692,35076.904296875,-103.25346339453606,105145.263671875,-101.35061149155294,35440.0634765625,-102.20259310904639,115975.9521484375,440668335
-0.47490728,-3.6933372,-0.031293854,-102.9387613753808,103308.10546875,-101.9795870368015,105529.78515625,-103.20840862889865,36102.294921875,-100.3358006313441,116275.0244140625,440668355
-0.45699856,-3.6017563,-0.01820311,-103.57879709980728,69064.3310546875,-102.4717449011838,104995.7275390625,-101.88141402685943,35140.9912109375,-100.41280327267972,116830.4443359375,440668375
-0.43944272,-3.509999,-0.0059306584,-103.42527633899283,35098.2666015625,-102.17564186693559,105166.6259765625,-102.65169796326974,34756.4697265625,-100.44321715810044,116296.38671875,440668395
-0.42241016,-3.4180307,0.005510386,-104.99608421679818,105358.88671875,-105.4627452910262,104782.1044921875,-103.53957127260712,34585.5712890625,-103.495236373931,116552.734375,440668415
-0.40570474,-3.3261452,0.01800823,-106.6661983555212,34841.9189453125,-104.0945368176415,104824.8291015625,-100.07454790987124,34692.3828125,-101.12359697108903,39840.6982421875,440668435
-0.3890861,-3.2343967,0.03161601,-106.41673789836341,34628.2958984375,-104.00738859249897,105273.4375,-101.18485817192254,34927.3681640625,-102.94475843904324,116296.38671875,440668455
-0.37244236,-3.1430643,0.04818899,-104.3073425061423,35632.32421875,-103.75725586623261,104034.423828125,-99.28095802137646,34692.3828125,-101.70341793281958,39221.19140625,440668475
-0.35693255,-3.0510252,0.061091162,-104.1426307531548,36401.3671875,-102.18340661982374,105209.3505859375,-101.52305891463732,36059.5703125,-100.37429386278421,116595.458984375,440668495
-0.34178284,-2.9589486,0.07415277,-101.28929367080276,35290.52734375,-102.63000906776415,69705.2001953125,-100.60568848953876,35311.8896484375,-102.4216706101379,116445.9228515625,440668515
-0.3279054,-2.8662884,0.084555365,-103.49763846504052,35247.802734375,-104.63658269558621,105017.08984375,-102.52523647087891,104867.5537109375,-99.54618613618817,116275.0244140625,440668535
-0.31453568,-2.7737129,0.09608718,-104.39337904008173,34735.107421875,-104.0247961414252,104974.365234375,-101.17368758869928,35226.4404296875,-102.03580137196177,116680.908203125,440668555
-0.30159023,-2.6812387,0.10873885,-104.5525995588077,35034.1796875,-105.00871639115377,34820.556640625,-102.0008424197714,35012.8173828125,-102.93625906562991,115954.58984375,440668575
-0.29370517,-2.6210744,0.11674632,-102.97997921610047,35696.4111328125,-102.70648588728066,69555.6640625,-99.49464142405346,35354.6142578125,-102.33816912138396,38943.4814453125,440668595
-0.286017,-2.5620055,0.1256298,-103.99138232996188,69854.736328125,-105.26199924763677,106127.9296875,-102.37958184617624,34628.2958984375,-102.00554947182593,38772.5830078125,440668615
-0.27804855,-2.5013328,0.13676651,-102.25993041489077,69662.4755859375,-104.26804265824347,105145.263671875,-100.9533807487996,35397.3388671875,-102.5763793137441,38644.4091796875,440668635
-0.26606297,-2.409233,0.15276623,-104.88947225172929,69000.244140625,-105.00557400955881,105123.9013671875,-100.46850858529461,34799.1943359375,-101.18470008207947,116552.734375,440668655
-0.25433615,-2.3171225,0.16889405,-103.88799614456215,105636.5966796875,-104.60502078670302,69833.3740234375,-101.2749009113875,34756.4697265625,-102.70077630116722,117150.87890625,440668675
-0.24310645,-2.2248337,0.18425064,-102.18677237150229,35461.42578125,-102.40255035910744,104782.1044921875,-101.87781191613453,35269.1650390625,-101.92146278488269,116146.8505859375,440668695
-0.2320553,-2.1327078,0.20076324,-106.16638400276686,33944.7021484375,-103.24941285277694,105593.8720703125,-98.77072977649425,35034.1796875,-102.71442012945454,38302.6123046875,440668715
-0.22117779,-2.040433,0.21645388,-105.24608497512439,36187.744140625,-103.31032598801636,104974.365234375,-99.35376996646339,34820.556640625,-102.48229048557917,116915.8935546875,440668735
-0.21030445,-1.9481876,0.23231979,-101.57465288273876,35055.5419921875,-103.43389500953012,105786.1328125,-99.34125700562223,35440.0634765625,-100.75678721571136,116317.7490234375,440668755
-0.1994918,-1.8561316,0.24937132,-102.95988011015083,34393.310546875,-102.54587500008776,104888.916015625,-100.86157969374818,34307.861328125,-101.42006261989454,116787.7197265625,440668775
-0.18867938,-1.76441,0.26843864,-103.46986718401807,70025.634765625,-102.43042301215752,105230.712890625,-101.47862349408567,34671.0205078125,-101.67675715358786,117001.3427734375,440668795
-0.17862903,-1.6723073,0.28570265,-103.45823065341371,33923.33984375,-103.71689191411194,104931.640625,-101.59097604298876,34820.556640625,-102.36245791987011,38922.119140625,440668815
-0.16896024,-1.5801399,0.30283958,-103.89722928229249,34927.3681640625,-104.2635957640774,105230.712890625,-102.07855123836435,34970.0927734375,-102.60856095299035,38665.771484375,440668835
-0.16075651,-1.4882185,0.32224247,-105.14963977197262,35952.7587890625,-103.1242033718242,105017.08984375,-100.77722238101045,34906.005859375,-101.99702441024421,116958.6181640625,440668855
-0.15302631,-1.3959936,0.34004116,-104.84236517888341,34500.1220703125,-101.07562613261663,104568.4814453125,-100.21225788249308,35205.078125,-104.29902497327141,115890.5029296875,440668875
-0.14547594,-1.3034548,0.35609612,-102.04839337733445,34457.3974609375,-103.66022657564298,104760.7421875,-101.85912721912358,35034.1796875,-104.08020663160066,38537.59765625,440668895
-0.13816285,-1.2106098,0.37052965,-103.10140134897112,34478.759765625,-101.71120788340177,105316.162109375,-100.39480003848718,35034.1796875,-101.53427516807385,116958.6181640625,440668915
-0.1314241,-1.1177512,0.38515407,-103.67556344382953,34500.1220703125,-102.94190773114872,105444.3359375,-99.93907575095882,34585.5712890625,-101.22432255191127,117044.0673828125,440668935
-0.12500595,-1.0250695,0.4009037,-104.96496612383675,35781.8603515625,-102.48916921734093,34436.03515625,-99.9214226493115,35311.8896484375,-102.42159014950013,116424.560546875,440668955
-0.11840759,-0.9324361,0.41686228,-103.01410687883819,33581.54296875,-102.31951003309555,105123.9013671875,-101.56428656967756,35055.5419921875,-100.57831340790919,116061.4013671875,440668975
-0.11170768,-0.83983594,0.4329706,-100.15285887365577,34414.6728515625,-102.24745290771966,105145.263671875,-104.05098703841927,34970.0927734375,-102.87188540344061,39306.640625,440668995
-0.10525845,-0.7474185,0.45016494,-103.11700149620793,34585.5712890625,-102.66256819980674,105017.08984375,-102.55189210929403,34350.5859375,-103.4059705989098,117492.67578125,440669015
-0.09903981,-0.6546406,0.46551314,-103.78128770140138,35034.1796875,-102.20508742410587,105615.234375,-102.07734243160357,35205.078125,-103.8062842649361,115890.5029296875,440669035
-0.09287213,-0.56205344,0.48190638,-106.16194043776039,105380.2490234375,-104.11055633080402,105209.3505859375,-99.75262521041536,34628.2958984375,-101.88280547807113,116915.8935546875,440669055
-0.086973295,-0.46928477,0.4974358,-102.14887083664667,35247.802734375,-102.19544442477402,105316.162109375,-100.41255398764463,34927.3681640625,-101.8042969894004,115805.0537109375,440669075
-0.08120851,-0.37670887,0.51403755,-106.72342464543962,69363.4033203125,-102.37682403083187,105529.78515625,-101.2526250190071,34799.1943359375,-103.29619481308697,116915.8935546875,440669095
-0.07550301,-0.2843274,0.53168184,-103.79715676871321,35354.6142578125,-104.88924714163889,104995.7275390625,-103.27189414873673,35375.9765625,-101.89247082972284,116723.6328125,440669115
-0.07010929,-0.19198899,0.5496468,-104.03716536115262,104333.49609375,-102.88400865743854,69790.6494140625,-101.0247533820382,34457.3974609375,-101.85899765476306,38729.8583984375,440669135
-0.06502247,-0.09986922,0.56880987,-104.76490444476845,69854.736328125,-104.19174907809376,105465.6982421875,-101.77042340188093,35162.353515625,-101.42270651754018,38708.49609375,440669155
-0.060243797,-0.007767573,0.5881387,-104.29316029639892,35717.7734375,-101.74253052599286,104953.0029296875,-99.30446312088745,34799.1943359375,-102.2129079662445,39071.6552734375,440669175
-0.0557631,0.084510274,0.6066571,-102.42283303708705,34692.3828125,-102.49688689071185,104931.640625,-100.77202284555555,35226.4404296875,-101.37149035176186,116638.18359375,440669195
-0.05163278,0.17678364,0.625279,-101.6456728496221,34799.1943359375,-102.646805407199,104910.2783203125,-101.17818527788307,34606.93359375,-101.31371115913076,116787.7197265625,440669215
-0.04788367,0.26885226,0.6449885,-103.16419086538573,35632.32421875,-102.52174025021283,105786.1328125,-103.30852601286595,34884.6435546875,-100.3593703923569,116339.111328125,440669235
-0.044412374,0.36089557,0.6648664,-102.09514697592817,34777.83203125,-103.19611033087978,104931.640625,-99.99162049906542,35632.32421875,-103.27955213423904,38366.69921875,440669255
-0.042052895,0.4184984,0.6786941,-102.34977781167812,69619.7509765625,-103.3252187482677,104867.5537109375,-100.35598245978167,35888.671875,-102.96226587805879,38858.0322265625,440669275
-0.039295074,0.4728369,0.6938284,-102.67047174090831,35717.7734375,-103.37649899891588,70260.6201171875,-102.22455261205798,34735.107421875,-101.58949059032814,116424.560546875,440669295
-0.036679365,0.5271643,0.70902765,-101.57980793889018,33837.890625,-103.26285578090318,104867.5537109375,-102.6701701412832,104034.423828125,-100.3402989962246,116403.1982421875,440669315
-0.03471752,0.5780866,0.72161096,-103.9016534702072,33837.890625,-103.91342607222083,104333.49609375,-99.55922884494683,35781.8603515625,-100.69083191376296,116873.1689453125,440669335
-0.033514965,0.62750864,0.7319779,-100.6426314945203,35119.62890625,-104.084121830076,105508.4228515625,-101.7135767386689,35012.8173828125,-101.53193257458733,38858.0322265625,440669355
-0.032511972,0.6738806,0.74270785,-102.89174821146148,34436.03515625,-103.99702442427994,104547.119140625,-103.02183980552061,34799.1943359375,-101.66609027815255,116702.2705078125,440669375
-0.031939793,0.7202448,0.7535025,-101.4151138421687,34863.28125,-103.2379761542826,105957.03125,-104.49528338847877,34820.556640625,-101.3259510765663,38836.669921875,440669395
-0.030927557,0.7659914,0.76717275,-102.01621886597641,34521.484375,-102.64247798120023,35140.9912109375,-102.16138775551738,35632.32421875,-101.53081662082549,117300.4150390625,440669415
-0.030158918,0.8117293,0.78088784,-100.37639565732617,34265.13671875,-106.36620101267191,104803.466796875,-101.62688010640733,34970.0927734375,-103.50272160108605,38174.4384765625,440669435
-0.029904786,0.8379217,0.7884668,-103.9176084640428,18115.234375,-102.98725618478332,105358.88671875,-101.14423682546791,34649.658203125,-102.80293748037522,38900.7568359375,440669455
-0.029682534,0.8612569,0.79546213,-100.86499439147197,34628.2958984375,-103.08645099624941,104312.1337890625,-104.16511159524937,35247.802734375,-100.87825946742154,116851.806640625,440669475
-0.029249905,0.887967,0.80521095,-102.52170149293534,34500.1220703125,-102.40580318669011,105081.1767578125,-100.82135527212488,34820.556640625,-104.37707269350614,116894.53125,440669495
-0.029177366,0.91318375,0.81267816,-103.3683792030489,35696.4111328125,-104.18269535930224,104995.7275390625,-100.51681088400919,34286.4990234375,-101.84992923580063,117001.3427734375,440669515
-0.028996935,0.936093,0.82162106,-102.9529673469049,69918.8232421875,-103.9046940589397,104803.466796875,-101.24286803851808,34393.310546875,-98.97381379068852,116574.0966796875,440669535
-0.029002907,0.95941055,0.82867837,-104.17098644910695,35354.6142578125,-104.85257510048578,70111.083984375,-103.75413697346049,35397.3388671875,-103.05494660352237,116488.6474609375,440669555
-0.029071668,0.9874716,0.83677626,-103.58052212410169,70132.4462890625,-103.48339155551359,70089.7216796875,-100.55329693686028,34948.73046875,-101.87182192357955,117150.87890625,440669575
-0.029133756,1.0174317,0.84528446,-102.90354551874057,35055.5419921875,-104.20210598855532,105337.5244140625,-102.04817977436588,34564.208984375,-101.03636602607217,117044.0673828125,440669595
-0.029095225,1.0635378,0.8572657,-102.37842378739114,34521.484375,-103.7996113570672,104504.39453125,-105.04985496928711,35055.5419921875,-101.04567468295662,116830.4443359375,440669615
-0.029106233,1.109637,0.8692736,-103.412619271891,35568.2373046875,-102.40784820412559,105422.9736328125,-102.09338597694916,34542.8466796875,-101.07006921758037,116979.98046875,440669635
-0.029344145,1.1559362,0.8803559,-104.13594410814348,69769.287109375,-104.13975798465414,104995.7275390625,-101.1246077794555,35012.8173828125,-103.41550210039215,38815.3076171875,440669655
-0.02933816,1.2020262,0.8923991,-101.46568669441535,34927.3681640625,-104.64932341526877,70175.1708984375,-100.72418072434235,34393.310546875,-103.38464175727549,38922.119140625,440669675
-0.029575573,1.2483189,0.9035087,-104.94199436648012,34350.5859375,-103.48756493920857,104888.916015625,-102.98579014244115,34841.9189453125,-103.17321995794518,38943.4814453125,440669695
-0.029823812,1.2946094,0.9146272,-102.12350897809415,34948.73046875,-103.57228931188618,104995.7275390625,-104.35025039686926,35290.52734375,-102.10857407725818,117514.0380859375,440669715
-0.030032767,1.3408976,0.92575663,-104.72500641418773,70281.982421875,-101.9719103198775,105593.8720703125,-98.95549562143103,35098.2666015625,-103.850536986863,39370.7275390625,440669735
-0.030402843,1.38718,0.9369055,-104.5578859442182,35696.4111328125,-103.37140007881914,105700.68359375,-100.52794820549354,35076.904296875,-103.2606117303829,117086.7919921875,440669755
-0.03107251,1.4336603,0.94713724,-103.7689828357035,34414.6728515625,-102.25237345224787,105017.08984375,-99.47503490707348,34970.0927734375,-99.80939191197768,116275.0244140625,440669775
-0.031276323,1.4636054,0.9556959,-103.86472669917251,68637.0849609375,-102.55316898756556,104931.640625,-100.93232103949657,34970.0927734375,-102.13373556899268,116595.458984375,440669795
-0.031193234,1.4931422,0.96613157,-101.95892840950158,34735.107421875,-100.92219084248018,105380.2490234375,-100.81770542100712,35354.6142578125,-104.44482923930241,117044.0673828125,440669815
-0.031092457,1.5226852,0.9765496,-101.57726948794331,34606.93359375,-102.39643318866486,105294.7998046875,-101.81074930491214,35012.8173828125,-104.16405616812486,116958.6181640625,440669835
-0.031062221,1.5512773,0.98676616,-102.67784701955064,34863.28125,-103.09874499322086,35482.7880859375,-101.55238374660138,35461.42578125,-101.85047547582373,38644.4091796875,440669855
-0.03106989,1.5770253,0.99635303,-103.86243215255683,35076.904296875,-102.52565568257963,105017.08984375,-101.86752534091589,35397.3388671875,-101.50319485646698,116381.8359375,440669875
-0.03148913,1.6005397,1.0024836,-103.33531322664557,35012.8173828125,-105.24414828511426,105358.88671875,-99.64454266476667,34414.6728515625,-103.44958002948297,116787.7197265625,440669895
-0.03197968,1.624057,1.0085975,-106.17378668124063,34841.9189453125,-102.91809675926244,104440.3076171875,-101.82285686513774,34564.208984375,-101.29105345884126,38409.423828125,440669915
-0.032618802,1.6477789,1.0137557,-101.52217771484197,35931.396484375,-103.4411959605878,104461.669921875,-100.26408583645227,35824.5849609375,-102.49542628103458,116809.08203125,440669935
-0.033303253,1.6714987,1.0189178,-104.41653241060486,35568.2373046875,-104.44062852165794,104696.6552734375,-101.05507799237499,34307.861328125,-102.31836969086869,116638.18359375,440669955
-0.0340491,1.6952161,1.0240824,-102.5251206256323,35375.9765625,-103.06012554165983,105273.4375,-102.52408698755713,35311.8896484375,-103.32316523453242,39093.017578125,440669975
-0.03483776,1.7208322,1.029656,-104.09616671346397,34927.3681640625,-105.30570773375192,35739.1357421875,-101.02593478767565,34222.412109375,-100.71027933777678,116189.5751953125,440669995
-0.035691593,1.7483456,1.0356429,-103.17701687994827,35140.9912109375,-102.0804562260094,104525.7568359375,-105.25946212061827,35076.904296875,-100.04701681518179,116510.009765625,440670015
-0.037419528,1.7950237,1.0448444,-104.47140230191124,107131.9580078125,-103.75804114931057,69833.3740234375,-101.04474615112491,35504.150390625,-100.79374092223462,38751.220703125,440670035
-0.039221596,1.8418953,1.0531583,-103.85676108026166,35440.0634765625,-102.55745697044574,105764.7705078125,-100.03808092809989,35482.7880859375,-100.99694684205946,116125.48828125,440670055
-0.041170876,1.8889636,1.0605627,-101.0915565519281,35504.150390625,-103.12394574916769,104931.640625,-99.78882399825073,35440.0634765625,-102.39521289726025,116638.18359375,440670075
-0.043318667,1.9362237,1.0670828,-101.76985155270827,34735.107421875,-105.27860856122963,104376.220703125,-101.92345666786383,35610.9619140625,-102.34601698136987,116424.560546875,440670095
-0.045544475,1.9844236,1.0738565,-101.91184958272089,34863.28125,-101.91427743767636,105294.7998046875,-102.9734401705308,35546.875,-102.09421765191804,116488.6474609375,440670115
-0.048095863,2.0344985,1.0811067,-102.95831081522695,35183.7158203125,-101.9723449164112,105337.5244140625,-104.25336305438798,35333.251953125,-102.58723127523118,38580.322265625,440670135
-0.050259776,2.0820577,1.0907682,-103.54682051949194,69534.3017578125,-104.5642854109888,104910.2783203125,-100.96508092776732,36358.642578125,-102.31138835952437,116680.908203125,440670155
-0.0525832,2.1286578,1.1002305,-102.90330706235383,70773.3154296875,-103.30383263028344,105166.6259765625,-101.31073983438695,34692.3828125,-102.61338412119088,38623.046875,440670175
-0.05502093,2.1750472,1.1106056,-100.34734653745751,34692.3828125,-105.5880151145778,105294.7998046875,-101.93586979529671,35098.2666015625,-102.61763362211647,116723.6328125,440670195
-0.057534076,2.2212183,1.1219369,-103.86591041592973,35055.5419921875,-103.84900237352744,34436.03515625,-99.97584132920169,35739.1357421875,-102.23573031486472,117086.7919921875,440670215
-0.05978135,2.2667642,1.1361206,-103.18972900634891,35076.904296875,-101.51299718936639,104974.365234375,-101.05921412956522,34072.8759765625,-101.76388132463484,116488.6474609375,440670235
-0.06210929,2.3123035,1.1503122,-102.87587955814953,35311.8896484375,-102.37864740367812,105102.5390625,-99.23620968970461,35461.42578125,-103.2034986308915,116403.1982421875,440670255
-0.06443474,2.3578515,1.1644765,-102.26783171841177,34841.9189453125,-104.91415630238721,105487.060546875,-100.64500343281344,34414.6728515625,-101.94961295305785,39007.568359375,440670275
-0.06717492,2.404013,1.1757954,-102.2804454833056,35012.8173828125,-102.89374645654867,105508.4228515625,-100.55875800579389,35247.802734375,-102.0923122020906,117001.3427734375,440670295
-0.070055604,2.4503784,1.1861631,-103.40766431431781,69171.142578125,-102.55474915966718,104824.8291015625,-100.75170538621828,35397.3388671875,-101.27885504083677,116851.806640625,440670315
-0.07207401,2.4806552,1.192907,-101.48246862238858,34265.13671875,-102.51471591106123,70303.3447265625,-99.38202812900454,35226.4404296875,-101.4496610169746,116488.6474609375,440670335
-0.073990144,2.5071423,1.1987835,-104.97766392743456,35183.7158203125,-102.06557150496926,105316.162109375,-100.55750874985509,35375.9765625,-101.65626659553637,116659.5458984375,440670355
-0.07584622,2.5309947,1.2030624,-104.32907148709553,34585.5712890625,-103.24475091313751,105871.58203125,-104.33006422352798,35012.8173828125,-104.00223850275069,39221.19140625,440670375
-0.0776089,2.5546517,1.2082561,-102.46245418618378,34585.5712890625,-101.63770428156779,105187.98828125,-101.68998609673069,34820.556640625,-103.42803382267857,116702.2705078125,440670395
-0.07957388,2.5811489,1.2140712,-101.16311254221887,35226.4404296875,-102.29817490326853,104696.6552734375,-100.6354617504242,34820.556640625,-101.8087625067986,116403.1982421875,440670415
-0.082774475,2.6273074,1.2252798,-101.61808942805393,34906.005859375,-103.29334316528701,104760.7421875,-98.71974579318922,34884.6435546875,-102.08699956185265,117044.0673828125,440670435
-0.08653954,2.6812172,1.2373333,-103.06088806173703,70474.2431640625,-104.89826704159854,104782.1044921875,-101.46478271255475,34948.73046875,-102.96595675458782,38986.2060546875,440670455
-0.09112414,2.7425418,1.2472475,-101.66561306945168,34457.3974609375,-104.52803175352102,104888.916015625,-100.14041963381608,35974.12109375,-102.63551570873146,116018.6767578125,440670475
-0.095870994,2.8031087,1.2560679,-101.13900209834273,35482.7880859375,-103.58883311885148,70089.7216796875,-102.60882866679529,34585.5712890625,-99.27566756576883,117086.7919921875,440670495
-0.10096871,2.8621662,1.2626681,-104.21520146083856,34564.208984375,-101.38845486429852,105657.958984375,-101.52280584635528,35205.078125,-103.18953112290215,39263.916015625,440670515
-0.10590869,2.918376,1.2687104,-101.3455382184413,34072.8759765625,-102.87458962669662,104782.1044921875,-100.7284201680251,35418.701171875,-101.99057888757993,38537.59765625,440670535
-0.11069598,2.973201,1.2764941,-102.23473308256999,35375.9765625,-104.54183831681475,104931.640625,-101.07049103188783,34948.73046875,-102.32480005467927,39135.7421875,440670555
-0.11484045,3.0198324,1.2853073,-101.09529365257208,35311.8896484375,-104.75502129485305,104675.29296875,-102.65365217449647,35696.4111328125,-102.59032397952157,116659.5458984375,440670575
-0.1190477,3.065817,1.2968917,-103.504934188605,35076.904296875,-102.41701448675437,70516.9677734375,-100.98192990885181,35098.2666015625,-101.48386214536508,116552.734375,440670595
-0.12140635,3.0951612,1.3076009,-104.49017926330795,35568.2373046875,-103.67056714480283,36016.845703125,-101.21605209547579,34756.4697265625,-104.28877799898461,117214.9658203125,440670615
-0.12340157,3.1229393,1.3209208,-104.85656916347861,34414.6728515625,-105.36215183281514,104461.669921875,-101.91022786549365,35333.251953125,-100.53371665409693,116616.8212890625,440670635
-0.12549537,3.1475582,1.3305382,-104.29480944441647,36294.5556640625,-100.39096527792303,104846.19140625,-102.3183118939948,35717.7734375,-100.25472429751392,116659.5458984375,440670655
-0.12747425,3.170282,1.339734,-103.64595472027244,35632.32421875,-104.37501389557244,105081.1767578125,-100.92963802684478,35440.0634765625,-100.51501099280664,38516.2353515625,440670675
-0.12953876,3.1929996,1.3489252,-103.59650346398632,35461.42578125,-102.82999123206787,105465.6982421875,-101.93408614822354,35119.62890625,-102.66707884486604,39605.712890625,440670695
-0.13184956,3.2161274,1.3562245,-103.22618146094447,69128.41796875,-104.44334371331385,105017.08984375,-101.78173128121271,35525.5126953125,-103.97206912630213,116296.38671875,440670715
-0.13391264,3.238853,1.3653967,-103.34461599306144,34628.2958984375,-104.50162730093132,105807.4951171875,-101.5406306838687,35525.5126953125,-103.69440702074515,38687.1337890625,440670735
-0.13624293,3.261987,1.3726705,-104.26961133605383,35354.6142578125,-102.21245008001065,104440.3076171875,-105.12075677198972,34841.9189453125,-104.35884977215878,39306.640625,440670755
-0.13767883,3.2766485,1.3779911,-104.71440596963913,34692.3828125,-101.28878124295201,105102.5390625,-100.45981237372546,35589.599609375,-101.90963340874055,116873.1689453125,440670775
-0.1390043,3.2903695,1.3830962,-105.6247953919362,105166.6259765625,-103.3544414577411,104183.9599609375,-100.93374234608974,34585.5712890625,-103.54853072997841,116659.5458984375,440670795
-0.14141203,3.3135028,1.3903469,-102.13157338661141,5126.953125,-103.98559794469962,70324.70703125,-100.2063101969816,35162.353515625,-103.41470609344691,116104.1259765625,440670815
-0.14358701,3.3362339,1.3994795,-103.8712171288744,34094.23828125,-102.40326518139574,104995.7275390625,-101.62623255911677,34094.23828125,-101.58704232709105,116531.3720703125,440670835
-0.1481989,3.3815615,1.4137896,-100.2247206415916,35290.52734375,-105.42055047461098,69897.4609375,-102.40753134273268,35076.904296875,-101.64759163464706,38537.59765625,440670855
-0.15308371,3.4274979,1.4252999,-100.54430598931461,34841.9189453125,-104.64431489373361,105038.4521484375,-98.38128024460741,35247.802734375,-102.88008739137878,38858.0322265625,440670875
-0.15823044,3.4736247,1.4358535,-102.75814765051203,35504.150390625,-102.28309965579817,105422.9736328125,-100.21609882329935,34735.107421875,-102.93283037966312,116616.8212890625,440670895
-0.1631313,3.5193493,1.4482858,-103.65676003484863,33987.4267578125,-104.01334963717119,104440.3076171875,-101.02621040045736,35696.4111328125,-103.02695950367212,38366.69921875,440670915
-0.16770959,3.5646863,1.4625771,-102.3924505920132,34136.962890625,-102.97489374777146,34884.6435546875,-99.99293425620812,35354.6142578125,-103.24408135142674,39007.568359375,440670935
-0.17202485,3.609412,1.4796879,-101.00038474716953,34500.1220703125,-103.43706960532731,105358.88671875,-102.63206236869962,34970.0927734375,-100.8734714894727,116552.734375,440670955
-0.17670059,3.654752,1.4939382,-105.47842304142668,68893.4326171875,-103.35628044524859,104589.84375,-102.2881038139127,35098.2666015625,-102.73793488289698,38900.7568359375,440670975
-0.17918597,3.679367,1.5034723,-104.45956441952971,70730.5908203125,-102.71283626704857,105209.3505859375,-100.79372402016128,35952.7587890625,-99.60702693189715,116574.0966796875,440670995
-0.18066001,3.69308,1.508558,-101.28992883992936,34927.3681640625,-105.18645621076993,69897.4609375,-103.8304513547337,34478.759765625,-102.55884338193874,39434.814453125,440671015
-0.18123184,3.6992662,1.5119363,-103.44626345190711,35696.4111328125,-103.81912473803263,35675.048828125,-101.67945349003327,33773.8037109375,-103.55739180872136,39413.4521484375,440671035
-0.18158227,3.7028291,1.513732,-103.08183198763166,35888.671875,-104.43379248881115,104290.771484375,-98.54872831279125,35140.9912109375,-99.82003500130729,116809.08203125,440671055
-0.18182476,3.704709,1.5141582,-105.60872218345688,34307.861328125,-103.01399494040072,104718.017578125,-102.86820518173116,34820.556640625,-100.92588006944516,116595.458984375,440671075
-0.18207312,3.706588,1.514585,-103.40455325550906,34393.310546875,-104.31790801690735,36123.6572265625,-101.91445533302064,34756.4697265625,-98.27831762185595,116894.53125,440671115
-0.18232319,3.7084668,1.5150119,-100.67525298598943,35760.498046875,-103.22987736430933,104953.0029296875,-102.70998011158527,36187.744140625,-101.84598356782529,39263.916015625,440671155
-0.1823234,3.7092078,1.5161686,-102.98251068965479,69961.5478515625,-101.54389928149325,104760.7421875,-104.13772348436166,34265.13671875,-101.03448731374606,116851.806640625,440671175
-0.18257499,3.7103496,1.5154413,-103.6839441360693,34201.0498046875,-101.47392227954964,104675.29296875,-100.87368844400413,34991.455078125,-100.95024363896226,116574.0966796875,440671295
-0.18295532,3.7116947,1.5137788,-103.09183308246588,35696.4111328125,-101.53842958689245,105230.712890625,-100.0293806887967,35055.5419921875,-104.75503769296412,39071.6552734375,440671315
-0.18473479,3.7175148,1.505269,-102.0618303960027,35034.1796875,-103.5547117612438,69491.5771484375,-101.64574721936108,34201.0498046875,-101.59855438535665,116894.53125,440671335
-0.18903743,3.7341173,1.4884931,-104.71042886345325,69833.3740234375,-105.22563772168118,105209.3505859375,-102.30801381837705,35397.3388671875,-101.65530574034545,116787.7197265625,440671355
-0.19407174,3.753513,1.4684806,-103.50177317555168,69470.21484375,-102.5807993988699,104995.7275390625,-102.32010395686018,35034.1796875,-100.90976675145198,116659.5458984375,440671375
-0.20143001,3.7840457,1.4433622,-103.39779942823742,34457.3974609375,-102.74035348323609,104846.19140625,-101.5455560646677,34628.2958984375,-100.57979082578781,117364.501953125,440671395
-0.20954055,3.815966,1.4126986,-103.87474253634572,70559.6923828125,-103.0144583817881,105380.2490234375,-101.23746939481353,35290.52734375,-104.41413872408583,38366.69921875,440671415
-0.21892804,3.8501081,1.3726802,-105.01641285707353,35247.802734375,-105.21680617269647,105209.3505859375,-102.81731027278568,35183.7158203125,-102.53972576105463,39520.263671875,440671435
-0.22851647,3.8845382,1.3317982,-100.19084452432674,3781.1279296875,-101.74274885318914,105252.0751953125,-100.09494427135783,34628.2958984375,-101.26045957481189,116659.5458984375,440671455
-0.23819976,3.9192665,1.2900347,-105.14364987229396,34585.5712890625,-102.59730551476633,104718.017578125,-103.40328074213392,35098.2666015625,-101.42580861861177,116659.5458984375,440671475
-0.24785908,3.9540455,1.248308,-106.4760790499991,35333.251953125,-101.64615797200395,104611.2060546875,-101.51877939224553,34906.005859375,-103.04935375795544,116744.9951171875,440671495
-0.25701192,3.9879475,1.2103473,-104.25701701817997,35931.396484375,-104.32010947389526,35418.701171875,-101.04749464452087,35140.9912109375,-103.39113810327288,116488.6474609375,440671515
-0.26321304,4.008393,1.1788074,-103.45163939415056,35205.078125,-103.76188234061311,70068.359375,-99.29805950086038,35098.2666015625,-102.47753070013054,39392.08984375,440671535
-0.2676278,4.0221395,1.1544825,-103.46461525229721,34243.7744140625,-103.65721836170817,104718.017578125,-101.28065903872735,34628.2958984375,-101.38332707102704,38494.873046875,440671555
-0.27084118,4.0329256,1.1383514,-103.3122837644406,35952.7587890625,-102.04347408177968,105123.9013671875,-105.78567819066812,34457.3974609375,-101.21625596685786,116403.1982421875,440671575
-0.2734438,4.0407104,1.1224315,-101.07262666588167,34008.7890625,-102.62456486710994,105422.9736328125,-101.21060137100172,35119.62890625,-101.62302741973967,117150.87890625,440671595
-0.27528122,4.045738,1.10978,-104.63662203211106,69726.5625,-102.66581842495087,105294.7998046875,-98.8303863593257,35269.1650390625,-101.30014089851399,117279.052734375,440671615
-0.27662694,4.049158,1.0996999,-104.07177755026001,35440.0634765625,-104.01166420346406,104931.640625,-101.28714869400082,34692.3828125,-100.39764336973776,116638.18359375,440671635
-0.27774474,4.052127,1.0914956,-101.45134742135981,34414.6728515625,-103.79113700935292,104205.322265625,-102.12431090169714,34265.13671875,-102.45044704170635,115762.3291015625,440671655
-0.27859998,4.053934,1.0839862,-102.60690309387918,34521.484375,-104.17222465139893,104675.29296875,-99.44093286438955,35354.6142578125,-102.96985173225819,38900.7568359375,440671675
-0.27935702,4.0555105,1.0774152,-104.5093009409571,34371.9482421875,-102.66160144472862,104589.84375,-98.98161244917902,35311.8896484375,-102.51631671697545,116873.1689453125,440671695
-0.28032285,4.0575385,1.0689663,-99.63020878374545,35354.6142578125,-103.39909048361172,105123.9013671875,-102.9310718915046,34906.005859375,-102.07519081687187,117001.3427734375,440671715
-0.28152302,4.0600038,1.0586388,-102.11501337709974,34948.73046875,-102.55530943323875,70324.70703125,-100.94571315968446,35269.1650390625,-100.80728574593515,116189.5751953125,440671735
-0.2829882,4.0636053,1.047607,-102.85344365327069,34350.5859375,-103.0274709286948,105059.814453125,-101.3904267769432,34671.0205078125,-103.41948940410865,116531.3720703125,440671755
-0.28446752,4.067186,1.0365702,-104.207123841749,70837.40234375,-103.13194361257116,34265.13671875,-100.93898571975646,35375.9765625,-103.61606443180017,39648.4375,440671775
-0.28631178,4.0721235,1.0238842,-101.09992130440494,35546.875,-100.49030660689318,104931.640625,-101.19443763367967,34436.03515625,-100.39489245181909,116595.458984375,440671795
-0.2882725,4.077263,1.0102525,-105.64173074322254,1174.9267578125,-104.17878207450079,106256.103515625,-100.66986560583999,35226.4404296875,-103.82329830330535,116958.6181640625,440671815
-0.28996393,4.0812407,0.99732184,-104.22792454402418,34564.208984375,-103.27360448317833,105401.611328125,-102.93013789534672,35290.52734375,-101.90719105188415,117108.154296875,440671835
-0.29151508,4.0842743,0.9841562,-105.24654362285476,35397.3388671875,-102.85184428802538,104931.640625,-100.91681569152796,35461.42578125,-101.29651560286497,116467.28515625,440671855
-0.2931408,4.086807,0.96887726,-103.65043044283242,35504.150390625,-104.65984563676216,104867.5537109375,-103.3538293391743,35226.4404296875,-102.11955973874483,39028.9306640625,440671875
-0.294858,4.089555,0.9526557,-103.01735926520001,35504.150390625,-104.96350838515747,70089.7216796875,-98.93898737532722,34735.107421875,-102.37269604257824,38986.2060546875,440671895
-0.2962672,4.0904293,0.93596923,-103.28767309252477,69833.3740234375,-103.40279887788876,34436.03515625,-101.21833983893183,35739.1357421875,-102.97708216724472,38623.046875,440671915
-0.29786053,4.0910106,0.91622955,-103.94729249666739,34799.1943359375,-101.41012295920913,104269.4091796875,-102.36080864764561,34628.2958984375,-101.25966631878988,116766.357421875,440671935
-0.2998151,4.0922413,0.89367026,-105.30083445756159,69982.91015625,-102.79305919194144,104995.7275390625,-103.18114920618372,34735.107421875,-100.20112169283676,116061.4013671875,440671955
-0.30196616,4.0939183,0.8692285,-101.50975010564363,35482.7880859375,-102.54952185107145,104718.017578125,-102.2832321699751,34906.005859375,-101.57715238739209,116894.53125,440671975
-0.304313,4.0953426,0.8417362,-106.03064475738327,69769.287109375,-103.19375923368916,104696.6552734375,-101.58562999449691,35034.1796875,-102.59722903341007,116040.0390625,440671995
-0.3073209,4.098099,0.8086042,-103.54992474804645,35012.8173828125,-103.16239913218895,105358.88671875,-100.59351139416356,35504.150390625,-102.23619837018174,116937.255859375,440672015
-0.3104585,4.10061,0.77241594,-103.36347032536976,35867.3095703125,-102.23425163698168,105807.4951171875,-102.60703518008042,35440.0634765625,-100.69203201599221,38644.4091796875,440672035
-0.3142738,4.1056466,0.73388135,-102.29031856667932,35098.2666015625,-101.87763926256223,104696.6552734375,-100.03960233821687,34692.3828125,-101.41652332938187,116873.1689453125,440672055
-0.31835216,4.1104546,0.69230574,-104.2380689806717,70623.779296875,-105.52239031095026,105145.263671875,-100.91901589961837,34970.0927734375,-104.71919832955962,117535.400390625,440672075
-0.32323498,4.118295,0.6465106,-102.9212610927348,35867.3095703125,-101.01236107062641,105059.814453125,-102.34818339055691,35589.599609375,-105.006798494132,116275.0244140625,440672095
-0.32828027,4.125943,0.5976698,-101.69604363412748,34735.107421875,-104.51866467103108,104483.0322265625,-101.90761598292234,34201.0498046875,-103.83936178229428,115954.58984375,440672115
-0.3335346,4.135493,0.5493041,-103.60981322601648,35311.8896484375,-103.65914492581797,105059.814453125,-104.89784867386108,35675.048828125,-101.51533974721269,39093.017578125,440672135
-0.33868903,4.145152,0.50094944,-105.3027818406615,104953.0029296875,-103.94625327752263,106427.001953125,-100.6381207504596,35760.498046875,-101.55048872029242,38900.7568359375,440672155
-0.34294885,4.1528153,0.4570376,-103.30764404191373,34542.8466796875,-103.97085210354757,69662.4755859375,-99.85534128297323,35653.6865234375,-100.40830705263751,116445.9228515625,440672175
-0.34647846,4.15911,0.41874728,-102.50436852056184,34307.861328125,-106.26047353474704,34179.6875,-102.25820737266945,34030.1513671875,-100.31292741922742,38900.7568359375,440672195
-0.3492933,4.1633515,0.3849083,-105.40677505433499,34585.5712890625,-103.44143772619333,105017.08984375,-101.25202948330792,35119.62890625,-102.5750764236593,116723.6328125,440672215
-0.3515193,4.1657453,0.35458186,-103.37702863441959,34841.9189453125,-104.47431027554833,34927.3681640625,-101.42169991210679,34628.2958984375,-100.73217025150998,116958.6181640625,440672235
-0.3532502,4.167699,0.3301273,-103.33056502870947,34970.0927734375,-104.7031368422803,70816.0400390625,-100.617803547606,35375.9765625,-100.98646058348126,116339.111328125,440672255
-0.35481614,4.1694355,0.30660847,-103.7242518292556,34542.8466796875,-103.69749479856483,69299.31640625,-101.2553130531034,35803.22265625,-100.94091856152751,117108.154296875,440672275
-0.3561403,4.1711917,0.28708696,-105.97269532018986,12411.4990234375,-102.65429268398006,35290.52734375,-100.88949460717393,35269.1650390625,-101.39968919883727,39627.0751953125,440672295
-0.35734183,4.173185,0.2706232,-101.5297633429627,35205.078125,-102.38435414299454,105230.712890625,-99.5356931439552,35269.1650390625,-101.66217612232373,38388.0615234375,440672315
-0.35850102,4.1756516,0.2562767,-103.0870959911122,35012.8173828125,-102.95769985808727,104312.1337890625,-102.90847537444841,35696.4111328125,-101.04705457551275,117364.501953125,440672335
-0.35912973,4.176285,0.24545301,-106.03595021088829,70538.330078125,-102.9141322906278,104504.39453125,-101.92094362273804,34414.6728515625,-100.67291225658286,38986.2060546875,440672355
-0.3597258,4.1778665,0.23886679,-101.35619799029756,33859.2529296875,-103.63581686442514,105508.4228515625,-100.746124970794,35482.7880859375,-102.004145830995,116787.7197265625,440672375
-0.3600714,4.17829,0.23298344,-104.27370314341394,34863.28125,-102.40595379711662,104953.0029296875,-103.14361354285877,34927.3681640625,-103.71074113263604,117343.1396484375,440672395
-0.36058286,4.1796355,0.22733566,-101.83969451760672,35888.671875,-104.40583789163412,69042.96875,-98.41902594462877,35546.875,-102.12724139917059,117108.154296875,440672415
-0.36108816,4.180982,0.22168766,-103.64726156315223,34884.6435546875,-104.84580975987221,105145.263671875,-105.39504630102094,34991.455078125,-100.72446518546167,38516.2353515625,440672435
-0.36152014,4.1816254,0.2148628,-103.92386015934777,34991.455078125,-104.90092460107788,104931.640625,-103.6747703125452,34628.2958984375,-103.78274804645088,38836.669921875,440672455
-0.36229658,4.1836457,0.20639244,-105.05418647374151,35183.7158203125,-104.63204463000552,69534.3017578125,-100.74676581722528,35034.1796875,-103.84002884527327,116574.0966796875,440672475
-0.36334732,4.186338,0.19509982,-102.54067293308424,35781.8603515625,-102.30486925597118,105187.98828125,-101.93838113503624,35205.078125,-101.33158324322436,39584.3505859375,440672495
-0.36490464,4.1908617,0.18028046,-104.83332558072837,34991.455078125,-102.58038417891088,105487.060546875,-98.39205085199734,35440.0634765625,-102.34952845145713,116638.18359375,440672515
-0.36684477,4.196294,0.1617034,-102.40178238891703,35290.52734375,-105.35281687761967,105252.0751953125,-104.1934214890214,4934.6923828125,-102.03380970891429,116616.8212890625,440672535
-0.36951798,4.205215,0.1410267,-105.53749548077533,69213.8671875,-103.11012807993004,105252.0751953125,-100.15905950288824,34671.0205078125,-101.62701142453719,38217.1630859375,440672555
-0.3720738,4.212757,0.11800273,-105.81842652241313,70730.5908203125,-102.42121121880987,104675.29296875,-100.93908968760148,35418.701171875,-103.46478314434094,39456.1767578125,440672575
-0.37522107,4.222862,0.09264813,-101.17237550104208,34414.6728515625,-103.54511374797154,104974.365234375,-103.79541773446431,35397.3388671875,-102.37734218342715,117065.4296875,440672595
-0.37854388,4.233452,0.06542439,-103.37970217324703,70687.8662109375,-100.79950109597662,104611.2060546875,-102.46679757130444,34927.3681640625,-101.31316336175618,116574.0966796875,440672615
-0.3824342,4.245466,0.032583702,-104.40668762547533,35205.078125,-102.45637563152472,105252.0751953125,-100.64001778998801,34628.2958984375,-101.3993024037162,116915.8935546875,440672635
-0.38722086,4.261208,-0.0032668412,-103.83507739727479,69876.0986328125,-103.22288397707447,34735.107421875,-98.87212250836467,35354.6142578125,-101.3068816579853,115783.69140625,440672655
-0.39185545,4.276803,-0.03814871,-102.31900518344716,70196.533203125,-105.98294088708337,105551.1474609375,-101.52416117086844,34158.3251953125,-100.04209663337078,116146.8505859375,440672675
-0.39608654,4.291515,-0.06925795,-102.74960272859445,35076.904296875,-105.20113601729113,105636.5966796875,-98.67168116640019,35653.6865234375,-101.83610730492381,39157.1044921875,440672695
-0.39936057,4.302307,-0.09640824,-101.21196778602791,34542.8466796875,-102.94385734122811,104632.568359375,-100.57887987633964,35290.52734375,-102.80993228854558,117108.154296875,440672715
-0.40213445,4.3119407,-0.11886572,-101.26185752932366,36230.46875,-103.82201961305107,105187.98828125,-99.33567077081882,34799.1943359375,-101.94843803788055,38687.1337890625,440672735
-0.40363643,4.3166604,-0.13362946,-103.6520573732558,34884.6435546875,-103.31682549844201,105038.4521484375,-100.38468092262251,34500.1220703125,-102.75561121537001,116723.6328125,440672755
-0.40453506,4.3197227,-0.14182627,-103.93448636221855,35888.671875,-103.57537006430891,104269.4091796875,-98.30535384790673,34606.93359375,-103.98955765447982,115933.2275390625,440672775
-0.4049351,4.32091,-0.14651887,-104.24079035733898,35354.6142578125,-102.14545441570606,104974.365234375,-101.56444009071825,34906.005859375,-103.5859884774629,116531.3720703125,440672795
-0.40517274,4.3216214,-0.14933482,-101.27039652884355,34970.0927734375,-104.73651314997178,104782.1044921875,-101.9254732996079,33987.4267578125,-101.67146242532269,38110.3515625,440672815
-0.40548697,4.322569,-0.15308994,-103.83898095418158,104867.5537109375,-102.75648278934868,105508.4228515625,-101.04791000015913,34393.310546875,-101.21277340447813,116830.4443359375,440672835
-0.4060354,4.324221,-0.15966302,-103.60325193161536,35440.0634765625,-105.705725429485,104867.5537109375,-101.46641652128329,35696.4111328125,-101.86800149047255,116744.9951171875,440672855
-0.4069028,4.3272657,-0.16786993,-102.88843455446602,35760.498046875,-102.81416774769272,104867.5537109375,-99.94947622305027,34371.9482421875,-102.07494369236883,38964.84375,440672875
-0.4079893,4.3305607,-0.1810193,-104.81757989565077,70239.2578125,-103.20228863874505,34115.6005859375,-102.76480622123644,34970.0927734375,-104.2720965137556,39157.1044921875,440672895
-0.40906137,4.334319,-0.19204402,-100.61625826531538,34008.7890625,-104.31391314355034,33923.33984375,-101.86902255328908,34286.4990234375,-103.52387496639155,39691.162109375,440672915
-0.40972742,4.336445,-0.20049788,-105.0959171822183,103564.453125,-103.27152254192347,104995.7275390625,-99.90440771710071,35012.8173828125,-103.71229715326437,116275.0244140625,440672935
-0.41017056,4.33786,-0.20613438,-104.07710865962302,104418.9453125,-104.73414599695087,105209.3505859375,-100.55583003012006,35482.7880859375,-100.51449800505749,116296.38671875,440672955
-0.4105369,4.3390393,-0.21083169,-101.25253000161385,35546.875,-102.96571175671582,104290.771484375,-103.84555068255351,34820.556640625,-104.55148154408027,39135.7421875,440672975
-0.41075522,4.339748,-0.21364991,-105.12295096636906,69085.693359375,-103.77535815873452,105487.060546875,-99.72229226182806,35504.150390625,-102.32414411736974,38986.2060546875,440672995
-0.41090125,4.34022,-0.21552886,-101.65531065511557,35055.5419921875,-104.81578675445449,70196.533203125,-102.2156188957216,35610.9619140625,-101.21544204768017,116360.4736328125,440673055
-0.41087875,4.3397655,-0.2176526,-101.50554545725373,33453.369140625,-102.63414619108362,105679.3212890625,-102.96384030342051,34393.310546875,-103.99489221792676,116339.111328125,440673115
-0.41085455,4.3393083,-0.21977541,-100.97318254039841,34329.2236328125,-101.92880991478768,105081.1767578125,-102.01202252771112,34820.556640625,-101.41594117209748,116510.009765625,440673215
-0.4109912,4.339774,-0.22165655,-102.08722653245769,34649.658203125,-105.58612295972127,105316.162109375,-103.28909019450145,35162.353515625,-102.92271356401118,116723.6328125,440673315
-0.41089907,4.3390784,-0.22283761,-101.66757561162439,35162.353515625,-103.46339756665962,105465.6982421875,-102.55345696552475,35247.802734375,-102.81438290989405,38815.3076171875,440673335
-0.41103598,4.33954,-0.22471972,-105.86574239537705,35183.7158203125,-105.77686777786403,104867.5537109375,-102.71228342403093,34777.83203125,-101.71894917750348,117193.603515625,440673375
-0.41131368,4.340452,-0.22848643,-105.17529601859218,36251.8310546875,-102.12302665741632,105636.5966796875,-98.68178411582223,34500.1220703125,-102.45374261861583,39157.1044921875,440673415
-0.41145292,4.340906,-0.23037024,-106.32555818601446,106127.9296875,-101.70930935087657,105230.712890625,-102.8339054845933,34799.1943359375,-99.67175508204409,116275.0244140625,440673435
-0.41159353,4.3413563,-0.23225486,-103.76301844694066,104077.1484375,-103.4971168282355,105551.1474609375,-102.51552692575046,35717.7734375,-101.94820877177904,116296.38671875,440673455
-0.41180912,4.3420205,-0.23508407,-102.75185205368182,34649.658203125,-102.07910373251062,104974.365234375,-100.17787706848198,35162.353515625,-101.83446339218864,116915.8935546875,440673475
-0.41239253,4.3442626,-0.24051955,-103.1152788604952,34585.5712890625,-105.2134513423188,104910.2783203125,-100.4976933288443,34970.0927734375,-102.56839903366509,117065.4296875,440673495
-0.41310713,4.3469253,-0.24784984,-104.90699328524258,69726.5625,-104.3230395178262,105081.1767578125,-102.90252790170607,34906.005859375,-101.093444577743,38281.25,440673515
-0.41389105,4.3497887,-0.25612995,-103.56990538200026,34072.8759765625,-103.69852405117398,104824.8291015625,-101.66681352839802,35333.251953125,-102.7082748101006,39135.7421875,440673535
-0.41458917,4.3524294,-0.2634697,-105.32224642637267,104846.19140625,-102.66850162940956,70324.70703125,-100.97661974241704,34777.83203125,-101.57587982682314,116680.908203125,440673555
-0.41499102,4.3537135,-0.26914057,-104.17269562400452,35098.2666015625,-103.49696480092211,104653.9306640625,-105.0560936612317,36187.744140625,-101.7159517615292,38751.220703125,440673575
-0.41525865,4.3545747,-0.27291995,-103.26035173502918,35546.875,-103.65166513220716,104376.220703125,-100.17083195632182,34799.1943359375,-102.2663644047565,38986.2060546875,440673595
-0.41517574,4.353857,-0.27408847,-102.83772042839217,35525.5126953125,-103.92971059959562,105166.6259765625,-100.91732306244262,34948.73046875,-102.552495379891,39199.8291015625,440673615
-0.4151632,4.3533564,-0.2762026,-103.15221189015163,34756.4697265625,-105.13969840247904,35055.5419921875,-99.7047004582175,35205.078125,-102.16253246396421,38900.7568359375,440673655
-0.415203,4.3530836,-0.2792623,-100.9537275051828,34115.6005859375,-105.05446701623862,104846.19140625,-99.8742102307277,35461.42578125,-101.50074943976685,116766.357421875,440673715
-0.4153336,4.3535256,-0.2811496,-102.1486712905314,35055.5419921875,-103.37502546311504,103991.69921875,-101.33118808131113,34927.3681640625,-99.53589883539087,116360.4736328125,440673735
-0.41523513,4.352818,-0.28232282,-103.09054519969168,35739.1357421875,-102.41310744274844,105166.6259765625,-101.1287126178525,35461.42578125,-101.89166995091557,116830.4443359375,440673755
-0.41536713,4.3532624,-0.28420946,-104.6099588160765,7604.98046875,-103.49590214239296,104974.365234375,-102.01028241750598,34948.73046875,-101.13406923843412,116445.9228515625,440673795
