9.229744,66.474655,29.221218,-105.48578008925998,69726.5625,-102.99212241158892,69769.287109375,-100.80471041916994,34777.83203125,-104.51434520025285,116659.5458984375,440870996
9.229404,66.47328,29.22107,-102.70326606440852,35076.904296875,-103.5410120318956,104675.29296875,-100.77490940135243,35589.599609375,-101.26996751537312,116595.458984375,440871056
9.229067,66.47191,29.22092,-103.7928538924376,34692.3828125,-102.7034684538289,104931.640625,-100.10766595861143,34414.6728515625,-103.01599769078452,116915.8935546875,440871116
9.2287245,66.470535,29.220772,-102.47318572425871,36016.845703125,-104.05967126923403,69982.91015625,-101.22783697090316,35418.701171875,-99.33097063436557,116659.5458984375,440871176
9.228382,66.46916,29.220623,-104.80758656356586,34265.13671875,-103.38481297931578,104483.0322265625,-101.480577689766,34222.412109375,-100.52482545397669,116680.908203125,440871236
9.228042,66.46779,29.220474,-104.25367527182803,35696.4111328125,-103.70298256269581,105230.712890625,-102.57709156422888,34179.6875,-100.71961272457706,116317.7490234375,440871296
9.227701,66.466415,29.220325,-105.8176700705227,106405.6396484375,-101.9892113874461,104376.220703125,-99.82186464968159,35034.1796875,-100.22453126643234,116445.9228515625,440871356
9.227359,66.46504,29.220177,-103.77691720024394,34201.0498046875,-102.3672614516681,104675.29296875,-100.95914033428024,34970.0927734375,-102.99930945916394,116616.8212890625,440871416
9.2270155,66.46367,29.220028,-103.1538145727685,34393.310546875,-104.16172149121051,104632.568359375,-102.79682814913059,35098.2666015625,-100.53396339805721,116531.3720703125,440871476
9.226672,66.462296,29.21988,-102.38890625478379,35803.22265625,-101.66281211900811,105465.6982421875,-101.9135237024509,35140.9912109375,-101.70280240934888,38388.0615234375,440871536
9.226329,66.46092,29.21973,-102.74018656099912,36700.439453125,-103.17127451283214,70516.9677734375,-102.25613694158864,34671.0205078125,-100.42849603041878,116381.8359375,440871596
9.225986,66.45955,29.219582,-101.62431758456447,35461.42578125,-105.24217325308493,105059.814453125,-99.27267688412243,34307.861328125,-100.8475822281754,116296.38671875,440871656
9.225642,66.458176,29.219433,-102.843811049958,35076.904296875,-104.31111754857831,105166.6259765625,-100.50971686530238,35055.5419921875,-104.35430493372391,38964.84375,440871716
9.2253,66.4568,29.219284,-103.88815161980244,34542.8466796875,-101.85423294170066,104888.916015625,-102.89469194344821,35418.701171875,-103.12080223594103,38922.119140625,440871776
9.224961,66.45543,29.219135,-106.19931997729053,35119.62890625,-101.33982873508842,105914.306640625,-102.35883471888096,35140.9912109375,-100.92964724795763,38580.322265625,440871836
9.224623,66.454056,29.218987,-104.73670657503425,34542.8466796875,-104.61513885331448,105358.88671875,-101.68996342051594,33880.615234375,-100.09627366046502,116979.98046875,440871896
9.224281,66.45268,29.218838,-100.92802858399676,35012.8173828125,-101.80635710076103,104995.7275390625,-100.4786858607377,35653.6865234375,-102.03300446076526,117257.6904296875,440871956
9.223943,66.45131,29.218689,-101.39391709008335,35119.62890625,-104.91986101489842,105145.263671875,-103.18680191484354,35440.0634765625,-100.84288124320422,38772.5830078125,440872016
9.2235985,66.449936,29.21854,-105.16401371375507,34927.3681640625,-103.96199414505786,34500.1220703125,-103.57230436274531,35076.904296875,-101.96273131929702,38644.4091796875,440872076
9.223493,66.44888,29.219395,-101.51360179229047,34991.455078125,-103.69878147345014,105294.7998046875,-99.46755181694384,35375.9765625,-101.8715743113949,116915.8935546875,440872116
9.227244,66.44865,29.243628,-105.60646647341264,36187.744140625,-105.87865258802113,105017.08984375,-103.11025999803404,34478.759765625,-103.7249204091706,38281.25,440872136
9.23552,66.45331,29.291826,-102.89307823126039,34414.6728515625,-105.96815610836879,105615.234375,-101.55446182781604,34606.93359375,-101.3356572431442,116680.908203125,440872156
9.245175,66.45647,29.34856,-102.85569356309725,69128.41796875,-104.92218932098545,104547.119140625,-102.6825029502688,34927.3681640625,-102.64638313855795,116082.763671875,440872176
9.258439,66.45437,29.442612,-103.37781417064035,70239.2578125,-101.97063467567403,105209.3505859375,-99.29289419009024,34436.03515625,-104.86127788541454,38281.25,440872196
9.270241,66.44803,29.536163,-106.02710689766988,104675.29296875,-102.7120996556298,104354.8583984375,-101.80832016472807,34777.83203125,-101.62584376210518,117022.705078125,440872216
9.283229,66.44032,29.642195,-101.72177613301764,35269.1650390625,-100.77515757127885,105422.9736328125,-100.78316223671706,34970.0927734375,-100.67361582890905,116702.2705078125,440872236
9.298505,66.436424,29.757353,-105.11079559609936,70132.4462890625,-106.66135504109303,69534.3017578125,-101.65430387360745,35546.875,-102.82936250020066,116894.53125,440872256
9.315674,66.434425,29.881401,-101.48579116861202,34799.1943359375,-103.14701085497629,104077.1484375,-99.43355034698114,34350.5859375,-99.77257378890883,116488.6474609375,440872276
9.335898,66.44019,30.013012,-104.55072359863834,34777.83203125,-102.09339274377797,105252.0751953125,-103.57932080282342,34606.93359375,-101.03191371764828,116210.9375,440872296
9.357173,66.448875,30.145823,-103.70471243049353,34777.83203125,-103.28208957381884,104953.0029296875,-102.25666030111036,34072.8759765625,-102.64294842790943,116659.5458984375,440872316
9.378734,66.461266,30.273129,-102.70922512116265,69555.6640625,-101.16520285429411,105273.4375,-104.58297471925843,105572.509765625,-100.49837716558832,39093.017578125,440872336
9.403998,66.49142,30.395395,-102.44412483231412,34841.9189453125,-102.93525323277423,105679.3212890625,-101.47433322914252,34521.484375,-103.34681905724567,38943.4814453125,440872356
9.428834,66.522675,30.507982,-100.8441960197037,35098.2666015625,-102.68548876679165,69363.4033203125,-101.16254665623698,35247.802734375,-100.47545415923743,116616.8212890625,440872376
9.452948,66.55509,30.610933,-103.33918927833538,36145.01953125,-102.39507786380958,105551.1474609375,-100.76167695492829,35440.0634765625,-100.01786615745353,116445.9228515625,440872396
9.47677,66.58814,30.708088,-103.05102544966532,35290.52734375,-104.04962262041643,105444.3359375,-102.345280552865,34820.556640625,-101.91304111739386,115997.314453125,440872416
9.500712,66.621216,30.805206,-101.69979559115905,33880.615234375,-103.81421675970876,34072.8759765625,-100.58484770968806,34820.556640625,-102.34632409250798,116787.7197265625,440872436
9.525491,66.65717,30.902546,-106.06919156180683,34713.7451171875,-102.86463301630604,105722.0458984375,-103.63277050186505,34457.3974609375,-99.27517600222872,117129.5166015625,440872456
9.551893,66.69783,31.000227,-102.45073447046907,34671.0205078125,-103.43818800546475,105786.1328125,-102.26265483910001,35739.1357421875,-102.26966359607172,117172.2412109375,440872476
9.580126,66.745155,31.09845,-105.18187282971807,34201.0498046875,-104.13558917752773,105209.3505859375,-102.42192201977599,34671.0205078125,-99.68880534869251,116638.18359375,440872496
9.611048,66.82821,31.164267,-103.35125167954821,36230.46875,-103.45403833118148,105252.0751953125,-102.45180704081488,34713.7451171875,-102.93282675844893,39349.365234375,440872516
9.641331,66.912056,31.224205,-105.59612462695088,35375.9765625,-103.27418243880555,104504.39453125,-101.06729947134886,34671.0205078125,-102.35369550228802,116915.8935546875,440872536
9.670777,66.99654,31.280277,-105.80638710054873,105700.68359375,-104.37821215146506,105657.958984375,-103.21497469074423,36380.0048828125,-101.7739234414648,116595.458984375,440872556
9.700064,67.081154,31.335386,-100.67023677966145,34735.107421875,-103.16439877084372,105252.0751953125,-103.35809565123982,35012.8173828125,-101.60765961321655,116766.357421875,440872576
9.729463,67.16569,31.390562,-101.6414746236627,35098.2666015625,-104.02910851697146,70260.6201171875,-101.16393504348652,35012.8173828125,-105.34987222655951,117236.328125,440872596
9.759264,67.253,31.446226,-103.2238074565877,34692.3828125,-102.58057822175772,104995.7275390625,-100.01573259691371,34478.759765625,-102.42205087080721,116659.5458984375,440872616
9.788302,67.34037,31.502197,-104.68487512431012,34756.4697265625,-104.23908725009554,105337.5244140625,-102.1084646095101,36059.5703125,-101.464251017644,38323.974609375,440872636
9.817496,67.43059,31.55868,-102.8982715511068,35055.5419921875,-104.19391030281027,105038.4521484375,-99.99521013942307,35247.802734375,-102.63934114976139,116061.4013671875,440872656
9.846263,67.52084,31.615318,-101.87869361818795,35012.8173828125,-103.35366420176558,34735.107421875,-99.78606880513661,34457.3974609375,-101.09505032296254,39093.017578125,440872676
9.8743725,67.60818,31.671816,-102.19109668900441,34884.6435546875,-103.28177209308043,104995.7275390625,-101.1419011846667,34436.03515625,-101.9144566548499,116723.6328125,440872696
9.899105,67.695045,31.71104,-103.06719373114964,35247.802734375,-105.2135904075846,105529.78515625,-102.88634132467367,34735.107421875,-100.46128733563859,115997.314453125,440872716
9.923142,67.78338,31.746819,-102.45316306469729,35568.2373046875,-101.17630647819288,104653.9306640625,-102.85269272027483,35076.904296875,-102.0040497212397,38729.8583984375,440872736
9.946363,67.87101,31.78088,-104.4897717671349,70816.0400390625,-103.31025585172533,104760.7421875,-99.34848104372315,34671.0205078125,-100.00447362063838,116937.255859375,440872756
9.967746,67.96005,31.805693,-104.8796311367638,69235.2294921875,-103.85969644711113,105380.2490234375,-103.08946325802575,35546.875,-101.10212022360608,116915.8935546875,440872776
9.98863,68.04937,31.828829,-104.18949521557619,34884.6435546875,-101.8779822595597,105252.0751953125,-100.73369849851873,35098.2666015625,-100.99613875536159,116787.7197265625,440872796
10.007261,68.140335,31.841887,-102.6293732405155,35504.150390625,-103.12582459280543,104974.365234375,-100.3979373319637,35098.2666015625,-103.55085997240572,116979.98046875,440872816
10.024707,68.232086,31.850561,-101.81184875397632,36550.9033203125,-104.4901292677799,104782.1044921875,-99.99551403277805,35205.078125,-99.64891705078836,116595.458984375,440872836
10.040947,68.324776,31.853897,-101.38109246575044,34841.9189453125,-103.06753813107747,104568.4814453125,-100.97272471965665,34991.455078125,-101.59646654124668,116979.98046875,440872856
10.056209,68.418526,31.85092,-103.52141175267582,34692.3828125,-104.79863305071781,104995.7275390625,-102.88159483263095,35205.078125,-101.49054243119426,117001.3427734375,440872876
10.070349,68.513145,31.843632,-104.17304240674491,36187.744140625,-105.32294829704595,105230.712890625,-100.59200360012792,34777.83203125,-100.22565052298846,116680.908203125,440872896
10.083806,68.60817,31.834812,-104.44966389825665,35589.599609375,-102.70924789415068,104910.2783203125,-100.54876385204287,34414.6728515625,-101.76630627993401,116595.458984375,440872916
10.096855,68.70356,31.824362,-104.42748570658279,35226.4404296875,-103.5797929427167,104653.9306640625,-100.57279829803532,35867.3095703125,-103.96716470914022,116616.8212890625,440872936
10.109151,68.79954,31.811478,-103.02915144324841,34820.556640625,-102.12293852324551,105593.8720703125,-103.50633725366811,35076.904296875,-102.49534657652751,116873.1689453125,440872956
10.120506,68.89614,31.79617,-102.98398398073375,34286.4990234375,-102.17304113287994,34307.861328125,-102.62455688023127,34393.310546875,-103.15801947171609,38964.84375,440872976
10.131362,68.993484,31.777435,-104.16353224984091,34649.658203125,-103.79517852412734,104653.9306640625,-99.77098184667439,34179.6875,-102.27375222089472,38174.4384765625,440872996
10.141266,69.09167,31.755365,-102.18718229839347,34777.83203125,-102.13345909479301,104739.3798828125,-101.49338600172895,34799.1943359375,-101.12909006381065,116018.6767578125,440873016
10.150336,69.190346,31.731792,-102.67905823721054,34585.5712890625,-103.96091886110437,104418.9453125,-99.37696069775741,34756.4697265625,-101.11100283071897,39178.466796875,440873036
10.152921,69.252426,31.70138,-102.6643606878507,3759.765625,-104.1015534465182,105444.3359375,-101.1149801010967,34777.83203125,-100.57251215559225,39093.017578125,440873056
10.15426,69.310265,31.668484,-102.13908885987169,35653.6865234375,-104.69444584996239,70324.70703125,-100.83707385099183,34756.4697265625,-103.06405131884966,116873.1689453125,440873076
10.1543,69.36519,31.631361,-101.11888195501292,34692.3828125,-102.00533278271804,105038.4521484375,-98.81421378653326,35076.904296875,-101.60056560099272,117108.154296875,440873096
10.153847,69.42083,31.591627,-101.33086885927703,35290.52734375,-102.85111749556883,34713.7451171875,-100.90362555837308,34970.0927734375,-100.80983343242274,116552.734375,440873116
10.150972,69.4798,31.537125,-102.00190691724332,34500.1220703125,-103.09646513342821,105487.060546875,-104.22153921014448,34692.3828125,-101.65981299463746,38708.49609375,440873136
10.14667,69.5409,31.474527,-102.06294706178934,34991.455078125,-102.10448212959385,105529.78515625,-100.0542888807683,34906.005859375,-102.6034801773261,38922.119140625,440873156
10.1417885,69.60321,31.40855,-102.13308784270771,70175.1708984375,-104.48608384664203,105380.2490234375,-100.79464035517924,35076.904296875,-101.27546943561391,116659.5458984375,440873176
10.136851,69.66588,31.342915,-101.43855537457911,34906.005859375,-102.39115517461074,105422.9736328125,-102.27033694011139,35504.150390625,-100.40144437091647,116851.806640625,440873196
10.129282,69.71094,31.273825,-104.40821756589679,69876.0986328125,-104.12249616462867,104867.5537109375,-99.9974120168672,35311.8896484375,-101.967083802815,116659.5458984375,440873216
10.120738,69.75197,31.202028,-104.51188753899821,35119.62890625,-102.09186743117363,105422.9736328125,-103.9883679985335,35311.8896484375,-103.57482563494237,38623.046875,440873236
10.112635,69.792564,31.133165,-106.19464132826032,35397.3388671875,-102.76278566817899,105145.263671875,-102.66156259754342,35760.498046875,-100.14450720075827,116317.7490234375,440873256
10.103022,69.82257,31.060051,-105.18123180787808,69235.2294921875,-103.07848557467358,105252.0751953125,-100.58278064787409,35076.904296875,-101.19975486779856,115933.2275390625,440873276
10.092819,69.843925,30.986973,-102.95359651901252,34201.0498046875,-102.78904469895438,104696.6552734375,-102.3449840951403,34820.556640625,-104.25266579178401,40054.3212890625,440873296
10.082389,69.85826,30.915228,-102.65085314771399,34436.03515625,-103.23863955926684,105059.814453125,-102.33080027381163,34756.4697265625,-103.34600432038293,116680.908203125,440873316
10.071382,69.86619,30.841948,-104.16930124275515,70239.2578125,-103.80348634465102,105017.08984375,-102.4431806335077,36080.9326171875,-102.72769793616624,116616.8212890625,440873336
10.060084,69.8684,30.768248,-103.78068261167236,38815.3076171875,-104.69623719921714,105230.712890625,-101.38007656648159,34500.1220703125,-100.81630962647857,116616.8212890625,440873356
10.048882,69.864655,30.694994,-103.571180484089,70388.7939453125,-105.67281381560583,34329.2236328125,-103.22309951219023,35247.802734375,-101.14459718251132,38537.59765625,440873376
10.038486,69.85679,30.626593,-104.21876917411726,34500.1220703125,-102.26207714442717,104525.7568359375,-99.35532433198155,34756.4697265625,-102.29339788815743,116680.908203125,440873396
10.028605,69.844986,30.562126,-104.11840388822951,35354.6142578125,-102.57183100102013,105316.162109375,-102.61508101206948,35546.875,-103.47456319059853,37854.00390625,440873416
10.019861,69.82578,30.506744,-101.99960666024347,69918.8232421875,-103.70728596800332,104696.6552734375,-102.71653829935113,34713.7451171875,-100.42326299040832,116445.9228515625,440873436
10.011827,69.802,30.457218,-101.02526715531324,34841.9189453125,-101.60695016190667,105059.814453125,-101.01300167869924,35076.904296875,-100.65873706528907,117385.8642578125,440873456
10.004955,69.77173,30.417082,-104.43052862242901,70239.2578125,-103.84054638674206,105358.88671875,-100.23890966713162,34906.005859375,-104.64421497586414,116744.9951171875,440873476
9.999368,69.74185,30.38706,-102.10323040861503,34436.03515625,-103.36510150988671,104418.9453125,-101.24940280517168,34991.455078125,-100.67720997916402,116659.5458984375,440873496
9.99547,69.71595,30.368982,-102.43283970276363,36059.5703125,-103.49409297192292,104632.568359375,-99.69694501542959,34948.73046875,-103.13258407381788,39712.5244140625,440873516
9.992875,69.69945,30.35716,-104.16925687098632,33432.0068359375,-102.43265046710306,105487.060546875,-105.13834773340285,35205.078125,-102.32209907118903,39199.8291015625,440873536
9.991353,69.68955,30.350883,-101.54993328661894,35760.498046875,-103.60854445681967,104675.29296875,-101.76824696568073,34970.0927734375,-100.83832248254355,116680.908203125,440873556
9.9906025,69.68367,30.34853,-106.2555881317566,34991.455078125,-103.21208466359937,104888.916015625,-101.4452925810248,34735.107421875,-102.95665830045026,39028.9306640625,440873576
9.98993,69.678734,30.346401,-103.5035424877014,34286.4990234375,-102.5664726258471,105187.98828125,-101.04935169911516,34606.93359375,-100.94106326975046,116403.1982421875,440873596
9.989146,69.67052,30.345505,-105.89333159450601,34713.7451171875,-105.61899447859871,105017.08984375,-100.51865306899593,34521.484375,-101.42628644705964,116873.1689453125,440873616
9.988344,69.653175,30.349438,-104.44012638099733,34692.3828125,-102.17694256600163,104888.916015625,-103.53087390953209,34927.3681640625,-103.91349348307271,38900.7568359375,440873636
9.988089,69.6169,30.36586,-102.61161767968375,34371.9482421875,-101.61638847942407,104739.3798828125,-101.72417355065555,34478.759765625,-104.83745385653086,117001.3427734375,440873656
9.989172,69.55922,30.401197,-103.28787476856434,34713.7451171875,-100.84386760768797,104824.8291015625,-102.45017030951493,34906.005859375,-101.06247504956413,39605.712890625,440873676
9.991217,69.48423,30.447683,-101.02436589082717,35675.048828125,-103.86976503691919,104803.466796875,-101.21029548855535,34457.3974609375,-100.99775702371757,117129.5166015625,440873696
9.996243,69.388245,30.52253,-102.4895615003586,35525.5126953125,-104.19971399645468,105038.4521484375,-100.13168299583276,35140.9912109375,-103.81638380119584,116403.1982421875,440873716
10.002018,69.28557,30.607185,-104.06652603047294,34072.8759765625,-102.8363660509352,104525.7568359375,-101.35487423623545,35888.671875,-101.1496812676732,38537.59765625,440873736
10.008906,69.18918,30.70141,-102.96119101715578,34841.9189453125,-105.21512955352934,105636.5966796875,-101.73756606222503,35205.078125,-102.78972429934674,116061.4013671875,440873756
10.016165,69.109245,30.794346,-102.34478428961468,35247.802734375,-102.94885621868926,105038.4521484375,-101.15867742205965,35375.9765625,-101.09949986515105,39007.568359375,440873776
10.02385,69.04622,30.882929,-104.56418966332065,34713.7451171875,-104.18859886601156,105807.4951171875,-105.11421659864013,34265.13671875,-102.1111278451312,116317.7490234375,440873796
10.032578,68.99963,30.96894,-103.29734378677374,69982.91015625,-103.69597333549376,70217.8955078125,-102.33819210834741,35076.904296875,-102.31956020358521,39285.2783203125,440873816
10.043141,68.96522,31.057308,-103.1785897258942,69940.185546875,-105.10121441510148,70367.431640625,-102.56197666184895,34799.1943359375,-101.66988244038158,38879.39453125,440873836
10.055435,68.94198,31.147854,-101.7660445042158,69619.7509765625,-103.2797324811405,104632.568359375,-100.72427691822517,35140.9912109375,-100.50671238318792,116894.53125,440873856
10.069053,68.9281,31.240267,-104.49830341039609,35397.3388671875,-102.60020970803686,105145.263671875,-102.73032995130919,35589.599609375,-102.8161581507454,116894.53125,440873876
10.083548,68.919914,31.333801,-100.98722951997635,35205.078125,-103.16380893048134,105145.263671875,-102.2407848373866,36166.3818359375,-101.29241468924194,116702.2705078125,440873896
10.099592,68.923195,31.429598,-103.05249238245166,35675.048828125,-105.30381049306321,105252.0751953125,-100.41535881691608,34948.73046875,-101.75429200293065,116979.98046875,440873916
10.115759,68.9266,31.52537,-104.28266853152522,34991.455078125,-104.94735170754743,70538.330078125,-100.07404072464944,34991.455078125,-103.63495524577488,116125.48828125,440873936
10.132035,68.930176,31.621117,-101.68464403252307,34393.310546875,-104.80173610771794,104333.49609375,-99.59165953536719,35653.6865234375,-100.80543902851568,39178.466796875,440873956
10.148593,68.93387,31.71681,-102.57687156603325,70196.533203125,-103.06038881823746,104846.19140625,-100.06140333014103,35632.32421875,-102.81230359238427,38110.3515625,440873976
10.16533,68.937775,31.812464,-104.93336762838241,35739.1357421875,-105.44111488125644,104910.2783203125,-101.48864395328822,35418.701171875,-103.61832235917575,39392.08984375,440873996
10.177734,68.94949,31.876245,-99.94350791999508,34628.2958984375,-103.01801500070178,105187.98828125,-102.98527039452665,35269.1650390625,-102.23908157959869,116723.6328125,440874016
10.190193,68.96384,31.937485,-102.7864011229415,34991.455078125,-101.16597504958906,104910.2783203125,-99.16204817068748,35076.904296875,-101.47133351933277,117108.154296875,440874036
10.205274,68.99894,31.998476,-103.91331986868367,35867.3095703125,-103.35230806946747,104653.9306640625,-100.55665815862149,35845.947265625,-100.98565106090535,116958.6181640625,440874056
10.219552,69.03532,32.053726,-103.95471738800236,69577.0263671875,-102.4584904761182,105102.5390625,-101.2718667825269,34671.0205078125,-101.29207210301801,38366.69921875,440874076
10.233732,69.072,32.107944,-107.40394786887622,70452.880859375,-104.64932535644147,105145.263671875,-99.92619742686958,35012.8173828125,-101.54315658417306,38665.771484375,440874096
10.247882,69.108795,32.162094,-103.52206444411912,35781.8603515625,-102.84933397861502,104696.6552734375,-101.21243797695007,34756.4697265625,-100.83863589605299,116744.9951171875,440874116
10.262051,69.14567,32.216183,-105.38205528245042,70025.634765625,-104.41741907951297,105145.263671875,-100.79005512161105,35440.0634765625,-102.90103677166996,116082.763671875,440874136
10.276292,69.18261,32.270206,-100.09834868851055,34307.861328125,-102.69148457994103,70196.533203125,-101.36559165550317,34927.3681640625,-101.55760201227152,116125.48828125,440874156
10.291372,69.22528,32.325172,-103.2344811085464,70431.5185546875,-102.92505203806557,105166.6259765625,-102.99621426747812,35055.5419921875,-101.49414808017424,38430.7861328125,440874176
10.306925,69.270836,32.380573,-103.38793559846991,34756.4697265625,-104.38175997802236,70794.677734375,-101.29244061411808,34948.73046875,-104.80920160745755,117279.052734375,440874196
10.323133,69.321175,32.436752,-104.25542748377933,35076.904296875,-103.60489896653203,70452.880859375,-101.08415989358863,35546.875,-102.65463015838739,38430.7861328125,440874216
10.341303,69.40721,32.48041,-104.4557885485085,35568.2373046875,-103.74258579786817,105316.162109375,-100.04148126355832,35012.8173828125,-104.02419632346614,39050.29296875,440874236
10.359215,69.49361,32.522167,-101.15085081043397,34991.455078125,-103.11561211545799,105380.2490234375,-101.47850284494265,35418.701171875,-102.38171338344073,116744.9951171875,440874256
10.376734,69.580536,32.561085,-103.24765709866737,35589.599609375,-104.05511213076922,105081.1767578125,-101.72256559090056,34991.455078125,-102.90650034949334,116510.009765625,440874276
10.394053,69.667465,32.600098,-105.01550357998485,35140.9912109375,-103.28130970579056,34927.3681640625,-103.97190592154448,8331.298828125,-101.41275438357056,38537.59765625,440874296
10.411443,69.754364,32.63914,-102.87844740015078,35525.5126953125,-100.9916317101451,105465.6982421875,-103.6694753066139,34841.9189453125,-101.20658342057295,117086.7919921875,440874316
10.428827,69.84124,32.678246,-105.01830304639695,34906.005859375,-102.6166785973844,104397.5830078125,-101.97903678728588,34777.83203125,-101.32842614839393,116552.734375,440874336
10.444479,69.92994,32.708057,-103.29485830347197,33859.2529296875,-102.95185783633343,105102.5390625,-100.75061486601817,35226.4404296875,-102.4331622628104,38366.69921875,440874356
10.459783,70.01897,32.73613,-104.60773559745755,9463.5009765625,-101.53157047053476,105722.0458984375,-101.7145289389874,34179.6875,-100.54289495143324,38708.49609375,440874376
10.474184,70.10908,32.758656,-104.45462720087093,34756.4697265625,-103.26678990494548,104760.7421875,-103.24428478848397,34841.9189453125,-102.22268616955589,39776.611328125,440874396
10.487891,70.19976,32.778473,-105.26877155777628,35525.5126953125,-102.77972463455542,105786.1328125,-101.71287802695102,36059.5703125,-101.93505837250396,38473.5107421875,440874416
10.496447,70.25976,32.790047,-104.11471509146979,105850.2197265625,-101.58574826668173,104568.4814453125,-102.01321389192157,34265.13671875,-101.89977142212646,116958.6181640625,440874436
10.504084,70.31957,32.79777,-101.89649119935778,35418.701171875,-104.99642623512963,35482.7880859375,-102.78246247437367,35034.1796875,-100.82156989088553,116937.255859375,440874456
10.5110035,70.38014,32.801853,-103.53364980688764,70837.40234375,-106.15537688654013,104995.7275390625,-100.0203812791566,34863.28125,-103.09413804619268,116296.38671875,440874476
10.516974,70.43845,32.80269,-103.32942022709304,6109.619140625,-101.04648515188802,104867.5537109375,-103.91932626862804,34970.0927734375,-101.52252258206869,116809.08203125,440874496
10.5219965,70.49433,32.801266,-101.05573174685944,35269.1650390625,-102.9912277493298,105102.5390625,-103.01497013874442,35162.353515625,-105.38716035375987,116873.1689453125,440874516
10.526081,70.54795,32.79653,-103.05701085702705,69427.490234375,-102.1985905157991,104589.84375,-101.96251082528546,34820.556640625,-99.98090481114907,39199.8291015625,440874536
10.529503,70.60525,32.788807,-100.78575443226578,35311.8896484375,-101.42897628599309,104354.8583984375,-100.91363661224608,34649.658203125,-101.36585158305182,116894.53125,440874556
10.53345,70.66805,32.778362,-100.66391369863052,35269.1650390625,-102.11656304583089,104589.84375,-107.18745643865424,35247.802734375,-102.8863676372188,115698.2421875,440874576
10.541368,70.76498,32.76989,-104.69911571062526,35781.8603515625,-105.63314513915252,104995.7275390625,-101.77086189944484,35632.32421875,-102.36360480767551,38473.5107421875,440874596
10.548381,70.86276,32.757885,-101.82249654740757,70196.533203125,-102.75692470810078,105316.162109375,-102.8472391011712,34970.0927734375,-100.39918859989287,116702.2705078125,440874616
10.555187,70.960594,32.74616,-106.40377616073499,34671.0205078125,-103.56340713518891,104931.640625,-101.65434240468166,35140.9912109375,-100.89002279852794,39157.1044921875,440874636
10.557733,71.0252,32.728935,-102.96563170282863,34820.556640625,-101.3954174160304,104718.017578125,-102.31524954453505,34991.455078125,-101.51370466415358,116467.28515625,440874656
10.559771,71.083565,32.71354,-103.81698247664917,35440.0634765625,-104.3334823215923,35696.4111328125,-102.55160082646734,35739.1357421875,-101.58883769913211,38537.59765625,440874676
10.561474,71.13757,32.700363,-104.08800175968113,35525.5126953125,-103.44833421328713,35183.7158203125,-101.25420889625198,35269.1650390625,-101.7151527177866,38452.1484375,440874696
10.562372,71.18942,32.683907,-101.35593655155078,34756.4697265625,-102.5336597026233,104910.2783203125,-100.3468770466875,34777.83203125,-102.34608079219282,117086.7919921875,440874716
10.562657,71.24176,32.66573,-106.424621177539,34713.7451171875,-105.01142688454703,104910.2783203125,-98.89159919174517,35311.8896484375,-102.82744295879921,38665.771484375,440874736
10.562066,71.29546,32.642082,-102.94562377862796,34906.005859375,-104.65415338206954,105017.08984375,-101.04681967944154,34606.93359375,-102.15560638751136,117022.705078125,440874756
10.560497,71.35057,32.612995,-106.90278541204131,69705.2001953125,-102.46391136567654,104653.9306640625,-101.07505715430925,35119.62890625,-102.59298725864141,38751.220703125,440874776
10.556225,71.38917,32.574417,-103.43089016916586,34094.23828125,-101.9297220660932,105145.263671875,-100.01492885822636,34948.73046875,-102.97728300075423,116424.560546875,440874796
10.550426,71.42712,32.526924,-101.15471181298714,34799.1943359375,-102.85377307963371,105444.3359375,-102.42048156376141,35183.7158203125,-99.7681685938111,116595.458984375,440874816
10.542941,71.46592,32.468887,-102.3471579790193,34991.455078125,-104.1877800718313,105209.3505859375,-99.93661811156485,34243.7744140625,-100.51605323028694,116510.009765625,440874836
10.533521,71.50839,32.398045,-102.028576913905,34436.03515625,-105.06469944121052,105380.2490234375,-103.6532431459589,34927.3681640625,-102.45173136795532,38922.119140625,440874856
10.522369,71.55453,32.315403,-101.56725180415684,33816.5283203125,-103.71425783907719,104653.9306640625,-102.03488587619896,34906.005859375,-101.70048266591229,117022.705078125,440874876
10.509374,71.592964,32.22301,-104.08415890884724,34756.4697265625,-104.59164662783954,104824.8291015625,-101.84200478995679,34735.107421875,-104.18745174815993,39413.4521484375,440874896
10.495932,71.62552,32.12915,-105.18715754904682,34136.962890625,-102.93639180252524,105059.814453125,-103.05170068545502,34521.484375,-101.29434181995478,117321.77734375,440874916
10.480267,71.6498,32.02106,-101.87711881540235,34799.1943359375,-104.23031313331046,71093.75,-101.95761095450669,35760.498046875,-101.94718951216996,38708.49609375,440874936
10.464196,71.660934,31.909113,-101.19369123477458,34414.6728515625,-101.57345480070106,105252.0751953125,-100.79761686957694,34777.83203125,-102.15313176724743,116595.458984375,440874956
10.44971,71.65833,31.80494,-102.72547398661585,35311.8896484375,-103.41346006150866,104611.2060546875,-101.14019225009805,34649.658203125,-100.11436690372774,39050.29296875,440874976
10.438646,71.641075,31.720251,-102.17334534384631,35247.802734375,-103.55832952457027,104931.640625,-101.73183987774112,35397.3388671875,-103.86046466192272,116680.908203125,440874996
10.428933,71.613716,31.639318,-104.93565429787077,35162.353515625,-103.29909755621591,105081.1767578125,-101.61571179330325,35546.875,-102.19748505494054,39434.814453125,440875016
10.421798,71.56931,31.574242,-101.97051713171805,34478.759765625,-103.93259362873627,105871.58203125,-100.49232968730978,34243.7744140625,-101.33879413837114,116702.2705078125,440875036
10.416369,71.516846,31.521914,-104.93751553346826,105166.6259765625,-103.30966641663062,34756.4697265625,-99.83987204121584,34628.2958984375,-102.98852154774559,117321.77734375,440875056
10.412796,71.462906,31.487457,-102.75106775072778,35504.150390625,-103.28968635355463,104397.5830078125,-99.87910016413872,35397.3388671875,-102.17607358598426,116958.6181640625,440875076
10.410718,71.416145,31.469404,-105.42484403278391,103137.20703125,-103.4111056114229,33731.0791015625,-101.39705642466762,35653.6865234375,-101.64253305584445,39114.3798828125,440875096
10.409678,71.372795,31.463606,-104.21634309501914,35076.904296875,-103.5422630937662,105487.060546875,-105.94929458341673,33645.6298828125,-100.19645599144114,116467.28515625,440875116
10.409282,71.3343,31.465397,-103.84488418222155,35034.1796875,-104.34744211201027,104995.7275390625,-100.81299120901592,34371.9482421875,-102.39748362024734,115805.0537109375,440875136
10.409315,71.3015,31.471964,-100.91279897847718,34628.2958984375,-103.57614692819058,104418.9453125,-102.8515508566999,34008.7890625,-101.58743827601855,39370.7275390625,440875156
10.410643,71.27092,31.488268,-102.7773229521062,34671.0205078125,-105.06638880987856,104333.49609375,-99.73244848842069,35418.701171875,-101.01540636206222,39157.1044921875,440875176
10.414698,71.2339,31.526892,-102.5522986283988,34478.759765625,-100.77031404054185,105316.162109375,-102.32266198478632,34713.7451171875,-100.33711077070927,38729.8583984375,440875196
10.418766,71.197014,31.56564,-101.64430749596163,34649.658203125,-102.26604716886094,105337.5244140625,-101.95765136651248,34371.9482421875,-103.73747054697503,117001.3427734375,440875216
10.424421,71.153564,31.617708,-101.86872231720534,34649.658203125,-104.35834329079249,104269.4091796875,-103.33627609343807,34478.759765625,-103.64657026048144,38793.9453125,440875236
10.433731,71.10191,31.700708,-101.1164405971995,34863.28125,-103.2216943161255,105166.6259765625,-101.77441763860145,34072.8759765625,-104.39878917003519,116531.3720703125,440875256
10.443118,71.0507,31.783972,-104.54546281168209,7818.603515625,-103.54620167441195,104803.466796875,-102.08907348550382,35760.498046875,-101.42149737702118,117449.951171875,440875276
10.452974,71.0055,31.868914,-105.82071213876723,106661.9873046875,-107.42825771349443,104718.017578125,-102.52608111444708,35140.9912109375,-101.76018646332692,39328.0029296875,440875296
10.463434,70.967224,31.95569,-102.21608870420727,35568.2373046875,-100.50553121035858,104760.7421875,-104.49534753213905,34884.6435546875,-103.43658742676544,117065.4296875,440875316
10.474647,70.93755,32.04464,-102.23742272166204,69961.5478515625,-102.05357524829486,105316.162109375,-103.17468063880229,34542.8466796875,-103.91042625613905,116744.9951171875,440875336
10.486799,70.91742,32.135944,-107.60199144650583,35653.6865234375,-104.61381737661094,104397.5830078125,-98.75275685823921,34136.962890625,-101.04766807673613,116915.8935546875,440875356
10.499873,70.90588,32.229336,-103.50532646087798,35098.2666015625,-101.90587592341289,105145.263671875,-103.80709851373298,35290.52734375,-101.75405740440712,116894.53125,440875376
10.509459,70.91438,32.291897,-101.91518575159247,34158.3251953125,-104.50904979328449,105444.3359375,-99.85424793706414,35098.2666015625,-101.02314992740212,116531.3720703125,440875396
10.51869,70.92371,32.351635,-101.00100065660108,34777.83203125,-102.72799150128105,104888.916015625,-100.58302754333687,35418.701171875,-100.85990741151376,116744.9951171875,440875416
10.527962,70.93317,32.41135,-105.042400183925,34051.513671875,-104.96762896537331,104888.916015625,-100.17517098016745,34799.1943359375,-102.43275936136557,116189.5751953125,440875436
10.537276,70.94484,32.470562,-102.04142410098359,35055.5419921875,-103.27940835980799,104653.9306640625,-102.65038073465563,34606.93359375,-101.47544851257292,38900.7568359375,440875456
10.546671,70.95873,32.529255,-103.33230171521532,36380.0048828125,-103.44658334193694,104568.4814453125,-101.39508142113235,35098.2666015625,-101.510948337176,38623.046875,440875476
10.556157,70.975815,32.587646,-107.09724745820805,34906.005859375,-104.54797110424477,105145.263671875,-101.8811527634646,34628.2958984375,-101.00679247947575,116680.908203125,440875496
10.566762,71.009315,32.64878,-103.7177310690192,33880.615234375,-102.89957961871465,104867.5537109375,-104.09813342896022,34756.4697265625,-101.91710562635733,39093.017578125,440875516
10.577482,71.04297,32.70981,-105.18386933784302,34671.0205078125,-102.7024209534147,104376.220703125,-100.20338873038425,34371.9482421875,-101.85812264233161,38900.7568359375,440875536
10.588054,71.07725,32.768845,-103.30571531490732,34948.73046875,-104.54854988242118,35461.42578125,-102.65947406065499,34841.9189453125,-102.8356299147436,38644.4091796875,440875556
10.598258,71.112366,32.82496,-103.20112981704078,34756.4697265625,-103.60701965828447,104461.669921875,-102.00691396930793,33795.166015625,-100.23915818129919,116830.4443359375,440875576
10.60849,71.147644,32.880966,-105.75755322016319,70175.1708984375,-103.5079463206934,104568.4814453125,-103.02221256976947,34948.73046875,-101.46328737237431,117022.705078125,440875596
10.618845,71.18306,32.936863,-101.60872178028407,34521.484375,-103.74480453905161,70474.2431640625,-102.80854916450502,35162.353515625,-101.38910343457285,116702.2705078125,440875616
10.629292,71.21864,32.99264,-103.08795514824253,35034.1796875,-103.62780267908848,104354.8583984375,-100.04114724582551,35375.9765625,-102.96690165313622,116040.0390625,440875636
10.639879,71.25435,33.04831,-105.13126722143632,34863.28125,-104.2212806419937,104397.5830078125,-102.26335132933052,35076.904296875,-103.76939980708752,38729.8583984375,440875656
10.64805,71.2937,33.08795,-102.27298565469717,35931.396484375,-102.81559590964692,105102.5390625,-100.8746995025097,35055.5419921875,-101.8331447574486,39242.5537109375,440875676
10.655621,71.33707,33.123363,-102.12729187957136,34628.2958984375,-102.10323676824375,105273.4375,-103.45566732035067,34158.3251953125,-102.77114376654401,38537.59765625,440875696
10.662928,71.38188,33.15698,-109.39948032432449,104226.6845703125,-103.1939317923958,69918.8232421875,-103.09371900598926,35034.1796875,-102.42085017902471,38793.9453125,440875716
10.670531,71.42961,33.191063,-103.71291034954928,34201.0498046875,-102.40266707945989,35034.1796875,-102.32089136433734,34371.9482421875,-102.34113664866078,116616.8212890625,440875736
10.678322,71.48024,33.225647,-105.2669124539951,70581.0546875,-101.19159080518914,104931.640625,-100.44770551589751,34884.6435546875,-100.57582536962217,116851.806640625,440875756
10.686256,71.53284,33.26051,-103.95175979967865,34051.513671875,-101.70133844609055,104718.017578125,-101.13988485504441,35290.52734375,-99.64762456653378,116232.2998046875,440875776
10.692835,71.58631,33.286606,-102.94949833985989,34542.8466796875,-102.3244763130381,104162.59765625,-100.75406996888742,34777.83203125,-102.27741645521323,39093.017578125,440875796
10.699327,71.639824,33.312637,-103.31447942027522,35247.802734375,-103.97914270541665,104589.84375,-101.44752035053351,35034.1796875,-102.90875151936675,115762.3291015625,440875816
10.705336,71.69492,33.33593,-102.79830243024703,35610.9619140625,-102.96616587866941,104803.466796875,-102.34171661308116,35589.599609375,-101.32491761262101,117001.3427734375,440875836
10.711385,71.75102,33.3593,-104.3192635394322,35076.904296875,-103.22030998386963,35098.2666015625,-102.39713375340361,34371.9482421875,-102.52425010353811,39114.3798828125,440875856
10.71915,71.84161,33.38315,-100.56732485430061,35781.8603515625,-102.26503603806745,104953.0029296875,-102.40066339655436,34927.3681640625,-104.45113275816476,116830.4443359375,440875876
10.726478,71.9328,33.40401,-103.82051926788358,36016.845703125,-103.51378331139955,104632.568359375,-100.99846771825065,34585.5712890625,-104.27026755544276,39050.29296875,440875896
10.733318,72.02475,33.420975,-103.5350725730203,70046.9970703125,-101.9850859797022,105017.08984375,-101.80085438194241,34820.556640625,-101.17535715697565,117343.1396484375,440875916
10.7396,72.117256,33.435143,-102.73559705500415,35354.6142578125,-104.25269240653911,104803.466796875,-101.28229815161808,34799.1943359375,-101.6443617782866,116723.6328125,440875936
10.745032,72.21033,33.446587,-105.46834670473034,34628.2958984375,-104.54990824398189,104846.19140625,-100.88542176004465,34371.9482421875,-102.29354529559325,117578.125,440875956
10.749797,72.303955,33.4553,-104.16180868716575,35461.42578125,-101.86616565400307,104525.7568359375,-100.00263799369883,35760.498046875,-101.99619859296533,117129.5166015625,440875976
10.753711,72.398155,33.46134,-104.46270307951231,34906.005859375,-105.75837886934801,105123.9013671875,-99.77226169352153,34414.6728515625,-102.63679595108782,38558.9599609375,440875996
10.756715,72.493286,33.462826,-103.47372210907682,34671.0205078125,-103.29008141406418,34500.1220703125,-100.66071760685344,34158.3251953125,-100.58716059717372,116851.806640625,440876016
10.758697,72.58937,33.45971,-106.13275516432047,33709.716796875,-103.61149610648575,104504.39453125,-99.41774894085462,34350.5859375,-101.35803932198141,117044.0673828125,440876036
10.7600565,72.686035,33.45398,-102.5750764270336,34179.6875,-105.03719469022556,35311.8896484375,-101.26982364647588,35739.1357421875,-103.16391983400989,116595.458984375,440876056
10.760221,72.78405,33.441822,-103.9813120524453,35333.251953125,-102.63105703325552,104739.3798828125,-100.86900500341407,34777.83203125,-100.42876699677387,116168.212890625,440876076
10.75959,72.88267,33.427006,-102.47204607024236,34585.5712890625,-103.80180266238324,105081.1767578125,-101.74019561038385,34820.556640625,-102.54848034443158,38388.0615234375,440876096
10.757819,72.98207,33.40855,-102.71909827418557,34414.6728515625,-102.51629051542378,105252.0751953125,-100.14517373359261,35525.5126953125,-102.00886188552509,116488.6474609375,440876116
10.755152,73.08187,33.388332,-105.23750128587443,69555.6640625,-103.38529365667065,104910.2783203125,-100.61005239709546,36016.845703125,-102.67493771416363,39370.7275390625,440876136
10.751515,73.182274,33.36549,-103.15342151842329,70175.1708984375,-103.13041161956943,34799.1943359375,-101.74511694916094,35461.42578125,-101.66720420566479,39114.3798828125,440876156
10.747288,73.283714,33.33816,-102.16542911283439,35076.904296875,-103.13858166016931,70153.80859375,-99.71951189054842,36016.845703125,-102.5346421766001,116253.662109375,440876176
10.742104,73.38564,33.3094,-105.68249772575479,34948.73046875,-103.68047196407217,35568.2373046875,-99.87361267466797,36550.9033203125,-102.51870536726516,39050.29296875,440876196
10.736265,73.487465,33.282074,-103.23075219275415,34436.03515625,-101.40761849816872,104739.3798828125,-103.52864775334062,34948.73046875,-101.1438239324495,38922.119140625,440876216
10.72965,73.58958,33.254276,-103.38235797570788,34564.208984375,-102.42932662042179,104312.1337890625,-99.06848969133377,35098.2666015625,-103.33410293403057,116830.4443359375,440876236
10.721572,73.656044,33.213,-102.35414200143754,35461.42578125,-102.61239227990126,34948.73046875,-100.17352124521169,34799.1943359375,-100.73203970590846,116424.560546875,440876256
10.712768,73.72109,33.165672,-102.54018880067697,35440.0634765625,-103.43564778716897,104653.9306640625,-102.71167430072722,35739.1357421875,-101.98533681311532,39093.017578125,440876276
10.702815,73.78594,33.11163,-102.669800987114,34841.9189453125,-102.53518115586732,104547.119140625,-100.2827502692911,35076.904296875,-99.87486223233981,116766.357421875,440876296
10.692137,73.851234,33.053024,-104.85231511923897,105551.1474609375,-100.80303772222841,105401.611328125,-102.45404308263589,34564.208984375,-101.35191978202762,38815.3076171875,440876316
10.680557,73.91626,32.98867,-102.01106471953153,34735.107421875,-105.04928787766391,69854.736328125,-100.35250246782296,35824.5849609375,-103.60531789442666,38217.1630859375,440876336
10.669088,73.98108,32.92647,-103.216469007202,35162.353515625,-103.33527449469767,105230.712890625,-98.60905401107837,35034.1796875,-100.1606182293842,116723.6328125,440876356
10.656313,74.0476,32.85501,-100.82579125253224,34735.107421875,-102.60183710832864,35205.078125,-100.64163325396089,34970.0927734375,-101.83252992114359,38516.2353515625,440876376
10.64311,74.11509,32.780994,-106.94040432955582,10446.1669921875,-103.80726506113653,105358.88671875,-100.59765753217056,35333.251953125,-104.23845869869133,116638.18359375,440876396
10.63032,74.18209,32.709988,-103.04469326754598,34350.5859375,-103.48854650273516,105700.68359375,-101.58487141423188,34265.13671875,-100.36678248037828,116574.0966796875,440876416
10.617917,74.248535,32.64194,-104.63866920283238,105743.408203125,-104.1334439748602,105017.08984375,-102.34433826071994,35375.9765625,-103.35430385729218,38473.5107421875,440876436
10.606966,74.31216,32.58519,-103.4030320120437,34906.005859375,-101.72681779061989,104504.39453125,-102.60699717742776,35290.52734375,-100.97182051230087,116574.0966796875,440876456
10.598902,74.352905,32.539288,-102.0153993559899,34649.658203125,-102.6721425101291,104824.8291015625,-102.00824024884002,34777.83203125,-100.8980825465295,38815.3076171875,440876476
10.592326,74.387215,32.50264,-103.73413174734853,35226.4404296875,-103.61794366133311,104504.39453125,-102.19840040127364,7070.9228515625,-101.50902964670367,116488.6474609375,440876496
10.587803,74.407326,32.474117,-103.67507587140628,35012.8173828125,-102.90758826973054,104547.119140625,-100.3165926621914,35397.3388671875,-102.76738268466133,39413.4521484375,440876516
10.584837,74.42005,32.45458,-101.9841285943676,35375.9765625,-105.79343191563062,105892.9443359375,-103.31895366893939,35440.0634765625,-100.14911387259785,116467.28515625,440876536
10.582376,74.43087,32.43853,-101.754529328958,34628.2958984375,-103.42676381104583,34841.9189453125,-102.9060962711233,35076.904296875,-101.04613482737862,38473.5107421875,440876556
10.579718,74.442215,32.42063,-104.86102032253591,34970.0927734375,-102.7968047034291,105422.9736328125,-100.68282429510192,34991.455078125,-101.70760422041049,117129.5166015625,440876576
10.576305,74.45535,32.39623,-102.09310093364766,34158.3251953125,-104.93517421783709,70495.60546875,-100.2898721637517,34393.310546875,-102.66856972117127,116467.28515625,440876596
10.571443,74.476685,32.364113,-101.2410679765347,34970.0927734375,-103.9969536855263,104632.568359375,-99.18217341594257,34948.73046875,-103.18298345502461,38986.2060546875,440876616
10.565547,74.50063,32.32272,-105.88840006152354,3887.939453125,-102.85813375541017,104824.8291015625,-100.58296424469336,35504.150390625,-101.25287174777375,116787.7197265625,440876636
10.559364,74.52547,32.278595,-102.79651114242608,34307.861328125,-102.82825161455754,105957.03125,-100.67158214935874,34521.484375,-100.66052868622202,117022.705078125,440876656
10.553225,74.5504,32.23452,-100.8095504818175,34072.8759765625,-103.51025159552222,105273.4375,-102.2071910368119,34671.0205078125,-102.02545788778723,39007.568359375,440876676
10.547274,74.575134,32.1914,-100.19796127849892,35119.62890625,-103.8610996305672,69470.21484375,-102.26523449054557,34799.1943359375,-102.92394534489817,116531.3720703125,440876696
10.5425625,74.592476,32.153164,-101.0382257501968,35119.62890625,-104.28834488665181,70303.3447265625,-101.58665638473651,33901.9775390625,-101.63048669449228,38922.119140625,440876716
10.538808,74.60389,32.11823,-103.79388214786732,35226.4404296875,-104.27043199845866,105294.7998046875,-99.12758211386524,34329.2236328125,-103.08965871617197,117150.87890625,440876736
10.535098,74.61404,32.080902,-102.15535937584971,33666.9921875,-102.1680250510917,105401.611328125,-100.19283564343345,34970.0927734375,-102.10807800506025,116467.28515625,440876756
10.530882,74.62518,32.036808,-101.94832757454239,35247.802734375,-103.57898160345998,104974.365234375,-99.81821346805907,34756.4697265625,-101.66333426479021,116467.28515625,440876776
10.526683,74.63382,31.987917,-100.8675671576787,34564.208984375,-105.77801997896626,105593.8720703125,-99.92344504409076,35610.9619140625,-100.84842396383699,116680.908203125,440876796
10.522131,74.64326,31.933184,-103.08071472238066,34906.005859375,-101.22479910929295,104824.8291015625,-101.32805202633526,35119.62890625,-100.70784832085823,116723.6328125,440876816
10.517541,74.65271,31.875397,-102.66540269705699,35098.2666015625,-102.65430664609224,105764.7705078125,-101.63210017380783,34692.3828125,-101.54399320316337,38665.771484375,440876836
10.513182,74.66228,31.820671,-101.96404044070141,35290.52734375,-103.29528657514514,104760.7421875,-101.5535445261319,35055.5419921875,-101.46756026346563,116616.8212890625,440876856
10.509507,74.67021,31.771502,-103.868924111705,34799.1943359375,-103.18692056712648,104803.466796875,-100.1629618854956,34756.4697265625,-100.25497100809795,116488.6474609375,440876876
10.506525,74.67782,31.730309,-104.41908545985774,36572.265625,-103.02528572579193,105038.4521484375,-100.89451423308415,35226.4404296875,-102.59567463589184,39178.466796875,440876896
10.504557,74.68179,31.698116,-103.20131240567513,34991.455078125,-102.51294502238898,104696.6552734375,-102.52587624643988,34606.93359375,-103.24093893249712,38217.1630859375,440876916
10.503285,74.683586,31.673351,-104.3892407645621,105807.4951171875,-103.7148771312434,105187.98828125,-102.79219842074954,34906.005859375,-102.73055021107054,116510.009765625,440876936
10.502497,74.68437,31.655365,-102.27181959698497,35119.62890625,-103.54821612807852,34500.1220703125,-100.09972804240307,34948.73046875,-103.05702566693382,116979.98046875,440876956
10.502037,74.684425,31.643234,-104.49924002679086,35140.9912109375,-103.66432067294456,35269.1650390625,-102.29499667942463,35247.802734375,-101.66746511698433,116744.9951171875,440876976
10.501641,74.68522,31.63538,-104.04789770507178,33389.2822265625,-103.04357070852208,104824.8291015625,-103.19609275181067,35482.7880859375,-103.05505611752211,38815.3076171875,440876996
10.501321,74.68573,31.628454,-103.59928930936982,104632.568359375,-103.84387416978555,104995.7275390625,-99.54674485787439,35290.52734375,-102.50091595679316,38537.59765625,440877016
10.500935,74.68649,31.620596,-102.65838318997935,34115.6005859375,-102.52743527651107,105209.3505859375,-104.93514749087309,34564.208984375,-102.22177139477482,38879.39453125,440877036
10.500159,74.68924,31.609283,-103.07814806499904,35076.904296875,-103.2196564961962,70367.431640625,-98.67833257341863,34158.3251953125,-103.51856112733687,39071.6552734375,440877056
10.499039,74.69331,31.593313,-103.65244165571553,34799.1943359375,-104.37580640405696,104376.220703125,-103.08453660232558,35610.9619140625,-103.12412965140611,39093.017578125,440877076
10.497559,74.69869,31.572678,-107.09548094827267,69448.8525390625,-103.58783493101964,104611.2060546875,-99.05991818996264,34158.3251953125,-102.77602062272358,38046.2646484375,440877096
10.496425,74.70233,31.554562,-103.56406044375007,34841.9189453125,-104.45074679531567,34201.0498046875,-103.34766759194208,34756.4697265625,-103.27256597387533,117449.951171875,440877116
10.495465,74.705444,31.538307,-103.90254911867665,34906.005859375,-103.54177979575286,104568.4814453125,-100.97127771186791,35226.4404296875,-102.34046094309025,116253.662109375,440877136
10.495063,74.706436,31.52951,-104.841026349544,70495.60546875,-101.95545138591973,105059.814453125,-100.45922462207109,35269.1650390625,-101.33790133234689,38494.873046875,440877156
10.494924,74.70637,31.524445,-106.07080505510977,35739.1357421875,-105.28411153554522,69577.0263671875,-101.24712952457196,33773.8037109375,-101.33301702451524,116616.8212890625,440877176
10.494956,74.70509,31.52005,-102.44991087529485,34457.3974609375,-105.48596410851154,105273.4375,-102.10748425922831,35397.3388671875,-102.93760101114543,38858.0322265625,440877196
10.494787,74.70499,31.514986,-102.98514351162046,35504.150390625,-103.42411009700577,105038.4521484375,-99.82884419058506,34671.0205078125,-100.51530883208088,116595.458984375,440877216
10.494546,74.703995,31.505665,-102.40140556314871,34457.3974609375,-103.12843012567156,105337.5244140625,-101.06322090877575,35247.802734375,-100.68303102820032,116061.4013671875,440877236
10.494235,74.703224,31.49541,-104.88700840518563,34777.83203125,-103.57795502224108,105487.060546875,-100.72834078957852,34692.3828125,-99.69672464848925,117001.3427734375,440877256
10.494036,74.70263,31.488222,-103.93996955384605,69961.5478515625,-103.7871291695171,69470.21484375,-104.90831906908588,34991.455078125,-100.26249153184936,116552.734375,440877276
10.494044,74.701294,31.483847,-102.34385428164096,35910.0341796875,-105.97676954858386,105123.9013671875,-102.24394308807005,34884.6435546875,-101.78497022070115,117044.0673828125,440877296
10.49419,74.69969,31.482412,-103.81987421273817,35333.251953125,-101.90673348045152,104547.119140625,-100.35131606031212,35055.5419921875,-100.21932069758714,39349.365234375,440877336
10.494342,74.69832,31.48204,-101.25437330591723,34671.0205078125,-102.76541722787923,104440.3076171875,-100.40531473193509,34735.107421875,-101.59021961868382,38922.119140625,440877396
10.494519,74.69716,31.482729,-102.30067206084135,35226.4404296875,-104.85583029695965,34777.83203125,-102.33890988634829,34628.2958984375,-101.56207752588868,116253.662109375,440877436
10.494751,74.69554,31.483294,-102.10585811949302,35568.2373046875,-104.11618090319732,104953.0029296875,-100.3079254908569,35333.251953125,-100.22771342786484,116616.8212890625,440877496
10.494908,74.69417,31.482922,-104.55406754371351,34777.83203125,-102.05686600860867,104846.19140625,-99.8459920909529,35781.8603515625,-101.63568225547685,116680.908203125,440877556
10.495065,74.692795,31.48255,-104.25109490338042,35525.5126953125,-104.35920072010232,105337.5244140625,-101.00566027699364,34542.8466796875,-102.05297070719475,38388.0615234375,440877616
10.49522,74.69142,31.482178,-104.2219329090011,34115.6005859375,-103.61609143207987,69812.01171875,-101.47394667638295,36315.91796875,-102.3571638477476,38922.119140625,440877676
10.495375,74.69005,31.48181,-106.54173447366989,70196.533203125,-102.96577777454556,104867.5537109375,-102.5305259746201,35974.12109375,-101.89812775580414,39328.0029296875,440877736
10.495531,74.688675,31.481438,-103.09748856685816,34948.73046875,-101.49883234180471,104995.7275390625,-101.71570564599493,34863.28125,-101.85258717470069,39093.017578125,440877796
10.495687,74.6873,31.481066,-103.21079611402881,69833.3740234375,-102.26066480463068,104782.1044921875,-100.67717935229582,34863.28125,-103.21023848900806,116873.1689453125,440877856
10.495839,74.68593,31.480694,-104.35108944352402,35012.8173828125,-102.94424539674863,104525.7568359375,-101.68294030532907,34970.0927734375,-103.74420539377313,117022.705078125,440877916
10.495992,74.684555,31.480322,-101.90712367787208,35568.2373046875,-103.90951139523685,34777.83203125,-102.95464407541891,34970.0927734375,-101.78113337866333,116189.5751953125,440877976
10.4961405,74.68318,31.47995,-104.15909830696137,34671.0205078125,-102.9449602561502,104333.49609375,-101.18843549646178,35824.5849609375,-100.36987742190152,116937.255859375,440878036
10.496289,74.68181,31.479578,-102.63141304320818,35632.32421875,-105.4223565218361,105444.3359375,-98.90475456209741,34799.1943359375,-103.79704887434931,39520.263671875,440878096
10.496437,74.680435,31.479206,-102.47043799484626,35803.22265625,-105.55656844174031,70581.0546875,-98.9735514185807,34606.93359375,-103.0439904848432,116339.111328125,440878156
10.496589,74.67906,31.478836,-103.91983253798168,35418.701171875,-103.37812512543486,104183.9599609375,-99.97342668245138,34948.73046875,-101.59439479026042,38665.771484375,440878216
10.496738,74.67769,31.47847,-102.49302875251773,34072.8759765625,-103.25907416437423,104483.0322265625,-101.54478060604477,34799.1943359375,-103.55917514144909,38601.6845703125,440878276
10.496887,74.676315,31.478102,-100.77325936476107,34179.6875,-103.00723082040088,105102.5390625,-100.92221819570747,34286.4990234375,-101.21899272324794,117300.4150390625,440878336
10.497034,74.67494,31.477736,-102.05207377849575,34884.6435546875,-102.91473997790169,106042.48046875,-101.1968788610423,34713.7451171875,-101.26764536242004,116638.18359375,440878396
10.49718,74.67357,31.47737,-102.18601765975498,35974.12109375,-102.02310977556436,105358.88671875,-101.42113451072925,35226.4404296875,-101.58957806685073,116937.255859375,440878456
10.497326,74.672195,31.477003,-102.78726966200345,34436.03515625,-103.47771616402639,105380.2490234375,-100.96566825447304,34991.455078125,-100.10343848833271,116979.98046875,440878516
10.497471,74.67082,31.476637,-103.0316598989258,35375.9765625,-102.65555261634123,105187.98828125,-100.70717581333332,34564.208984375,-102.17437247932969,38516.2353515625,440878576
10.497617,74.66945,31.47627,-102.80704507270512,34628.2958984375,-104.77185704819928,105337.5244140625,-101.5714559353958,34906.005859375,-101.58257976377472,38409.423828125,440878636
10.497763,74.668076,31.475904,-101.18155304682841,35076.904296875,-102.20990446196683,104504.39453125,-100.79081785678835,34564.208984375,-103.80638533475631,116574.0966796875,440878696
10.497909,74.6667,31.475538,-104.31847162810732,104376.220703125,-102.43508605841087,104760.7421875,-102.51374891422768,35226.4404296875,-100.91557273480348,117257.6904296875,440878756
10.498053,74.66533,31.475172,-101.30329692685272,34436.03515625,-102.18160725704146,104461.669921875,-100.93825490330198,34735.107421875,-100.28364113147862,116638.18359375,440878816
10.498196,74.663956,31.474806,-104.47490233639098,104653.9306640625,-103.86317253994213,104974.365234375,-101.94165008874789,35375.9765625,-102.59206927618291,117022.705078125,440878876
10.49834,74.66258,31.47444,-105.60132483948422,69555.6640625,-104.43997869528675,105102.5390625,-100.79277142276594,35696.4111328125,-103.72426637292472,116317.7490234375,440878936
