-4.454829,-1.4305694,2.0447357,1.980759653336489,0.0,-85.16664806675672,20379.638671875,-72.48525595192173,11727.9052734375,-80.04558490745204,20785.5224609375,860970
-4.456382,-1.4299699,2.0446358,1.980359764838263,0.0,-85.6907451499143,20443.7255859375,-71.86732881769689,11535.64453125,-79.6549170878187,21255.4931640625,861010
-4.457934,-1.4293699,2.0445352,1.9806556822829402,0.0,-83.59173812445312,21554.5654296875,-71.91982520059662,11599.7314453125,-81.9764082014384,21084.5947265625,861050
-4.4594855,-1.4287696,2.0444345,1.9803828153285405,0.0,-79.65130488611547,21618.65234375,-71.99587290801558,11642.4560546875,-82.5003302996736,21127.3193359375,861090
-4.4610376,-1.42817,2.0443327,1.962775824461119,0.0,-88.20663826529176,20208.740234375,-72.66032327705913,11621.09375,-80.0402927246804,20913.6962890625,861130
-4.46259,-1.4275705,2.044232,1.945154133753285,0.0,-86.81170266460532,21383.6669921875,-72.71317262280189,11770.6298828125,-78.88875466791453,21020.5078125,861170
-4.4641423,-1.4269704,2.044131,2.033398449453432,0.0,-87.09128231525744,20678.7109375,-73.76808348845314,12005.615234375,-79.6127340123105,21020.5078125,861210
-4.465694,-1.42637,2.0440288,1.9806620991586303,0.0,-82.29909823097375,21533.203125,-72.54592308661248,11984.2529296875,-79.86904386727582,21063.232421875,861250
-4.4672456,-1.4257694,2.0439265,1.99787431290452,0.0,-87.50130786912437,21810.9130859375,-73.07114993200612,11663.818359375,-80.2368500372784,21148.681640625,861290
-4.468797,-1.4251684,2.0438259,1.9273475699025655,0.0,-82.93510348113115,20870.9716796875,-72.43346831964595,11621.09375,-80.94243385771571,21020.5078125,861330
-4.4703493,-1.424568,2.0437245,1.9803608312905978,0.0,-86.13700425943708,20892.333984375,-73.31569531217252,11578.369140625,-79.97590664709887,20913.6962890625,861370
-4.471901,-1.4239681,2.0436225,1.9806145497235934,0.0,-86.23356512814593,20721.435546875,-72.51888375199093,11706.54296875,-80.77611108205792,20870.9716796875,861410
-4.4734526,-1.4233675,2.043521,1.944881681505558,0.0,-83.84515192732027,21276.85546875,-72.96426048750759,11685.1806640625,-80.31943419764897,20870.9716796875,861450
-4.476594,-1.4221505,2.0433166,2.015882877868348,0.0,-84.53201355218661,20806.884765625,-72.78223924507516,11706.54296875,-77.5123237106448,21469.1162109375,861490
-4.476786,-1.4204861,2.0424197,1.9625403529464367,0.0,-85.69509906380661,20507.8125,-72.88789715806773,11749.267578125,-81.76660651727316,21340.9423828125,861510
-4.478338,-1.4198842,2.0423198,1.94515713026693,0.0,-86.26784628818555,20614.6240234375,-73.42870748824566,11706.54296875,-81.15086841325562,21041.8701171875,861550
-4.4798884,-1.4192805,2.0422215,1.9626149883853197,0.0,-86.42293109947954,22665.4052734375,-72.1237253264483,11877.44140625,-80.9889977411145,20870.9716796875,861590
-4.481439,-1.4186769,2.0421233,1.9629733048669349,0.0,-84.2881971506022,20828.2470703125,-73.9676875192915,11642.4560546875,-81.47525272579563,20614.6240234375,861630
-4.4829893,-1.4180714,2.0420268,1.90932122012115,0.0,-84.40155917367194,20721.435546875,-72.73397096701643,11642.4560546875,-80.23629510293746,20529.1748046875,861670
-4.484539,-1.4174643,2.041932,2.0157868391567932,0.0,-83.53917599948932,20635.986328125,-72.70575703656094,11578.369140625,-80.68777544072019,20764.16015625,861710
-4.4860888,-1.4168563,2.0418377,1.9807456408759845,0.0,-84.8641707391021,20892.333984375,-72.13038056471237,11279.296875,-80.48275618338957,20785.5224609375,861750
-4.487638,-1.4162482,2.0417428,1.9802881755035828,0.0,-83.4402628581775,21084.5947265625,-72.90231818798719,11663.818359375,-81.23292022666786,21234.130859375,861790
-4.489187,-1.4156401,2.0416467,1.9095511938281895,0.0,-85.96566223660034,20101.9287109375,-72.45177454054154,11578.369140625,-80.98846560254509,20742.7978515625,861830
-4.4907355,-1.4150316,2.0415514,1.9625556245037676,0.0,-85.08967124490414,20315.5517578125,-73.20444379352908,11920.166015625,-81.648258074606,20614.6240234375,861870
-4.4922843,-1.4144213,2.041459,1.9630050708917668,0.0,-83.64620802807585,20465.087890625,-72.43616796296506,11685.1806640625,-79.4020308744729,20806.884765625,861910
-4.493833,-1.4138103,2.0413687,1.9980606454533358,0.0,-83.54373149130464,20892.333984375,-72.72524615320644,11642.4560546875,-80.93532969915026,20742.7978515625,861950
-4.495382,-1.4132,2.0412757,1.9983261102797047,0.0,-86.05708368465176,21148.681640625,-72.94979732687364,11621.09375,-79.1854476525165,20614.6240234375,861990
-4.4985166,-1.4119633,2.0410893,1.9982094821179541,0.0,-83.86930314206607,20999.1455078125,-72.39344486940135,11578.369140625,-79.95916491315188,21127.3193359375,862030
-4.5000653,-1.4113537,2.0409937,1.980524187144261,0.0,-81.48835102062128,20935.05859375,-72.73628467257629,11685.1806640625,-79.56333366656075,20593.26171875,862070
-4.501614,-1.4107451,2.0408945,1.909372806643459,0.0,-84.67562023814784,21469.1162109375,-72.49332471346636,11471.5576171875,-82.84423553672403,21682.7392578125,862110
-4.503163,-1.4101369,2.0407941,2.033343733609109,0.0,-83.36937401331618,20358.2763671875,-73.15223308492534,11685.1806640625,-80.59841501361399,20956.4208984375,862150
-4.504711,-1.409527,2.040697,1.9628546233750996,0.0,-85.40862542869364,21575.927734375,-72.50904324230652,11706.54296875,-80.42186561034407,21063.232421875,862190
-4.5078444,-1.4082866,2.0405095,1.9804328927533676,0.0,-84.58845011122092,20571.8994140625,-71.05584650172838,11749.267578125,-78.85852882252743,20913.6962890625,862230
-4.5093913,-1.4076719,2.0404205,1.9806225358340166,0.0,-84.7672682818837,21212.7685546875,-71.99668944380552,11727.9052734375,-81.21867086829917,20507.8125,862270
-4.5125227,-1.4064261,2.0402422,1.9448770570619132,0.0,-80.95580716499755,20977.783203125,-73.02689337509182,11706.54296875,-80.88222020793602,20700.0732421875,862310
-4.513479,-1.4044503,2.0393054,1.980537670009679,0.0,-83.34145049726254,20828.2470703125,-72.66767175091144,11706.54296875,-78.48937115192834,20828.2470703125,862350
-4.515026,-1.4038357,2.0392137,1.9805156003003543,0.0,-84.88844474559892,20956.4208984375,-72.08284707453556,11791.9921875,-80.9445221584269,20999.1455078125,862390
-4.517385,-1.4029002,2.0390694,1.9984583890044467,0.0,-83.5727609016692,20935.05859375,-72.50042675145212,11642.4560546875,-80.86911463003341,20016.4794921875,862410
-4.518932,-1.4022866,2.0389748,1.9803731221910301,0.0,-82.14084944172917,21170.0439453125,-72.49653253807568,11663.818359375,-81.61940627771548,21020.5078125,862450
-4.5204787,-1.4016731,2.0388827,1.9806409659464663,0.0,-81.70398804396493,20785.5224609375,-72.79836960246382,11877.44140625,-80.02398683389765,20956.4208984375,862490
-4.5220265,-1.4010609,2.0387895,1.9804947259595411,0.0,-83.8837058094615,21170.0439453125,-71.90611036005988,11877.44140625,-79.88010605904,20870.9716796875,862530
-4.5235744,-1.4004493,2.0386958,2.0158446723281793,0.0,-83.99612361596256,21810.9130859375,-72.32304206881525,11706.54296875,-80.9032471119916,20657.3486328125,862570
-4.5251226,-1.3998387,2.038603,1.8916310801639642,0.0,-85.45289107852277,21020.5078125,-71.56261132712376,11535.64453125,-78.91295231986501,20593.26171875,862610
-4.5266714,-1.3992296,2.0385118,1.962480410599622,0.0,-83.27035251123449,20828.2470703125,-72.57246166672675,11727.9052734375,-80.6332935687653,21810.9130859375,862650
-4.528221,-1.3986212,2.0384219,1.9630520949718226,0.0,-87.71634374812822,20742.7978515625,-72.15188859107195,11706.54296875,-81.57538229218795,21276.85546875,862690
-4.529771,-1.3980135,2.0383337,2.0332864517890665,0.0,-84.30034648178889,20977.783203125,-72.65050833746277,11557.0068359375,-80.36743102870949,20785.5224609375,862730
-4.531321,-1.3974066,2.038245,1.9630316790960187,0.0,-86.44152119992185,20849.609375,-72.4438502641914,11578.369140625,-81.01001168352425,20892.333984375,862770
-4.5328712,-1.3967999,2.0381575,1.9269738370299523,0.0,-83.585452305491,20742.7978515625,-72.43866667065434,11727.9052734375,-77.25686812459135,20828.2470703125,862810
-4.534422,-1.3961945,2.0380695,1.9629445678740907,0.0,-86.05051432319615,20849.609375,-72.42636664472224,11685.1806640625,-79.76101513531206,20806.884765625,862850
-4.535972,-1.3955879,2.0379832,1.9804208616440986,0.0,-84.74555852058819,21191.40625,-71.99699882908236,11685.1806640625,-79.61234711497443,20913.6962890625,862890
-4.537483,-1.3949924,2.0379071,1.980582587763865,0.0,-83.03321635359067,20956.4208984375,-71.70434520721523,11578.369140625,-79.66678746978178,20849.609375,862970
-4.5390315,-1.394378,2.0378358,2.051114834334245,0.0,-83.82143830817324,22921.7529296875,-71.55907796175269,11962.890625,-78.15644730310348,21298.2177734375,863010
-4.54054,-1.3937737,2.0377731,2.015750988786141,0.0,-85.65841039440502,20657.3486328125,-71.76135143696042,11621.09375,-80.00218116609605,21276.85546875,863090
-4.5418534,-1.3948355,2.0386057,1.9808325950517378,0.0,-82.32761351201322,21298.2177734375,-71.36005694747976,11663.818359375,-77.39683864799582,20486.4501953125,863150
-4.543397,-1.3942082,2.0385585,2.015616409270942,0.0,-81.99485227074852,20742.7978515625,-71.12508646455127,11663.818359375,-81.4267703760805,21789.55078125,863190
-4.54494,-1.3935777,2.038518,1.9274874715040684,0.0,-82.19033174947828,20892.333984375,-70.81850340720996,11749.267578125,-76.96530917920404,21234.130859375,863230
-4.546482,-1.3929459,2.0384848,1.9979178944831935,0.0,-81.78834425849381,20635.986328125,-70.29154396948242,11557.0068359375,-79.11725467008577,20935.05859375,863270
-4.548023,-1.3923115,2.038461,1.9984130475111497,0.0,-81.96231001994711,20849.609375,-70.16954273803154,11706.54296875,-78.28931997362659,20977.783203125,863310
-4.5495267,-1.3916914,2.0384498,1.980849722644558,0.0,-81.25479182275686,21170.0439453125,-68.9625313832519,11749.267578125,-77.78035250645581,20999.1455078125,863390
-4.551627,-1.392408,2.0393255,1.9447277109161765,0.0,-82.62289617537839,20913.6962890625,-68.2718322349431,11663.818359375,-77.95668779661128,20593.26171875,863430
-4.5513806,-1.3940997,2.040197,1.8736109344652216,0.0,-83.69231770059795,20657.3486328125,-68.16363634794128,11663.818359375,-77.21183284235944,20721.435546875,863450
-4.5537267,-1.3931227,2.0402083,1.945331387637326,0.0,-83.51868153665082,21212.7685546875,-67.76271794280281,11642.4560546875,-75.99751066563735,20785.5224609375,863470
-4.5533757,-1.3900898,2.0384643,2.0158118864986534,0.0,-78.57282259629649,21020.5078125,-68.03756398190082,11685.1806640625,-77.35092612791927,20892.333984375,863490
-4.5514493,-1.387713,2.036711,2.0154896588391944,0.0,-79.1976531579201,20742.7978515625,-67.51359357340144,11749.267578125,-78.80805233137622,20935.05859375,863510
-4.5620236,-1.3753225,2.0324955,1.8735849931193362,0.0,-78.3062583215848,20764.16015625,-67.57180366372344,11642.4560546875,-75.66409641733557,20956.4208984375,863530
-4.62592,-1.3263596,2.021183,1.9275799991265676,0.0,-80.70658374850777,20849.609375,-66.7245737735788,11599.7314453125,-75.75136243841256,20870.9716796875,863550
-4.7082086,-1.2681695,2.0093484,2.050948468454751,0.0,-79.62897570230521,20721.435546875,-66.79909394927607,11642.4560546875,-74.46985672352511,20849.609375,863570
-4.7606597,-1.2272547,1.9996163,1.9267103112160036,0.0,-79.64637903613321,20870.9716796875,-67.12573105028923,11663.818359375,-75.43644125623318,20870.9716796875,863590
-4.7914186,-1.1827552,1.9826638,1.9806276461865577,0.0,-79.3414032244256,20935.05859375,-66.79740226101009,11856.0791015625,-75.6356135469247,20849.609375,863610
-4.8125806,-1.1326294,1.960597,1.8919251515955748,0.0,-80.01351574893148,20635.986328125,-67.29474719057524,11663.818359375,-74.96391079093083,20977.783203125,863630
-4.836378,-1.0797567,1.9379206,2.085952143863968,0.0,-80.01647770573581,20742.7978515625,-66.98592094069103,11642.4560546875,-74.77531633766401,20913.6962890625,863650
-4.864383,-1.0281558,1.91735,1.9624203232091173,0.0,-79.17448162117064,21191.40625,-66.99988843211814,11791.9921875,-76.51218557314503,20977.783203125,863670
-4.8871856,-0.98189574,1.8984134,1.855776681140914,0.0,-78.72940058003537,21041.8701171875,-66.63330588769857,11621.09375,-76.13224107719941,20913.6962890625,863690
-4.9069405,-0.94640785,1.8846079,2.015972484145959,0.0,-77.60760062626946,21362.3046875,-67.74215092019104,11642.4560546875,-75.13659001391296,20892.333984375,863710
-4.920954,-0.9149394,1.8714736,1.9623342818056377,0.0,-78.73956635072501,20764.16015625,-66.4640085871311,11599.7314453125,-75.02738523192116,20785.5224609375,863730
-4.931822,-0.8847956,1.8582441,1.873484596776672,0.0,-77.41065877965431,20764.16015625,-67.03443624598941,11557.0068359375,-74.46749622751028,21148.681640625,863750
-4.9420466,-0.8485119,1.8416134,1.8738418473489928,0.0,-77.80230245914773,20806.884765625,-67.03031661981326,11663.818359375,-75.68850972406156,21020.5078125,863770
-4.951146,-0.80478585,1.8206165,2.0157244909565657,0.0,-80.52972503287116,21084.5947265625,-66.9207071377886,11749.267578125,-75.83230056410883,20849.609375,863790
-4.9628263,-0.7536319,1.796276,1.9801673292106652,0.0,-79.97060028963125,20593.26171875,-68.51146449167177,11706.54296875,-76.1663794985898,20956.4208984375,863810
-4.9751,-0.7038402,1.7728351,1.9985946523910663,0.0,-80.26125960730758,20892.333984375,-67.51700350941255,11642.4560546875,-76.88543725507066,20892.333984375,863830
-4.985441,-0.66752034,1.7563558,1.9273635835677876,0.0,-78.74174240928681,21041.8701171875,-68.214115777745,11642.4560546875,-75.41622702723087,20764.16015625,863850
-4.997342,-0.63044,1.7401487,2.0682141015221127,0.0,-78.1552837791306,20956.4208984375,-66.6225829804286,11727.9052734375,-75.05441524551904,20956.4208984375,863870
-5.0055547,-0.57915926,1.7150853,1.9271600709826302,0.0,-79.09612405662145,20892.333984375,-68.07674033546658,11663.818359375,-75.68659184589212,21063.232421875,863890
-5.023628,-0.52492917,1.6920011,1.9985991835567805,0.0,-78.2569648627967,20828.2470703125,-69.11897033347688,11770.6298828125,-76.9683630964539,21020.5078125,863910
-5.0484505,-0.47387406,1.6732954,2.051111781252822,0.0,-82.75961084003933,20892.333984375,-68.4986936920273,11727.9052734375,-79.85182376253829,21554.5654296875,863930
-5.0753603,-0.41866136,1.653273,1.9979271527128497,0.0,-79.70553102591806,20764.16015625,-68.76076909332804,11706.54296875,-76.972548736274,21020.5078125,863950
-5.098731,-0.35396993,1.6270434,1.9630466626019818,0.0,-80.77041058240133,20999.1455078125,-68.77515649715149,11663.818359375,-75.64130643053672,21340.9423828125,863970
-5.128301,-0.28156447,1.5993078,1.9630735528760894,0.0,-78.88020432552624,20913.6962890625,-69.2358171518848,11514.2822265625,-77.72534870732274,20828.2470703125,863990
-5.159053,-0.20229883,1.5685381,1.9979504364872365,0.0,-80.9779856191245,20999.1455078125,-70.24815402022475,11813.3544921875,-77.99041194861167,20999.1455078125,864010
-5.1900296,-0.12310137,1.5378186,1.9271920757158025,0.0,-80.02409886513448,20913.6962890625,-69.62751786281444,11706.54296875,-78.99675547161488,20166.015625,864030
-5.2122436,-0.05894246,1.5121728,1.8917364722161067,0.0,-79.78758646674714,20999.1455078125,-69.44071473612084,11727.9052734375,-77.70497268978724,20913.6962890625,864050
-5.2288013,-0.008482434,1.4918196,2.03354960709008,0.0,-81.26319253944105,20870.9716796875,-70.85959245924235,11749.267578125,-81.01226344894184,20635.986328125,864070
-5.244917,0.038577434,1.473216,1.997983950174819,0.0,-80.80000591564685,20635.986328125,-71.65105643302238,11599.7314453125,-79.20097664227004,20443.7255859375,864090
-5.2575955,0.085584804,1.4533488,1.9628917420805134,0.0,-85.14432807341835,21255.4931640625,-72.8121883328189,11621.09375,-80.22919179362347,21127.3193359375,864110
-5.265399,0.13173184,1.4317391,1.9984935195021603,0.0,-79.60235608685903,20593.26171875,-70.97685856598707,11599.7314453125,-78.08158339068302,20806.884765625,864130
-5.275918,0.18069005,1.4098445,2.0332721301409085,0.0,-82.58686654222224,21234.130859375,-71.70119148103433,11663.818359375,-78.95611252903437,21469.1162109375,864150
-5.2865686,0.2296648,1.3880508,1.9800996903767127,0.0,-84.18228377802556,20785.5224609375,-71.90352715399301,11727.9052734375,-80.9398805709315,20742.7978515625,864170
-5.2988253,0.2793963,1.3666788,1.9630174534588518,0.0,-82.17185991939424,20764.16015625,-71.49124545974685,11663.818359375,-79.41989965383482,20935.05859375,864190
-5.305331,0.33098227,1.3415635,1.9806106832172843,0.0,-84.91590884563303,21191.40625,-71.64023325737378,11621.09375,-79.8016267462939,20721.435546875,864210
-5.3130226,0.3846794,1.3159298,1.9447644175240457,0.0,-89.13660728881801,21447.75390625,-72.63262087928537,11642.4560546875,-83.19975355841333,21084.5947265625,864230
-5.328586,0.44683555,1.2896124,1.909353938917206,0.0,-83.80287439057341,21340.9423828125,-72.56958168380203,11791.9921875,-81.87522037007447,20892.333984375,864250
-5.356116,0.5209695,1.2627771,1.9451318983020303,0.0,-88.06680676233476,20999.1455078125,-72.87105323784606,11599.7314453125,-78.2640022891452,21469.1162109375,864270
-5.3843527,0.59858805,1.2346057,2.015784322101024,0.0,-81.58002263856227,20977.783203125,-73.87623172940728,11898.8037109375,-80.34459783596324,21063.232421875,864290
-5.4075284,0.6706532,1.2071563,1.9807000644974349,0.0,-86.0080065325626,20999.1455078125,-72.91171497061424,11621.09375,-81.98179175761786,21063.232421875,864310
-5.430805,0.7427728,1.1799365,1.9804109040848634,0.0,-84.34990553540817,20828.2470703125,-72.7412527495782,11727.9052734375,-79.91622766570211,20935.05859375,864330
-5.4549932,0.8183249,1.1513878,1.9980444679471012,0.0,-85.5296604571964,21063.232421875,-73.22690958621423,11108.3984375,-80.23488571576902,19717.4072265625,864350
-5.4782453,0.8978847,1.1200559,2.016057016116979,0.0,-87.37897964776762,20870.9716796875,-72.54866211673347,11642.4560546875,-79.7902494578461,20657.3486328125,864370
-5.4962487,0.9731328,1.0881646,1.9804212323063022,0.0,-83.61358768505161,20913.6962890625,-72.15200401687403,11791.9921875,-83.3966479602027,20935.05859375,864390
-5.516018,1.0430198,1.0603875,1.944779180029477,0.0,-83.63540851555013,20230.1025390625,-72.2804681631182,11749.267578125,-81.32628040633959,21362.3046875,864410
-5.5415745,1.1049603,1.0405709,2.0511147098638376,0.0,-83.99259122146441,21105.95703125,-72.20861868474076,11685.1806640625,-78.89665464549401,20700.0732421875,864430
-5.5664887,1.1573999,1.0260499,1.9452259731898556,0.0,-83.22765406980335,20379.638671875,-73.38316406430545,11621.09375,-80.03483120104252,20486.4501953125,864450
-5.5795264,1.205231,1.0068485,1.9804463428137355,0.0,-86.83092834041396,21063.232421875,-73.04524258159974,11599.7314453125,-80.09692473705867,21063.232421875,864470
-5.5990314,1.2349463,1.0020899,1.9803701834005347,0.0,-86.34249700287157,20956.4208984375,-72.06229713683965,11621.09375,-80.56584046106083,20913.6962890625,864490
-5.618912,1.2633159,0.9984735,2.0160789772740513,0.0,-87.08848070409314,21234.130859375,-72.15325828416978,11642.4560546875,-80.66957909012415,20785.5224609375,864510
-5.6327024,1.3097839,0.98051757,1.9451305501261662,0.0,-89.42705774657058,76925.6591796875,-72.26951752581644,11492.919921875,-80.119773513916,20785.5224609375,864530
-5.6458826,1.3725739,0.95277506,1.9802688740510532,0.0,-82.66211638695744,21041.8701171875,-71.97533918197054,11663.818359375,-79.38246728044908,21234.130859375,864550
-5.659674,1.4401599,0.9226636,2.033565814795901,0.0,-84.30681164649585,21020.5078125,-73.23374125121671,11941.5283203125,-79.5801629945146,20785.5224609375,864570
-5.672519,1.5056721,0.89312506,1.9807460183585155,0.0,-84.89022319627425,22750.8544921875,-71.3587798050286,11791.9921875,-78.77074550383637,20635.986328125,864590
-5.6827383,1.5622425,0.86704695,1.9448920810412762,0.0,-86.26831312170005,21319.580078125,-72.8907160234567,11749.267578125,-79.49730911878585,20742.7978515625,864610
-5.692934,1.6126812,0.8445024,1.998039108657696,0.0,-86.83772547838021,22515.869140625,-71.12448209833282,11386.1083984375,-79.78707151626094,21105.95703125,864630
-5.7013345,1.6575866,0.8238958,2.0161400101778684,0.0,-82.84088618633261,19931.0302734375,-71.07735106772209,11706.54296875,-81.24074778079148,21191.40625,864650
-5.706749,1.694866,0.8056108,1.9094391694274706,0.0,-83.37125199452825,21084.5947265625,-71.50672922264692,11706.54296875,-77.84438205532066,20529.1748046875,864670
-5.709412,1.7231742,0.7906239,1.9446417059719812,0.0,-85.59244610462699,21725.4638671875,-71.69216524666649,11706.54296875,-78.84535649526421,21041.8701171875,864690
-5.709032,1.7513325,0.7734311,2.015850653509128,0.0,-85.64655199977634,20208.740234375,-72.34153795553762,11663.818359375,-81.15744487747621,21447.75390625,864710
-5.707076,1.7800751,0.7545895,1.9984451892432502,0.0,-84.79177235571771,21234.130859375,-71.37802144584019,11599.7314453125,-80.09728056401403,20764.16015625,864730
-5.7038393,1.808051,0.7350899,1.8912910295082526,0.0,-86.79843825795301,20977.783203125,-70.52692544635474,11621.09375,-78.04862185295512,20892.333984375,864750
-5.704797,1.8308145,0.72194505,1.9803586650549914,0.0,-83.4448258966307,21170.0439453125,-69.88733098353201,11685.1806640625,-79.40175686291961,20700.0732421875,864770
-5.7069354,1.8556792,0.7084264,2.0339196988989037,0.0,-86.35625536933425,20657.3486328125,-71.00897107499429,11706.54296875,-78.65076525378586,20935.05859375,864790
-5.7074413,1.881144,0.6932651,1.980652981478376,0.0,-85.06505279327216,19653.3203125,-71.41514690077264,11685.1806640625,-76.16891294707735,21148.681640625,864810
-5.7098007,1.9134817,0.6752904,1.926954615899609,0.0,-85.49142321530599,21105.95703125,-70.21671514821027,11642.4560546875,-78.69035842153626,20635.986328125,864830
-5.71639,1.9480708,0.6592632,2.0336824398359314,0.0,-83.3107451016514,21148.681640625,-70.10079212666693,11621.09375,-78.4917836218588,20892.333984375,864850
-5.718586,1.9817663,0.6402999,1.9984630428319239,0.0,-85.18566545325723,20849.609375,-69.88894177703445,11578.369140625,-78.45623128792116,20678.7109375,864870
-5.7164664,2.0145555,0.6183528,1.8732908523498635,0.0,-82.55099563089888,20614.6240234375,-71.94869888398871,11791.9921875,-78.66231520251348,21426.3916015625,864890
-5.71557,2.049435,0.59602654,1.980311521903414,0.0,-82.83845320222724,21276.85546875,-70.84553356900989,11749.267578125,-78.95246101649639,20956.4208984375,864910
-5.716587,2.0911825,0.57090473,2.033700596490145,0.0,-86.02198930910924,20849.609375,-71.05631939765233,11706.54296875,-81.3759002582135,19802.8564453125,864930
-5.712318,2.137429,0.5386869,1.9093341791380491,0.0,-84.71875799611647,20336.9140625,-71.37397190070668,11685.1806640625,-77.86339721957542,20208.740234375,864950
-5.7042274,2.1800866,0.5054766,1.9802501362106992,0.0,-83.71257404016605,20678.7109375,-70.75799226454323,11791.9921875,-77.83306732811934,20870.9716796875,864970
-5.698739,2.2167742,0.4780671,1.9629050678211746,0.0,-85.1620915196589,20635.986328125,-70.64161722520237,11685.1806640625,-78.5989384244065,20935.05859375,864990
-5.694919,2.244045,0.45783544,1.9807296619849808,0.0,-84.72672711089461,21041.8701171875,-71.6106250059054,11578.369140625,-80.17251957050672,20935.05859375,865010
-5.6909046,2.2726746,0.43658814,1.8731636127083209,0.0,-83.58240118603723,20721.435546875,-71.44897152664765,11749.267578125,-76.98876393424028,20999.1455078125,865030
-5.690472,2.3075585,0.414255,1.980334035795709,0.0,-85.38277368507677,21063.232421875,-70.94239222641208,11834.716796875,-77.95900739974266,20571.8994140625,865050
-5.689049,2.349161,0.3867571,2.033744153463709,0.0,-85.3477607179251,21533.203125,-70.47976286161786,11685.1806640625,-78.97129077241162,21063.232421875,865070
-5.689604,2.3976238,0.3564947,1.9272746626915696,0.0,-87.08929077199116,20678.7109375,-71.6348182306639,11663.818359375,-79.19133959779883,20721.435546875,865090
-5.686559,2.4500103,0.32077888,1.98022920675728,0.0,-82.80625381721501,20977.783203125,-71.5964846206438,11813.3544921875,-78.43801015344567,21426.3916015625,865110
-5.683202,2.5050821,0.28298375,2.051230527894048,0.0,-87.14119016638915,20187.3779296875,-72.36442746505966,11642.4560546875,-77.58932907982236,20806.884765625,865130
-5.6794024,2.554018,0.24859528,1.998494027712333,0.0,-81.48751380761465,20913.6962890625,-71.95795489072688,11578.369140625,-77.19947980112677,20700.0732421875,865150
-5.6746473,2.5995374,0.21559912,1.9445698641588314,0.0,-85.06856940324262,20507.8125,-70.5719618434111,11749.267578125,-80.33307132789457,20764.16015625,865170
-5.665588,2.6442037,0.17951736,1.9803658926421082,0.0,-83.64547915143962,21105.95703125,-69.4924542719654,11642.4560546875,-77.18255021905497,20956.4208984375,865190
-5.6508136,2.687307,0.13969132,1.9629442262887093,0.0,-86.13941350907405,21362.3046875,-71.46029057194559,11749.267578125,-77.18139254470474,20764.16015625,865210
-5.635528,2.7242973,0.10328685,1.9807153548431562,0.0,-82.69578363654671,20849.609375,-69.69116641703971,11685.1806640625,-78.22684162873014,21063.232421875,865230
-5.622642,2.7553008,0.07273468,1.9090072234026625,0.0,-84.7783211074609,21084.5947265625,-70.453672667236,11685.1806640625,-77.78483593909824,20977.783203125,865250
-5.610452,2.782257,0.045227557,1.9804546237452114,0.0,-82.9778777870046,21127.3193359375,-69.79498082626948,11386.1083984375,-78.18835630100844,20870.9716796875,865270
-5.60682,2.8020709,0.02937295,1.9985381933205524,0.0,-86.00457340677931,21020.5078125,-69.89127564690429,11663.818359375,-80.4250343552045,21383.6669921875,865290
-5.605009,2.8199108,0.016251672,1.8915392482046602,0.0,-87.81822567241755,22302.24609375,-70.27254322985128,11621.09375,-79.34185314047801,21234.130859375,865310
-5.600034,2.8390124,-2.843365E-4,1.9980365563528204,0.0,-87.08054620632436,21020.5078125,-70.3119695371551,11557.0068359375,-78.24351623852843,20721.435546875,865330
-5.588896,2.859304,-0.022600457,2.0337262875843853,0.0,-83.87400524178233,20422.36328125,-71.94983342153267,11642.4560546875,-79.13360233143743,21212.7685546875,865350
-5.57755,2.880975,-0.045911506,1.9806667208255133,0.0,-82.68827863098957,21105.95703125,-70.92358359622611,11599.7314453125,-79.72155853348764,20764.16015625,865370
-5.562188,2.899199,-0.070169896,1.8912227943657536,0.0,-81.53747600134358,21063.232421875,-70.46317313165291,11706.54296875,-78.31594426348543,20935.05859375,865390
-5.54876,2.9141212,-0.09061548,1.9806161272218166,0.0,-82.60248037717345,21276.85546875,-70.79863733092715,11557.0068359375,-79.13409562014375,21020.5078125,865410
-5.534936,2.9317508,-0.113105714,1.945186804625159,0.0,-83.67174518801684,21383.6669921875,-70.44735579163216,11920.166015625,-78.04604061032661,20635.986328125,865430
-5.5126715,2.955322,-0.14605612,1.9627255296386312,0.0,-83.3352007530293,20828.2470703125,-71.44458780260213,11749.267578125,-78.26060184954227,20657.3486328125,865450
-5.481504,2.9875216,-0.19148007,1.9448399784951258,0.0,-86.5235997541806,20892.333984375,-71.20167515047056,11642.4560546875,-79.46185589151038,21148.681640625,865470
-5.439826,3.0175796,-0.2433063,2.0160962830522426,0.0,-87.19370859981126,21447.75390625,-71.14784000668679,11749.267578125,-86.41935662972924,20721.435546875,865490
-5.401684,3.0423734,-0.2884108,1.9451973124282975,0.0,-82.9667239795595,20700.0732421875,-73.67600381483014,11663.818359375,-83.42267285600639,21148.681640625,865510
-5.36223,3.0638423,-0.33179668,1.9092590897802748,0.0,-93.02944686590718,22344.970703125,-74.97895819836981,11663.818359375,-80.3339388803299,20379.638671875,865530
-5.318309,3.0832624,-0.37686813,1.998111652383834,0.0,-85.21059203818237,20529.1748046875,-73.52808511906719,11749.267578125,-81.66939545381196,20721.435546875,865550
-5.275642,3.1034498,-0.4211159,1.9452301048490737,0.0,-84.25191243849036,21170.0439453125,-74.35275058917131,11663.818359375,-81.01121987188233,20892.333984375,865570
-5.236072,3.1223788,-0.4618677,1.9805198237397605,0.0,-89.78773565488261,21127.3193359375,-74.96279348948678,11663.818359375,-83.70316966266822,20593.26171875,865590
-5.2018247,3.1366367,-0.49559864,1.9448349998476724,0.0,-93.10097469687163,25015.2587890625,-77.8216902664995,11535.64453125,-80.826889052025,20892.333984375,865610
-5.172022,3.1516569,-0.52638394,2.015942231496984,0.0,-90.00228630747449,20849.609375,-75.40501088173933,11898.8037109375,-81.06203231135682,20401.0009765625,865630
-5.144252,3.1633432,-0.55341595,1.9806453323447726,0.0,-92.18197086229364,22045.8984375,-78.42453993577023,11834.716796875,-83.58713962689585,20999.1455078125,865650
-5.1132855,3.175055,-0.5825512,1.9270645094318644,0.0,-94.7406177964314,83676.1474609375,-76.63196047973231,11706.54296875,-82.91408512017799,20935.05859375,865670
-5.080739,3.1861284,-0.6121137,1.998228578026933,0.0,-87.37460955891709,20315.5517578125,-76.12254862487725,11727.9052734375,-83.11299287557225,21148.681640625,865690
-5.052886,3.1965868,-0.6377462,1.9451363582058303,0.0,-88.44383263330913,20892.333984375,-76.25365437467502,11727.9052734375,-83.79263536291322,20486.4501953125,865710
-5.0307107,3.2010214,-0.6554363,1.9805325797992224,0.0,-91.57215329003895,70773.3154296875,-76.9726516543943,11706.54296875,-82.75664104156631,20935.05859375,865730
-5.013795,3.2021232,-0.66726977,1.962658228237637,0.0,-90.94210748273737,20764.16015625,-77.64225687048967,11621.09375,-83.23044814557159,20764.16015625,865750
-4.9916735,3.2053192,-0.6836813,1.980612014005208,0.0,-90.19904326248344,21191.40625,-78.14212564571996,11962.890625,-85.60720370494082,20507.8125,865770
-4.9643292,3.2105992,-0.70465475,1.962738581671719,0.0,-93.5285660086214,20208.740234375,-77.74423506304016,11642.4560546875,-80.90392502258118,20486.4501953125,865790
-4.9368677,3.2159092,-0.72546643,1.9270397417564447,0.0,-89.51151957087718,21041.8701171875,-76.46337824722933,11706.54296875,-85.21397853142695,20870.9716796875,865810
-4.9128146,3.2198303,-0.7431348,1.9803451479325898,0.0,-87.6862482751281,56182.861328125,-76.59353523688652,11663.818359375,-82.25795074557755,21148.681640625,865830
-4.88868,3.2237728,-0.76068676,1.980656981904587,0.0,-86.26765813015992,19781.494140625,-76.86755626551806,11621.09375,-88.29406508890536,20443.7255859375,865850
-4.855703,3.2312138,-0.7856706,1.9271860890770074,0.0,-84.9611519287127,20593.26171875,-75.54494845707039,11364.74609375,-81.68662982596405,20935.05859375,865870
-4.8138294,3.2421634,-0.81801903,1.9448081105789958,0.0,-85.98592211006384,20657.3486328125,-74.22834016522943,11727.9052734375,-82.7548194892548,21127.3193359375,865890
-4.7763596,3.2551024,-0.8487685,2.01573651616072,0.0,-87.06401575315542,20443.7255859375,-74.52553783184757,11834.716796875,-84.87157298190823,20913.6962890625,865910
-4.7473836,3.265955,-0.8729514,1.9626074309119426,0.0,-88.18240277473889,20806.884765625,-73.63114861321635,11749.267578125,-82.95255696333885,20401.0009765625,865930
-4.72032,3.2748215,-0.89446217,1.9094050146452766,0.0,-87.02979312547382,20422.36328125,-73.86764638893412,11535.64453125,-82.95877352001784,21041.8701171875,865950
-4.6904697,3.281032,-0.9158639,2.0158069830902496,0.0,-83.3045455558125,21960.44921875,-73.76722588012713,11557.0068359375,-80.10146373121812,20764.16015625,865970
-4.659318,3.2852485,-0.93663913,1.9625328663824235,0.0,-80.49858969415777,20678.7109375,-73.36386895684325,11535.64453125,-79.16960693249015,20593.26171875,865990
-4.6367254,3.2873435,-0.95093983,1.9092811124257332,0.0,-85.5011930843811,20999.1455078125,-74.01045185413011,11706.54296875,-80.88564566542706,20913.6962890625,866010
-4.6186457,3.2913964,-0.9638148,1.9452487671797636,0.0,-83.9450174959394,20550.537109375,-73.4404283423318,11834.716796875,-77.67351118927121,20443.7255859375,866030
-4.6002746,3.2968128,-0.97766525,2.01591890591747,0.0,-88.76415469914829,21640.0146484375,-72.92580633172838,11642.4560546875,-81.09858185832036,21362.3046875,866050
-4.583387,3.3028865,-0.9910129,1.9980720440333835,0.0,-84.65537791217486,20571.8994140625,-73.13620770919017,11898.8037109375,-80.55387558141278,20721.435546875,866070
-4.57211,3.3055003,-0.99892795,1.963018966289833,0.0,-84.5583683154469,20742.7978515625,-71.04662936995436,11642.4560546875,-79.96377490072076,20828.2470703125,866090
-4.5623326,3.3087595,-1.0063668,2.033636429148624,0.0,-86.4009737523227,21041.8701171875,-71.08492490514939,11599.7314453125,-78.09849804509349,20913.6962890625,866110
-4.5476565,3.3114955,-1.016037,2.0155729608845596,0.0,-83.53213437218824,21105.95703125,-71.91675691515448,11642.4560546875,-79.20759418304617,21170.0439453125,866130
-4.5260158,3.3157392,-1.030413,1.9628298217505227,0.0,-87.04600772588095,21041.8701171875,-71.40838342242654,11727.9052734375,-78.30637919673188,21041.8701171875,866150
-4.49709,3.3228621,-1.0504367,1.9274013080754702,0.0,-82.29753068085188,20678.7109375,-70.41056501099601,11621.09375,-77.18499913901724,21426.3916015625,866170
-4.471454,3.3299215,-1.0685316,1.998037339138852,0.0,-80.99319046344502,20806.884765625,-70.26287517585517,11663.818359375,-79.14821411320297,20614.6240234375,866190
-4.4539995,3.3374383,-1.0824783,1.962574304397247,0.0,-83.82327381959914,20764.16015625,-70.14960790277115,11663.818359375,-77.66503946321149,21063.232421875,866210
-4.436396,3.3376088,-1.0917188,1.9452657761434142,0.0,-84.86303495660265,20443.7255859375,-70.52447159009205,11492.919921875,-78.580502990082,20849.609375,866230
-4.4200206,3.3397794,-1.101522,1.9451144882431082,0.0,-83.9181743557906,20977.783203125,-69.73881176321089,11770.6298828125,-80.69228227618537,21319.580078125,866250
-4.408151,3.3364494,-1.1054682,2.033251694472145,0.0,-82.95001256978664,20465.087890625,-69.91512314265576,12048.33984375,-78.03905376190122,20956.4208984375,866270
-4.3923316,3.3358994,-1.1132183,1.8914778771089755,0.0,-82.96824012871113,20700.0732421875,-68.61265866834378,11749.267578125,-77.55006446444978,21063.232421875,866290
-4.371939,3.3408635,-1.1267248,1.9631876227675729,0.0,-81.67781915211764,20486.4501953125,-69.38972111484111,11621.09375,-76.32899518841728,20870.9716796875,866310
-4.352734,3.347827,-1.1407522,2.0686867502100084,0.0,-82.17011045561617,21084.5947265625,-68.94503662255171,11663.818359375,-76.27260852734113,20913.6962890625,866330
-4.3254538,3.353059,-1.1575854,1.9268012382524835,0.0,-81.85230284596895,20614.6240234375,-68.13753096806228,11727.9052734375,-76.64169217529444,21255.4931640625,866350
-4.2942076,3.3610492,-1.1782317,1.8737873448441131,0.0,-80.11369065408603,20614.6240234375,-68.03866468951493,11621.09375,-76.43112954208897,20935.05859375,866370
-4.2644734,3.3696964,-1.1984376,2.016022372818908,0.0,-79.36694693986563,20785.5224609375,-68.1170914300625,11621.09375,-76.9550155719824,20999.1455078125,866390
-4.2470675,3.375955,-1.2110116,2.033204247811469,0.0,-83.08978999411578,20870.9716796875,-68.15566020562792,11621.09375,-76.13737238548362,20892.333984375,866410
-4.239183,3.3772264,-1.2156872,1.8913689216109044,0.0,-83.09115694225483,22451.7822265625,-67.45451447618123,11642.4560546875,-75.92902716590332,20550.537109375,866430
-4.234698,3.3783803,-1.2186246,1.9275752928587444,0.0,-79.97161690904318,20700.0732421875,-67.9463582224027,11557.0068359375,-76.59696060790101,21383.6669921875,866450
-4.2271004,3.3783212,-1.2222764,2.0684809473602015,0.0,-79.99598340363336,20635.986328125,-67.25351885321841,11749.267578125,-75.27957509143559,20764.16015625,866470
-4.2194996,3.378265,-1.2259213,1.9446662098353815,0.0,-79.66246546407292,21041.8701171875,-67.62559138164505,11770.6298828125,-77.17521150330812,20913.6962890625,866490
-4.21218,3.3768826,-1.2285328,1.8558612265002057,0.0,-83.13956245367322,21554.5654296875,-67.99960207631544,11621.09375,-74.3278579857124,20721.435546875,866510
-4.207695,3.3780508,-1.2314647,2.033704127776412,0.0,-80.3412365597419,21575.927734375,-67.9863870965981,11557.0068359375,-76.04481859894422,20806.884765625,866530
-4.206613,3.379084,-1.2326663,1.9976862300643659,0.0,-79.14381699491747,20849.609375,-67.68913181169187,11685.1806640625,-74.1347789176744,21105.95703125,866550
-4.2055326,3.3801198,-1.2338672,1.8735063736023327,0.0,-83.05015032771115,20999.1455078125,-67.61419075533225,11663.818359375,-74.43912885770024,20764.16015625,866570
-4.2036533,3.3808615,-1.235242,2.015728674448462,0.0,-80.14401831659535,20956.4208984375,-70.17492220278595,11749.267578125,-74.10074882097285,20849.609375,866610
-4.2007346,3.3826678,-1.2378025,1.9445111812764624,0.0,-80.99336918084552,20806.884765625,-68.05299706406778,11920.166015625,-74.36544138633349,20935.05859375,866630
-4.1962476,3.3839011,-1.2407045,2.0162145911143434,0.0,-78.65982498786308,20892.333984375,-65.94364987994408,11663.818359375,-73.68398137752705,20913.6962890625,866650
-4.183897,3.3822787,-1.2453005,1.9274217364992994,0.0,-78.08749432259867,21105.95703125,-65.74597512077526,11621.09375,-74.0703371023304,20870.9716796875,866670
-4.1602416,3.3780727,-1.2532601,2.0682641010937712,0.0,-77.48522961732819,20999.1455078125,-65.51910634271769,11663.818359375,-73.83941929931156,20849.609375,866690
-4.131324,3.3748896,-1.2642692,1.9982727496159227,0.0,-78.25873695748146,20742.7978515625,-65.30442186598134,11685.1806640625,-74.12911826189597,21170.0439453125,866710
-4.1087003,3.3740122,-1.2739109,1.9278084563965856,0.0,-79.00612721324832,20977.783203125,-66.05968605742763,11685.1806640625,-73.98803973148692,20935.05859375,866730
-4.0963197,3.3724985,-1.2784632,2.1034737582279748,0.0,-79.53211920697629,20999.1455078125,-66.5206389245937,11706.54296875,-73.55421625075552,20678.7109375,866750
-4.08684,3.3734663,-1.2833717,1.908847179356502,0.0,-77.51182514501862,20849.609375,-65.60203708124683,11663.818359375,-73.63286252019094,20657.3486328125,866770
-4.0776114,3.3731213,-1.2872462,1.81985108545001,0.0,-78.34039814755714,20828.2470703125,-65.34295597266754,11663.818359375,-73.55996228125817,20956.4208984375,866790
-4.0615587,3.3732758,-1.2945204,2.0513371146051744,0.0,-78.64761588701845,20870.9716796875,-64.97514723387647,11663.818359375,-74.11566155352367,20913.6962890625,866810
-4.0357695,3.3715067,-1.3048491,1.9799951760369459,0.0,-77.67518793842073,20230.1025390625,-65.64745645695939,11685.1806640625,-72.06793152193396,20742.7978515625,866830
-3.9965842,3.3694072,-1.3209587,1.89135417263097,0.0,-76.35305882721224,21105.95703125,-65.57377859404069,11685.1806640625,-73.37505400699575,20764.16015625,866850
-3.9517312,3.371079,-1.3423132,1.9098727361436056,0.0,-79.58831372301023,20870.9716796875,-66.25744630200957,11599.7314453125,-74.41200382465883,20913.6962890625,866870
-3.9068072,3.3729334,-1.3635026,2.0159150341042493,0.0,-79.21982895796573,20870.9716796875,-66.23024729597803,11685.1806640625,-75.73996462507023,21041.8701171875,866890
-3.8686664,3.3743284,-1.381209,1.9622270310810306,0.0,-78.00676686318681,20828.2470703125,-65.85462378650134,11621.09375,-74.72017803316332,21041.8701171875,866910
-3.838195,3.3797956,-1.3982161,1.8379302508939934,0.0,-77.01593060848987,20870.9716796875,-65.93254857713917,11663.818359375,-75.48746247976456,20935.05859375,866930
-3.8216124,3.3828654,-1.4074118,1.9631576248053952,0.0,-77.78024397771875,20892.333984375,-66.13753376116567,11685.1806640625,-76.18614618752228,21319.580078125,866950
-3.8187287,3.384763,-1.4099458,2.0857032818573984,0.0,-78.8614073642319,20101.9287109375,-66.0379570723675,11706.54296875,-73.90542638917593,20935.05859375,866970
-3.820298,3.385249,-1.4096625,1.9098961589226204,0.0,-78.26828583294932,20742.7978515625,-66.30777621790003,11685.1806640625,-75.54332222994827,20550.537109375,867010
-3.8200378,3.3865767,-1.4107066,1.926506289488525,0.0,-78.36560436630408,21127.3193359375,-65.95847056479226,11813.3544921875,-75.08888471994757,20913.6962890625,867050
-3.8189921,3.387665,-1.4118916,1.8197608878970728,0.0,-77.16285787724809,20892.333984375,-65.74973102567684,11685.1806640625,-75.71411178441208,20849.609375,867070
-3.820567,3.3881388,-1.4116186,1.9799298223523687,0.0,-76.33494053538828,20742.7978515625,-66.04506151222598,11727.9052734375,-75.62749764453167,21105.95703125,867110
-3.821916,3.3899498,-1.4123888,1.9454552102892022,0.0,-76.20365697285814,21063.232421875,-65.7501125137331,11663.818359375,-75.25540263008426,20956.4208984375,867150
-3.8234935,3.3904233,-1.4121302,1.9800675609578064,0.0,-79.3218899692477,21084.5947265625,-65.72716903829576,11599.7314453125,-74.77146634662206,21105.95703125,867190
-3.825071,3.3908982,-1.4118772,1.9452548566134489,0.0,-77.73061659688469,21041.8701171875,-65.98361238211811,11621.09375,-76.56136980594674,20507.8125,867230
-3.8266497,3.3913734,-1.4116304,1.9980849868342896,0.0,-78.17509023997421,20764.16015625,-66.04945353327129,11706.54296875,-74.54826368279699,20913.6962890625,867270
-3.8282285,3.3918498,-1.4113876,2.103736222016972,0.0,-80.7236092776393,20721.435546875,-65.60359314093621,11621.09375,-74.64240118113194,20999.1455078125,867310
-3.8298078,3.392327,-1.4111483,1.8019123293733876,0.0,-76.96526953901035,20700.0732421875,-65.80449749216076,11663.818359375,-75.08085868782406,20635.986328125,867350
-3.8313868,3.392806,-1.4109116,1.962159159918573,0.0,-76.93217470797023,20849.609375,-65.7414646456301,11706.54296875,-73.99253821593166,20742.7978515625,867390
-3.832965,3.3932877,-1.4106729,1.8740011131881495,0.0,-79.30691044254633,20080.56640625,-65.75085308068638,11621.09375,-74.3831564830968,20977.783203125,867430
-3.8345425,3.3937697,-1.4104339,1.997700730224309,0.0,-78.66178506928998,20657.3486328125,-65.92562972359846,11898.8037109375,-74.60834167420145,20785.5224609375,867470
-3.8361201,3.3942523,-1.4101942,1.9986053268918638,0.0,-77.61388784807797,20999.1455078125,-65.64032709384838,11685.1806640625,-74.16589450093892,20913.6962890625,867510
-3.8376973,3.394736,-1.4099544,1.873025737712875,0.0,-78.26470336272594,21597.2900390625,-65.74918123425567,11685.1806640625,-75.21800595616247,20913.6962890625,867550
-3.8392751,3.3952193,-1.4097172,2.1036001235488215,0.0,-77.83604848067012,20828.2470703125,-65.83180273756926,11727.9052734375,-73.38925265501756,20849.609375,867590
-3.8408532,3.3957026,-1.4094827,1.8016788430756976,0.0,-77.78621343186907,20956.4208984375,-65.60289128824186,11621.09375,-75.85404601610992,20935.05859375,867630
-3.8424315,3.3961859,-1.40925,2.1381096754786473,0.0,-78.54527532671841,20742.7978515625,-65.94846896505796,11706.54296875,-75.11153890690039,21063.232421875,867670
-3.8440094,3.3966706,-1.4090164,1.8380842435081088,0.0,-77.77410281915144,20977.783203125,-65.56703300666827,11599.7314453125,-74.15009932409785,20849.609375,867710
-3.8455877,3.3971539,-1.4087833,2.1380091846553753,0.0,-78.46881971925012,20336.9140625,-65.40119395442204,11749.267578125,-75.68663429412383,20977.783203125,867750
-3.8471663,3.3976367,-1.408551,1.9988133533878607,0.0,-78.7359496662654,21127.3193359375,-65.60783811851803,11663.818359375,-73.7849943582245,20678.7109375,867790
-3.8487449,3.3981192,-1.4083184,1.9978165784505646,0.0,-77.29172801787546,20999.1455078125,-65.73405193183908,11685.1806640625,-75.81250557946328,21191.40625,867830
-3.8503237,3.3986006,-1.4080849,2.0512956335090284,0.0,-76.8094595456152,20913.6962890625,-65.33645134529367,11727.9052734375,-74.39517121010118,20721.435546875,867870
-3.8519027,3.399081,-1.40785,1.9804668393233802,0.0,-77.25232292232965,20913.6962890625,-65.60690764983832,11642.4560546875,-75.22038990758546,20935.05859375,867910
-3.8534813,3.3995614,-1.4076136,1.9449807284420204,0.0,-78.99104855027011,20956.4208984375,-65.76749785393527,11642.4560546875,-74.64580128833917,20828.2470703125,867950
-3.8550606,3.4000401,-1.4073794,1.9277522702944472,0.0,-79.17501087371184,20208.740234375,-65.50196817966685,11685.1806640625,-75.19721493566188,20764.16015625,867990
-3.8566403,3.4005187,-1.4071455,2.1032672880939054,0.0,-78.4730494781718,20828.2470703125,-65.69723023213702,11685.1806640625,-74.88701756858026,20892.333984375,868030
-3.8555546,3.4016142,-1.4082868,1.9449653468989148,0.0,-78.2193549451185,21319.580078125,-65.65183287080839,11663.818359375,-75.26695041111826,21426.3916015625,868050
-3.8571339,3.402094,-1.4080527,2.1037688756459896,0.0,-76.9427310714547,20849.609375,-65.63441517946042,11642.4560546875,-75.13188481927115,20935.05859375,868090
-3.8587127,3.4025748,-1.4078182,1.801538508717657,0.0,-79.73135067887712,21255.4931640625,-65.48157505677521,11685.1806640625,-75.06565346029265,20806.884765625,868130
-3.860291,3.403057,-1.4075825,1.9800480825839253,0.0,-78.58760727159024,21170.0439453125,-65.63031248209123,11706.54296875,-74.58854607773974,20764.16015625,868170
-3.8618696,3.403539,-1.4073485,1.8381338976954307,0.0,-76.6452543731032,21041.8701171875,-65.4682525403113,11663.818359375,-74.23763568354073,20956.4208984375,868210
-3.8634486,3.4040198,-1.4071158,2.032945879218716,0.0,-75.82688157214109,21084.5947265625,-65.59278258986416,11663.818359375,-75.13623354444145,20785.5224609375,868250
-3.865028,3.4045002,-1.4068829,1.9987165774343187,0.0,-78.33877947924071,20678.7109375,-65.61194842564716,11663.818359375,-75.32453621345786,20614.6240234375,868290
-3.8666077,3.4049797,-1.4066511,1.9268018559157862,0.0,-76.26514738555665,20700.0732421875,-65.55994657540397,11706.54296875,-74.80923822681729,20956.4208984375,868330
-3.8681867,3.4054608,-1.4064174,2.1039860128173618,0.0,-78.00925286827524,20742.7978515625,-65.55039086663913,11663.818359375,-74.19726197026134,20892.333984375,868370
-3.869765,3.4059432,-1.4061835,1.9275535094239946,0.0,-78.67085394143609,20486.4501953125,-65.1127991296973,11663.818359375,-75.17094493104119,20422.36328125,868410
-3.8713443,3.4064243,-1.4059525,1.9801145428678169,0.0,-77.89636959880255,21170.0439453125,-65.50790095975627,11642.4560546875,-75.40247316676349,20849.609375,868450
-3.872923,3.4069064,-1.4057196,1.8380808822692831,0.0,-78.54981547859076,20764.16015625,-65.369943900221,11599.7314453125,-74.88034919232786,21212.7685546875,868490
-3.8745015,3.4073884,-1.4054867,2.0154012220966204,0.0,-77.36272210685958,20892.333984375,-65.60659302200608,11642.4560546875,-74.86602684737646,20870.9716796875,868530
-3.8760793,3.407872,-1.405252,1.998688618735684,0.0,-80.06753045139682,20806.884765625,-65.6831157227106,11663.818359375,-74.17942979505276,20721.435546875,868570
-3.8776567,3.4083576,-1.4050171,1.9445218865701062,0.0,-76.20822209262025,20849.609375,-65.14908447506923,11642.4560546875,-74.98859619103247,20849.609375,868610
-3.8792336,3.4088442,-1.4047812,2.0690282470888386,0.0,-77.65307698146091,20785.5224609375,-65.63727602811511,11663.818359375,-75.12674502334207,20828.2470703125,868650
-3.8808105,3.4093301,-1.404545,1.9452882598142676,0.0,-77.75640641168955,20700.0732421875,-65.45935209056621,11663.818359375,-74.04519458371183,20935.05859375,868690
-3.8823874,3.4098155,-1.4043078,1.9978300327651388,0.0,-77.62435867032804,21148.681640625,-65.64437351979934,11642.4560546875,-74.3143103045096,20849.609375,868730
-3.883964,3.4103014,-1.4040687,1.8198908432295113,0.0,-78.04174957313596,21234.130859375,-65.66554621434521,11727.9052734375,-74.41760938303369,20977.783203125,868770
-3.88554,3.4107883,-1.4038273,2.1208305217836596,0.0,-77.67090944279262,20913.6962890625,-65.72307926471242,11663.818359375,-74.63275864163327,20999.1455078125,868810
-3.8871155,3.411276,-1.4035844,1.9810069263807177,0.0,-77.51465756243316,20764.16015625,-65.72984486504915,11706.54296875,-74.39842187300665,20892.333984375,868850
-3.8886907,3.4117644,-1.4033405,2.1031732672424623,0.0,-77.20369235907728,20935.05859375,-65.57934470814301,11685.1806640625,-75.63269562359449,20935.05859375,868890
-3.8902657,3.4122527,-1.4030951,1.838097244414891,0.0,-78.38005101194005,20828.2470703125,-65.48635319374235,11599.7314453125,-75.08686693600026,20999.1455078125,868930
-3.8918397,3.4127426,-1.402846,1.9266217612554564,0.0,-78.38503294094373,20635.986328125,-65.72752092829144,11685.1806640625,-75.4326183321836,20828.2470703125,868970
-3.8934124,3.4132347,-1.4025924,1.9633709048402501,0.0,-78.92037092851426,20849.609375,-65.56729776949696,11706.54296875,-71.76222787892769,20571.8994140625,869010
-3.894985,3.413726,-1.4023386,2.103271063247857,0.0,-77.25695445091552,20935.05859375,-65.85675716828703,11663.818359375,-75.44782016990196,20935.05859375,869050
-3.896557,3.4142177,-1.4020829,1.8561139717247386,0.0,-78.27861075502702,20999.1455078125,-65.52783126738326,11663.818359375,-74.19939608112074,20935.05859375,869090
-3.8981292,3.414709,-1.4018258,1.9976171120492343,0.0,-77.23612035296176,21041.8701171875,-65.07625241697491,11749.267578125,-76.150050727395,20230.1025390625,869130
-3.8997002,3.4152014,-1.401565,1.9810617459829771,0.0,-79.07650033717981,21020.5078125,-65.43319075921107,11663.818359375,-74.49645551679119,21020.5078125,869170
-3.9012704,3.4156952,-1.401301,2.0506175861988067,0.0,-76.84655883506417,20849.609375,-65.74989410980444,11856.0791015625,-74.66591518217625,20849.609375,869210
-3.90284,3.4161901,-1.4010344,1.927692581097897,0.0,-79.02200021403205,21020.5078125,-65.42334007737975,11663.818359375,-75.60226892794111,20956.4208984375,869250
-3.90441,3.416684,-1.400769,1.9443944065760197,0.0,-80.1034647229526,21383.6669921875,-65.58629739186485,11663.818359375,-75.8001458321512,21255.4931640625,869290
