-6.8676014,4.1473823,-1.106399,1.9983290758473469,0.0,-78.5240957048302,21405.029296875,-65.7853679138625,11685.1806640625,-72.66369026471912,20870.9716796875,940007
-6.869208,4.1478195,-1.1063166,1.980721853224083,0.0,-79.58362309103013,20272.8271484375,-65.52150469038091,11642.4560546875,-74.70371756603399,21041.8701171875,940047
-6.8708134,4.1482596,-1.1062303,2.068539408689209,0.0,-78.24168018850565,20870.9716796875,-65.96798376734169,11791.9921875,-74.57187615669693,20870.9716796875,940087
-6.872417,4.148705,-1.1061364,1.855898947337623,0.0,-77.88391424139982,21020.5078125,-65.44912065372299,11621.09375,-74.6651842941549,20828.2470703125,940127
-6.8740187,4.1491556,-1.1060355,2.068372837734716,0.0,-78.3524544253469,20571.8994140625,-65.81668060250135,11663.818359375,-74.51248811975803,20913.6962890625,940167
-6.875618,4.149613,-1.1059266,1.8918330145565734,0.0,-78.55797663806437,21447.75390625,-65.4176598203552,11663.818359375,-74.01475909501515,20999.1455078125,940207
-6.8772135,4.1500797,-1.1058027,1.9447169440519878,0.0,-78.4838483105541,20635.986328125,-65.49582705987557,11706.54296875,-74.39820593839873,20935.05859375,940247
-6.878805,4.1505556,-1.1056669,1.9984341508973935,0.0,-78.58431875572106,20700.0732421875,-65.47835551148614,11642.4560546875,-73.50822470567562,21127.3193359375,940287
-6.8799257,4.14943,-1.1046231,2.0682770013896743,0.0,-79.04052181252803,21020.5078125,-65.52893712299591,11685.1806640625,-73.84153757794036,20849.609375,940307
-6.881512,4.1499186,-1.1044687,1.9274503588532763,0.0,-77.55936560489113,21020.5078125,-65.4689714728486,11663.818359375,-74.53255085086093,20870.9716796875,940347
-6.8830943,4.150416,-1.1043028,1.926915788361354,0.0,-77.6178388121206,20892.333984375,-65.9620851943928,11663.818359375,-74.64479961338225,21020.5078125,940387
-6.884674,4.1509194,-1.1041278,1.855903560911007,0.0,-78.31127441358663,20828.2470703125,-65.04976755860754,11663.818359375,-73.61301032964518,20785.5224609375,940427
-6.8862514,4.1514277,-1.1039449,2.086013871930697,0.0,-80.09815226686455,21447.75390625,-65.73116106789647,11642.4560546875,-74.57241660184893,20956.4208984375,940467
-6.887363,4.1503263,-1.1028665,1.8912631291167556,0.0,-76.61091791716413,20401.0009765625,-65.49445845932652,11663.818359375,-74.32465227744758,21084.5947265625,940487
-6.888935,4.150845,-1.1026686,2.016135557182446,0.0,-78.69854389234656,20764.16015625,-65.58883810928694,11599.7314453125,-73.72734444838716,21041.8701171875,940527
-6.8913302,4.1516385,-1.1023626,1.9978717901761442,0.0,-78.43869470529695,20870.9716796875,-65.49670010837586,11706.54296875,-73.47772951323824,20892.333984375,940547
-6.892899,4.1521626,-1.1021565,1.8558703512224086,0.0,-78.37816286295882,20828.2470703125,-65.46844463642466,11663.818359375,-73.92144602884377,20935.05859375,940587
-6.8944664,4.152689,-1.1019459,2.033052537961206,0.0,-78.59733401287039,20678.7109375,-65.74821301017899,11663.818359375,-74.44195932156777,21063.232421875,940627
-6.896032,4.153219,-1.1017286,1.9808873970462906,0.0,-78.6908919492094,20849.609375,-65.29280383218506,11514.2822265625,-74.6116219009886,20935.05859375,940667
-6.8975954,4.1537523,-1.1015038,1.9446243118426172,0.0,-77.98583922850207,20977.783203125,-65.89615286405056,11685.1806640625,-74.2701650950801,20828.2470703125,940707
-6.899157,4.154289,-1.101273,1.8918730995392874,0.0,-79.14227150074501,21212.7685546875,-65.44732859690103,11599.7314453125,-73.2211747353212,21212.7685546875,940747
-6.899584,4.1558986,-1.1021512,1.873392591037977,0.0,-77.45194312620764,20892.333984375,-65.45761642894445,11663.818359375,-72.37968083496472,21212.7685546875,940807
-6.901137,4.1564465,-1.1018926,1.998354911370194,0.0,-78.08823833715833,21191.40625,-65.5822161357724,11578.369140625,-72.90318586849844,20593.26171875,940847
-6.9026856,4.157,-1.10162,1.9270527876460677,0.0,-78.42689945911458,21084.5947265625,-65.43941191646093,11621.09375,-75.31195924276227,20465.087890625,940887
-6.904231,4.1575575,-1.1013377,2.051104220701488,0.0,-77.99671714035546,20764.16015625,-65.51124497187732,11791.9921875,-73.89630530177119,20828.2470703125,940927
-6.9073524,4.1586967,-1.1007465,1.9271919273960356,0.0,-77.53262071391367,20913.6962890625,-66.33281834478089,11599.7314453125,-74.12439500161102,20401.0009765625,940967
-6.908892,4.1592617,-1.1004483,1.9450593991449878,0.0,-79.28704904919192,21148.681640625,-65.55151044649068,11663.818359375,-75.28599510634456,20849.609375,941007
-6.910431,4.159828,-1.100146,1.8377431149894847,0.0,-79.03664870860942,21234.130859375,-65.52507290897054,11642.4560546875,-74.30340573446513,20849.609375,941047
-6.911967,4.160398,-1.0998373,2.1035509324457453,0.0,-78.3788338698551,21105.95703125,-65.7536422616458,11663.818359375,-73.19772771414969,20764.16015625,941087
-6.9135017,4.1609693,-1.0995265,1.998595742359748,0.0,-78.91204564514604,20977.783203125,-65.13432285182577,11706.54296875,-73.72035698896272,20999.1455078125,941127
-6.9150343,4.1615434,-1.0992109,2.0683764015091683,0.0,-78.01386532044017,20892.333984375,-65.72901776586478,11685.1806640625,-72.74214797785719,20785.5224609375,941167
-6.916566,4.162119,-1.0988928,1.90978831063451,0.0,-77.1227583508781,20785.5224609375,-65.50107997640148,11642.4560546875,-74.68012116897022,20892.333984375,941207
-6.9196653,4.1632857,-1.0982426,1.9445754220388705,0.0,-77.22783804065239,20806.884765625,-65.22397216962057,11727.9052734375,-74.18216197563108,20828.2470703125,941247
-6.921194,4.1638646,-1.0979165,1.9452893643905866,0.0,-78.31312907411218,20977.783203125,-65.59482450274257,11642.4560546875,-73.36622163671788,20678.7109375,941287
-6.922722,4.164445,-1.0975881,1.9090644871343618,0.0,-78.47241278538876,20785.5224609375,-65.95707849535604,11685.1806640625,-74.30494553926832,20849.609375,941327
-6.924251,4.165024,-1.0972618,2.0337417022937894,0.0,-78.80493749248797,20721.435546875,-65.49156309419062,11621.09375,-75.08235507873488,21063.232421875,941367
-6.9257812,4.165601,-1.0969384,1.944962291194656,0.0,-79.07040812629478,21340.9423828125,-65.41466710534232,11642.4560546875,-73.16894597861034,21234.130859375,941407
-6.9273114,4.1661777,-1.0966157,2.0685285305245174,0.0,-78.74943134566375,20721.435546875,-65.74500457829315,11706.54296875,-73.62981207930216,21191.40625,941447
-6.9288435,4.166753,-1.0962985,1.837786123941315,0.0,-78.29291556612192,20678.7109375,-65.22034124699591,11663.818359375,-75.82435340799833,20529.1748046875,941487
-6.9319468,4.1679153,-1.0956583,2.0683606397670817,0.0,-77.7850948232282,20764.16015625,-65.57166859444449,11621.09375,-73.55915316786457,20892.333984375,941527
-6.9334784,4.1684904,-1.0953394,1.9631727648360144,0.0,-76.74757618475303,20913.6962890625,-65.37003956231294,11685.1806640625,-73.46920183899469,21084.5947265625,941567
-6.9350085,4.1690674,-1.0950164,1.9978577868185554,0.0,-78.28386858151903,20956.4208984375,-65.72777512672059,11727.9052734375,-74.27813670526687,21063.232421875,941607
-6.9365377,4.1696453,-1.0946902,1.9631200682089203,0.0,-77.0984995340381,20550.537109375,-66.1843140215091,11557.0068359375,-75.12498002275065,20935.05859375,941647
-6.9380674,4.1702223,-1.0943644,1.9268701040588798,0.0,-78.48182346682717,20849.609375,-65.6696968447754,11685.1806640625,-73.65540043121341,20849.609375,941687
-6.934895,4.1690254,-1.0950383,2.0336065226557714,0.0,-78.57067231281115,20935.05859375,-65.69962176172778,11685.1806640625,-74.45023001597386,21084.5947265625,941727
-6.9288163,4.169611,-1.0982567,2.0330574472920455,0.0,-78.13415904999079,20700.0732421875,-65.33268586661967,11685.1806640625,-74.17528296967045,20956.4208984375,941747
-6.92015,4.166379,-1.100011,1.8555389526878618,0.0,-78.32970321240845,20870.9716796875,-65.83421065723961,11599.7314453125,-74.97138684928773,20956.4208984375,941767
-6.907912,4.156082,-1.0985093,1.927536355592662,0.0,-77.28032170937152,20999.1455078125,-65.65298180968571,11621.09375,-75.3254867712153,20849.609375,941787
-6.8883996,4.1401973,-1.0963709,2.103607486782999,0.0,-78.83441079905005,20806.884765625,-66.10945186867613,11685.1806640625,-74.42927941995934,20806.884765625,941807
-6.8629265,4.1205983,-1.0942322,1.9623348099471176,0.0,-78.43444643949547,20550.537109375,-65.61149376160509,11749.267578125,-75.36483301827568,20828.2470703125,941827
-6.8324065,4.1005816,-1.0936639,1.9985980091968099,0.0,-77.83631971267329,20742.7978515625,-65.62203885766222,11663.818359375,-73.92009210639317,20635.986328125,941847
-6.799957,4.0813503,-1.094012,2.0339056877834736,0.0,-78.50172714496475,20828.2470703125,-65.81671939659468,11621.09375,-73.80752796141567,20956.4208984375,941867
-6.771924,4.065212,-1.0943586,1.9622976720497374,0.0,-76.96263662882872,20977.783203125,-66.23842079642083,11621.09375,-73.02123436974391,21041.8701171875,941887
-6.7461295,4.0470653,-1.0921193,1.998066754005234,0.0,-77.0284677774407,20806.884765625,-65.32465871085029,11578.369140625,-71.40333461697611,20977.783203125,941907
-6.716786,4.0291395,-1.0910233,1.874001251767273,0.0,-76.89106414307231,21234.130859375,-65.345052803151,11685.1806640625,-73.39216146965384,20977.783203125,941927
-6.6886516,4.0131855,-1.0904397,2.0862887700908868,0.0,-76.80762981117498,21105.95703125,-64.40009171650084,11663.818359375,-72.55716652418423,20764.16015625,941947
-6.66248,3.996496,-1.0884244,1.9087025806420652,0.0,-76.53963608078291,21041.8701171875,-63.95139348097223,11685.1806640625,-74.03418178112352,21127.3193359375,941967
-6.6510887,3.9836822,-1.0836872,1.8016998715952104,0.0,-76.51656200288184,20614.6240234375,-63.63907495307132,11642.4560546875,-73.46853261341192,20849.609375,941987
-6.6429386,3.9720268,-1.078543,1.9630934515057255,0.0,-76.41745652334028,21020.5078125,-63.791701369060654,11599.7314453125,-74.183298744836,20935.05859375,942007
-6.633218,3.959823,-1.0734228,2.120715684308295,0.0,-76.18864252862812,20700.0732421875,-63.90711976097311,11727.9052734375,-73.43962798885458,20977.783203125,942027
-6.6199183,3.9478202,-1.0694294,1.8911055432574,0.0,-76.78918462757204,21554.5654296875,-63.716142525720116,11706.54296875,-73.07368837383102,20870.9716796875,942047
-6.6050406,3.9352565,-1.0654163,1.801974936914411,0.0,-74.49840744036591,20870.9716796875,-63.28688396584398,11642.4560546875,-71.88559791214725,21063.232421875,942067
-6.5858016,3.9138691,-1.056554,2.0160043022067593,0.0,-77.31822163886189,20764.16015625,-65.12493222418209,11642.4560546875,-72.79427229285008,21041.8701171875,942087
-6.547702,3.8669214,-1.0358561,2.0680709996505016,0.0,-75.97166956062252,20913.6962890625,-63.93124578487978,11663.818359375,-72.5047676155047,20892.333984375,942107
-6.491607,3.79824,-1.0069352,1.8016722315240783,0.0,-77.67183545532714,21084.5947265625,-65.093317758056,11599.7314453125,-72.17984833785265,20828.2470703125,942127
-6.4289894,3.7227285,-0.97494537,1.9098461416694752,0.0,-75.91991238353029,20785.5224609375,-63.750880402312674,11727.9052734375,-73.05425502964842,20700.0732421875,942147
-6.365295,3.6569862,-0.9492587,2.138224541287716,0.0,-75.52957113271336,20550.537109375,-63.36327274507934,11663.818359375,-71.97544776026831,20913.6962890625,942167
-6.2980695,3.581097,-0.9170696,1.9801356957854517,0.0,-76.33634593181772,20849.609375,-63.58450944298301,11685.1806640625,-72.46630793216848,20849.609375,942187
-6.230308,3.5023324,-0.88181746,1.8019144598195438,0.0,-74.76372845774787,20529.1748046875,-64.34561879543044,11642.4560546875,-72.7808769308729,20721.435546875,942207
-6.1754775,3.4341347,-0.84952456,2.0336690737728396,0.0,-77.05257961920925,20913.6962890625,-64.60686412857511,11621.09375,-72.95950701278247,20956.4208984375,942227
-6.126151,3.366538,-0.8154977,1.9621124664353176,0.0,-78.06393126438417,20935.05859375,-64.41361072805526,11685.1806640625,-72.40593872771542,20977.783203125,942247
-6.078517,3.2950406,-0.778071,1.8912947169911094,0.0,-76.94098933830362,20935.05859375,-63.791631951578964,11663.818359375,-73.0954919858052,20892.333984375,942267
-6.0319676,3.2165914,-0.73503464,1.8380728884655464,0.0,-77.20826048388597,21041.8701171875,-64.65466233702395,11599.7314453125,-74.17849360482877,20956.4208984375,942287
-5.9868956,3.1400473,-0.6925925,2.0860052968257605,0.0,-78.48573321979839,20849.609375,-65.87610275726612,11685.1806640625,-72.68253359648239,20678.7109375,942307
-5.9434333,3.0699165,-0.6536916,2.033102797433079,0.0,-77.9872718584481,20849.609375,-66.16994311016309,11706.54296875,-72.98312435039074,20742.7978515625,942327
-5.908745,2.9926102,-0.607353,1.8197614605432209,0.0,-80.55812487893236,20806.884765625,-66.24959704228135,11621.09375,-74.38284042363095,20849.609375,942347
-5.87665,2.9103246,-0.556369,1.9629420624907925,0.0,-78.30215615351523,20977.783203125,-66.01036244166986,11642.4560546875,-73.92289293873102,20849.609375,942367
-5.8488107,2.832683,-0.5068375,2.085912332262513,0.0,-77.8190903572957,20614.6240234375,-65.9081192050695,11685.1806640625,-75.42940575342911,20892.333984375,942387
-5.8236666,2.7633743,-0.46201766,1.980322400248681,0.0,-79.59996297459408,21063.232421875,-66.59816983939578,11685.1806640625,-74.42339465273076,20913.6962890625,942407
-5.8101444,2.7026978,-0.4208102,1.9453263706132409,0.0,-79.70497698433839,20721.435546875,-66.26348884568871,11642.4560546875,-74.54055773666369,20999.1455078125,942427
-5.8018684,2.6439319,-0.37969637,2.0510071968967147,0.0,-79.1975049800813,21234.130859375,-66.59655729045932,11557.0068359375,-75.69229628140337,20849.609375,942447
-5.793543,2.5822773,-0.3360192,1.9268739611304977,0.0,-80.0642708892967,20657.3486328125,-67.39997500138755,11642.4560546875,-74.9658375828072,20785.5224609375,942467
-5.7843275,2.5277839,-0.29704577,1.9984470044999583,0.0,-80.82901369803885,20721.435546875,-67.1922322625754,11642.4560546875,-74.34222635151448,20657.3486328125,942487
-5.774745,2.479115,-0.26186547,1.945408213873493,0.0,-80.7704862536945,20935.05859375,-67.46088716979342,11642.4560546875,-75.16646433716525,21084.5947265625,942507
-5.7573094,2.4324114,-0.22792529,1.9979100979025968,0.0,-80.4324883026396,21212.7685546875,-67.72808326842184,11642.4560546875,-74.67433701976152,20892.333984375,942527
-5.7420435,2.382177,-0.19054908,1.9632677798811757,0.0,-80.9845939248834,21041.8701171875,-68.27737947649914,11621.09375,-75.92205210522542,20870.9716796875,942547
-5.72979,2.334434,-0.1544014,1.8556147442905666,0.0,-82.69316725276836,21298.2177734375,-68.85180819500333,11663.818359375,-76.9581407937678,20849.609375,942567
-5.719277,2.2843034,-0.1160042,1.9624929997313312,0.0,-81.42046164594227,20764.16015625,-69.59158880226404,11621.09375,-76.89742822172191,21362.3046875,942587
-5.7039466,2.2268481,-0.0713111,2.033538941098283,0.0,-83.82242812834859,20999.1455078125,-70.26535326454577,11770.6298828125,-77.83825448193511,20614.6240234375,942607
-5.6779995,2.1737745,-0.028250106,1.9629618555259793,0.0,-87.84736476359926,20828.2470703125,-71.70406127799386,11578.369140625,-79.57908214001978,20956.4208984375,942627
-5.646135,2.1470702,-0.0039527826,1.9626403975986042,0.0,-84.42310452517751,21063.232421875,-71.42730995646481,11599.7314453125,-78.53362187951572,20935.05859375,942647
-5.617014,2.1227903,0.019029163,2.0333424522704577,0.0,-87.65313781017412,21682.7392578125,-72.3793373399709,11492.919921875,-79.73544915933117,21105.95703125,942667
-5.5882125,2.0722253,0.06334576,1.944993817258135,0.0,-83.14899794767811,21105.95703125,-70.93734422942175,11535.64453125,-79.40191795590125,21105.95703125,942687
-5.566373,1.9943018,0.12925808,1.8916038030406752,0.0,-83.88727135092506,20294.189453125,-72.76435162108415,11557.0068359375,-79.8848666935546,20913.6962890625,942707
-5.5442514,1.9221673,0.19165777,1.9447534952675563,0.0,-84.23708243261432,19418.3349609375,-71.29138787208387,11706.54296875,-78.48647041533953,20913.6962890625,942727
-5.523441,1.8621055,0.2450442,2.033460836736036,0.0,-84.28342127735212,20700.0732421875,-71.23416865607554,11920.166015625,-76.04815916074836,20999.1455078125,942747
-5.5074077,1.8165423,0.2863586,1.9273954367089676,0.0,-84.33513775224077,20849.609375,-70.95553996307535,11386.1083984375,-80.2415518107653,20785.5224609375,942767
-5.494238,1.7820961,0.31856418,1.8913055818981972,0.0,-86.92198722852537,20422.36328125,-71.46118099800309,11791.9921875,-77.90612409020471,20849.609375,942787
-5.483159,1.7423186,0.35524818,2.0156775209376026,0.0,-85.73473633484384,20849.609375,-71.57473241421117,11642.4560546875,-77.55503667984456,20806.884765625,942807
-5.469987,1.6930741,0.40111443,2.0161033808082713,0.0,-87.88703045391749,21105.95703125,-71.46607305208559,11749.267578125,-78.86397295075632,21148.681640625,942827
-5.457108,1.6364384,0.45382938,1.998255211727418,0.0,-83.72817977582781,20977.783203125,-71.82628763560827,11706.54296875,-83.58178481197444,20849.609375,942847
-5.441204,1.5834385,0.5053638,1.9447191963703885,0.0,-87.85138972670595,21853.6376953125,-71.27736308023306,11599.7314453125,-77.95097351617225,20956.4208984375,942867
-5.428137,1.5326338,0.5547958,2.0335300084246586,0.0,-82.23670231434821,21063.232421875,-71.70836778048901,11727.9052734375,-78.93450891332682,20785.5224609375,942887
-5.4120994,1.4824429,0.6054712,1.9630297583988356,0.0,-85.97044412963753,21148.681640625,-72.62904490310721,11599.7314453125,-81.04893584824916,20956.4208984375,942907
-5.395905,1.4261949,0.66231495,1.9805138000512836,0.0,-85.71075803021083,20977.783203125,-71.9443384110584,11706.54296875,-78.94407589657683,20849.609375,942927
-5.380336,1.3730989,0.71719843,1.9980457432677752,0.0,-85.28833277120756,20635.986328125,-71.9356892822475,11621.09375,-79.11352166148244,21105.95703125,942947
-5.3634896,1.3210948,0.7727206,2.016011563238584,0.0,-85.62830647725076,20529.1748046875,-72.28381912015715,11706.54296875,-80.99925554128384,21255.4931640625,942967
-5.354398,1.270922,0.82366586,1.9984017277595079,0.0,-84.91026007359197,21191.40625,-72.774220604607,11492.919921875,-80.18574439250702,21212.7685546875,942987
-5.347126,1.2285056,0.86710984,1.9447067452886415,0.0,-89.7572979116719,20208.740234375,-72.13107405766122,11599.7314453125,-78.38425853674566,20571.8994140625,943007
-5.344127,1.1901836,0.9052724,1.980415294099743,0.0,-87.23192989468693,20956.4208984375,-72.06919594581234,11813.3544921875,-83.84480133469738,41592.4072265625,943027
-5.341884,1.152031,0.9436559,1.9452130302512347,0.0,-85.42234562486279,20550.537109375,-71.26855914210078,11428.8330078125,-81.12252711666409,19888.3056640625,943047
-5.342228,1.1175281,0.9775388,1.9092845247593409,0.0,-83.02003120376116,20700.0732421875,-72.09345583114332,11727.9052734375,-80.80389049981748,21084.5947265625,943067
-5.3295174,1.0929104,1.0096575,1.9448183170385827,0.0,-86.59914907033101,22003.173828125,-72.32776510806633,11727.9052734375,-84.004356513549,21041.8701171875,943087
-5.297839,1.065923,1.056165,1.9806719419113659,0.0,-92.67595250340143,20870.9716796875,-72.50848907484433,11557.0068359375,-79.90966628342677,20913.6962890625,943107
-5.2636204,1.027444,1.1167775,1.9095417929856442,0.0,-87.84592275324766,20507.8125,-72.99510838354283,11642.4560546875,-78.94883603665457,20614.6240234375,943127
-5.2500625,0.975096,1.1796445,1.9270505910609197,0.0,-84.32227197413646,19760.1318359375,-73.25478470109896,11450.1953125,-80.24161496724177,20892.333984375,943147
-5.267096,0.9209691,1.2256005,1.9980597056452543,0.0,-89.24204886168883,19866.943359375,-73.9137998527073,11621.09375,-81.42227408433362,20315.5517578125,943167
-5.2902703,0.87470245,1.2596585,1.9629835798182558,0.0,-85.26285872791726,20550.537109375,-73.74017237872516,11685.1806640625,-78.69387658945956,20742.7978515625,943187
-5.2896285,0.84723806,1.2895323,1.9628699008077521,0.0,-83.85584200918431,21383.6669921875,-72.08085944835787,11962.890625,-79.21791958684838,20806.884765625,943207
-5.2705684,0.8266039,1.3249651,1.9980987510469612,0.0,-88.39094316055383,22558.59375,-72.5155956833723,11706.54296875,-79.68026237947142,20785.5224609375,943227
-5.272722,0.78944093,1.3643126,2.015826440783596,0.0,-90.39473199009319,21212.7685546875,-74.0083174925143,11599.7314453125,-80.00834208885226,21170.0439453125,943247
-5.2945995,0.7442458,1.3985689,1.9452632569806583,0.0,-88.93058309718855,21127.3193359375,-74.13398361253967,11514.2822265625,-80.837088954548,20657.3486328125,943267
-5.3170676,0.7037135,1.4272119,1.927083077979771,0.0,-92.08388445961951,22344.970703125,-74.50763148509176,11813.3544921875,-85.67307117416857,114630.126953125,943287
-5.3349442,0.6724585,1.4489498,1.9625940059767732,0.0,-85.35556142586714,20849.609375,-73.39651495745673,11621.09375,-80.88906058279744,20828.2470703125,943307
-5.348839,0.646106,1.4681338,1.9627983625637753,0.0,-90.55756130870321,19931.0302734375,-75.71884764337081,11407.470703125,-80.85204539217939,20828.2470703125,943327
-5.3604918,0.61911774,1.4897525,1.9096376152690606,0.0,-87.75096126334242,20507.8125,-75.68137214345319,11727.9052734375,-80.0499356578611,20785.5224609375,943347
-5.3764596,0.5902644,1.5100775,1.980330073753764,0.0,-83.83190144626879,20101.9287109375,-74.25247875811452,12026.9775390625,-83.6530586332905,20422.36328125,943367
-5.4016457,0.55180967,1.5339905,1.9805901162471158,0.0,-87.73058717907446,21212.7685546875,-72.28125860000125,11621.09375,-83.6451820062892,20678.7109375,943387
-5.436292,0.50685596,1.5577861,1.9452047343714889,0.0,-84.31107852483196,20443.7255859375,-71.61023413641635,11834.716796875,-82.57379669816943,20806.884765625,943407
-5.474144,0.45974123,1.581466,1.9805453293120914,0.0,-84.474757641865,21340.9423828125,-72.09277417391786,11791.9921875,-80.4631943856743,20550.537109375,943427
-5.511947,0.41111952,1.6069746,1.998038290855706,0.0,-86.9494502807013,20230.1025390625,-71.81356431136093,11685.1806640625,-80.01556214631867,21020.5078125,943447
-5.548473,0.36055338,1.6354798,1.998318402337126,0.0,-85.40814950084649,21084.5947265625,-72.65033789468285,11898.8037109375,-81.71676705419594,21084.5947265625,943467
-5.593207,0.30157027,1.6668252,1.9094320864222354,0.0,-89.32411464268993,20935.05859375,-73.29470312504026,11514.2822265625,-79.57562527713564,20870.9716796875,943487
-5.6410747,0.24181533,1.6961536,1.9448101007646947,0.0,-85.63840692731885,20764.16015625,-72.55296514985633,11685.1806640625,-81.42633933586083,20913.6962890625,943507
-5.7044425,0.17237818,1.7231551,2.0157428987544317,0.0,-86.51430108342902,20828.2470703125,-71.83602843685337,11663.818359375,-81.12653924704816,21063.232421875,943527
-5.7729616,0.101125054,1.7475139,1.9806435216503715,0.0,-85.94755770192513,21405.029296875,-73.14035963805549,11535.64453125,-82.2039829267116,20465.087890625,943547
-5.8317237,0.033209868,1.7757056,1.8913539807151971,0.0,-85.66728921520608,21148.681640625,-73.77992563330812,11364.74609375,-81.42583469823151,20828.2470703125,943567
-5.881054,-0.028168961,1.8040646,1.9803456434011708,0.0,-89.67828262079202,21810.9130859375,-72.8883901685398,11706.54296875,-80.25129126529612,21148.681640625,943587
-5.9283457,-0.08566886,1.8292966,2.01588181755979,0.0,-86.81640349868088,21682.7392578125,-73.0560091513639,11642.4560546875,-81.11278213776848,20507.8125,943607
-5.985707,-0.1514126,1.854611,1.962957996897981,0.0,-81.0227588318257,21105.95703125,-73.30855089883634,11578.369140625,-80.63827817573602,20806.884765625,943627
-6.0429006,-0.21734367,1.8798172,1.9802053243328452,0.0,-84.46876841593084,21405.029296875,-73.54158737947797,11450.1953125,-81.1824235303045,20870.9716796875,943647
-6.095192,-0.27412158,1.8981922,2.0157754766943325,0.0,-84.41474084042684,20785.5224609375,-74.00250154250715,11642.4560546875,-81.97893373000367,20742.7978515625,943667
-6.1416173,-0.32045063,1.9091938,1.980704916334324,0.0,-90.01879423568708,20166.015625,-72.72084322040337,11599.7314453125,-80.9373113834121,20977.783203125,943687
-6.1841254,-0.36027834,1.916,1.9450061528060898,0.0,-86.37454364352907,20785.5224609375,-73.58716341255567,11642.4560546875,-82.96645299507009,21041.8701171875,943707
-6.2254386,-0.40045518,1.9241322,1.980311006957653,0.0,-86.12640792828131,20401.0009765625,-73.98434627415463,11706.54296875,-80.59431346609854,20486.4501953125,943727
-6.264436,-0.44125164,1.9348357,1.962828897930887,0.0,-87.20556701299728,21447.75390625,-73.51172920894919,11791.9921875,-82.43698674662637,20999.1455078125,943747
-6.3086176,-0.48253238,1.9409277,1.9807445589533177,0.0,-89.3033436094606,20443.7255859375,-73.92719056706164,11578.369140625,-80.85381043213727,20358.2763671875,943767
-6.3529816,-0.5208552,1.943261,1.9804059794295554,0.0,-84.4350693456075,21084.5947265625,-73.75582676540662,11706.54296875,-82.38380384328045,21939.0869140625,943787
-6.400059,-0.563239,1.9472485,1.99814133260552,0.0,-88.99076260707545,21362.3046875,-72.94786419929358,11685.1806640625,-82.51487915604213,21426.3916015625,943807
-6.4427986,-0.60513777,1.9545171,2.0160714416895527,0.0,-87.58970484008337,21084.5947265625,-74.6579050111286,11621.09375,-81.14308434872245,21319.580078125,943827
-6.484256,-0.63827026,1.9533335,1.9094799183333178,0.0,-88.26871801633258,20123.291015625,-75.49012982594157,11856.0791015625,-84.29890988823217,21105.95703125,943847
-6.5245748,-0.6625117,1.9437994,1.9447988808335235,0.0,-86.24297621516904,21255.4931640625,-73.57293313157767,11407.470703125,-82.43897185537935,20785.5224609375,943867
-6.569894,-0.6902985,1.9335381,1.9627353784577442,0.0,-94.10987464490606,72802.734375,-73.35001672215179,11514.2822265625,-83.87813614563109,21020.5078125,943887
-6.6249547,-0.7268085,1.9236444,1.9451719712848556,0.0,-84.7737176050347,20764.16015625,-73.47676507572432,11749.267578125,-81.40786577203015,20999.1455078125,943907
-6.6944175,-0.77092355,1.9094082,1.9092725525069263,0.0,-88.6003458212108,20721.435546875,-75.11459912488172,11599.7314453125,-82.22615624608929,21319.580078125,943927
-6.7610984,-0.8113027,1.8938943,2.0156837925077546,0.0,-84.58614137545753,21255.4931640625,-72.85838904947552,11663.818359375,-80.27768660954422,21127.3193359375,943947
-6.8306074,-0.84953964,1.874943,1.998310180561817,0.0,-86.50931675451454,22302.24609375,-72.64613049280156,11621.09375,-81.60990143647405,20999.1455078125,943967
-6.911396,-0.8946948,1.8540168,1.9808063969915188,0.0,-83.06389103580459,21127.3193359375,-72.16335663580871,11471.5576171875,-80.83683720286125,20742.7978515625,943987
-7.0126,-0.95142645,1.8274491,1.9447485185102076,0.0,-84.39495512056675,19525.146484375,-71.79657548707384,11300.6591796875,-77.36211679067459,21447.75390625,944007
-7.1343417,-1.0149817,1.7917132,2.0334505554907323,0.0,-83.65377331740058,20977.783203125,-70.60220157839605,11428.8330078125,-80.20186550572141,20977.783203125,944027
-7.272135,-1.0745869,1.7398175,1.980703720527759,0.0,-83.11178529362476,21255.4931640625,-70.2799807695174,11642.4560546875,-79.47781015806734,21084.5947265625,944047
-7.4070473,-1.1244665,1.6830045,1.944939007948684,0.0,-81.84455530145799,20870.9716796875,-70.8386204920829,11770.6298828125,-79.24601728898496,21020.5078125,944067
-7.5403533,-1.173454,1.6280454,1.9978938887819184,0.0,-84.76131380658944,20956.4208984375,-70.25638557012917,11642.4560546875,-76.06208883037593,21298.2177734375,944087
-7.66331,-1.2230706,1.5829072,1.9450367505343151,0.0,-81.36378048818383,21084.5947265625,-68.69883810851148,11770.6298828125,-78.49772571253496,20892.333984375,944107
-7.768622,-1.2729425,1.5522256,1.9807986399719792,0.0,-81.88368857358972,20507.8125,-69.63130719564866,11685.1806640625,-77.29014981583917,21383.6669921875,944127
-7.8445983,-1.3050982,1.5288581,1.8553026603953864,0.0,-81.0013437060685,20742.7978515625,-68.52350163829988,11621.09375,-75.70535273721498,20956.4208984375,944147
-7.8882575,-1.320357,1.5141178,1.9978478852927617,0.0,-83.86114377607359,22302.24609375,-68.77830153175462,11685.1806640625,-78.17329450096672,20208.740234375,944167
-7.9143972,-1.3253272,1.5025096,1.9452473960271701,0.0,-81.63022773441212,20956.4208984375,-69.39808696662115,11706.54296875,-79.00173957732281,20956.4208984375,944187
-7.945462,-1.3306317,1.4887009,1.8735514115181169,0.0,-80.75628550418276,20742.7978515625,-69.82163855554612,11471.5576171875,-77.62120364287566,20379.638671875,944207
-7.980218,-1.3364811,1.4739137,1.997912468457839,0.0,-83.05360603509017,19589.2333984375,-69.32878510041351,11706.54296875,-77.13081449577443,20956.4208984375,944227
-8.017975,-1.3413309,1.457712,1.9628709253523073,0.0,-80.78839657948707,20443.7255859375,-69.07137320105393,11407.470703125,-76.64439845752125,20892.333984375,944247
-8.060266,-1.3445967,1.4394823,1.9630212811147643,0.0,-80.68931184350397,20935.05859375,-68.96084346042136,11642.4560546875,-76.97346111151114,20700.0732421875,944267
-8.121793,-1.3476207,1.4125552,1.873332622275821,0.0,-81.59026595401366,20721.435546875,-69.09243307503257,11663.818359375,-77.35771129382124,20806.884765625,944287
-8.209328,-1.3500112,1.3748062,1.9980596791041727,0.0,-80.8978377885797,20678.7109375,-70.43347167693052,11621.09375,-76.6401592503953,21255.4931640625,944307
-8.306239,-1.349211,1.3338413,1.926923207233192,0.0,-81.98985588595815,21020.5078125,-69.54079070402562,11727.9052734375,-75.85424139474202,20678.7109375,944327
-8.393112,-1.3458015,1.2980539,1.9984902679802783,0.0,-80.61910435123795,20935.05859375,-68.76256127456867,11685.1806640625,-77.85511060169657,20849.609375,944347
-8.469765,-1.3332126,1.2631886,1.90951238347894,0.0,-80.25979030457523,20422.36328125,-69.46338135606398,11685.1806640625,-77.26103478489328,20977.783203125,944367
-8.5564785,-1.3190064,1.2257202,2.0508186386346186,0.0,-81.75416964919853,20849.609375,-69.22286034220927,11535.64453125,-77.86332469866264,20785.5224609375,944387
-8.646879,-1.3093269,1.1930239,1.9982451322009362,0.0,-80.93427957883897,21084.5947265625,-70.32718348164528,11642.4560546875,-78.38489596167565,20935.05859375,944407
-8.727717,-1.2980825,1.1661992,1.9452696175238375,0.0,-80.56374089003754,20999.1455078125,-70.4471857816071,11599.7314453125,-78.30763105213495,20892.333984375,944427
-8.769325,-1.2872119,1.1517407,1.9982152478855593,0.0,-81.06855665450314,21041.8701171875,-71.35946260077772,11514.2822265625,-77.40001062751136,20507.8125,944447
-8.796027,-1.2714105,1.1378877,2.01564455785857,0.0,-83.02549704211646,21063.232421875,-71.231508429573,11663.818359375,-80.40335238450227,20913.6962890625,944467
-8.847236,-1.2440449,1.1130315,1.8914941284596265,0.0,-84.29011893653643,21405.029296875,-72.02876548429747,11471.5576171875,-80.4058677871075,21640.0146484375,944487
-8.912443,-1.2114011,1.0843322,1.9273600666552406,0.0,-82.95690261766819,21127.3193359375,-72.3706585335148,11791.9921875,-81.14838052849733,21533.203125,944507
-8.95325,-1.1932362,1.0694736,1.9803044266446928,0.0,-82.14625406040435,21148.681640625,-72.94346930385449,11834.716796875,-81.5736466101798,21020.5078125,944527
-8.9741335,-1.1822442,1.0612855,1.9627187476851753,0.0,-84.32479987239795,21105.95703125,-75.65976287410243,11428.8330078125,-84.54437968792831,21105.95703125,944547
-9.014608,-1.1559497,1.0425758,1.891638545891112,0.0,-87.99641631344795,20294.189453125,-75.05659301763197,11727.9052734375,-82.34354931740728,20550.537109375,944567
-9.076357,-1.1132878,1.0138798,1.980513692177004,0.0,-85.01643476219486,146139.5263671875,-75.52386436549646,11791.9921875,-82.94727347426148,21041.8701171875,944587
-9.138064,-1.0768826,0.98999035,1.9625591913335183,0.0,-86.27023292859607,20593.26171875,-76.45016084003389,11279.296875,-84.83737904607457,20742.7978515625,944607
-9.187388,-1.0479165,0.97258264,1.927178226030493,0.0,-86.51568394447776,20892.333984375,-76.58492683809365,11364.74609375,-82.35397644860797,20614.6240234375,944627
-9.229721,-1.0228806,0.95877016,1.9450793752060134,0.0,-88.68257822807351,21917.724609375,-76.65440002295497,11471.5576171875,-83.0689362045984,20443.7255859375,944647
-9.284211,-0.9849433,0.9379805,1.980431750755898,0.0,-85.63718617846071,21255.4931640625,-76.21793980454572,11749.267578125,-82.43466697056093,20465.087890625,944667
-9.346337,-0.932293,0.90987194,1.9803776672457896,0.0,-89.04979452408503,21768.1884765625,-75.05662695904181,11663.818359375,-84.29494872833291,21127.3193359375,944687
-9.403701,-0.8843062,0.8857826,1.9093728103000767,0.0,-90.70073321035915,20635.986328125,-75.6199230169712,11193.84765625,-84.25659817959163,20913.6962890625,944707
-9.435453,-0.85948306,0.87447083,1.9629667991579882,0.0,-86.53612626570704,21511.8408203125,-74.87234611208648,12091.064453125,-85.90769712484148,20571.8994140625,944727
-9.452112,-0.84568006,0.8686741,2.0157605065111754,0.0,-88.7087536402552,21383.6669921875,-74.48127693470713,11492.919921875,-83.34531878809346,21020.5078125,944747
-9.473688,-0.81183296,0.8522494,1.9627253084466885,0.0,-84.8452832936477,20529.1748046875,-73.3293133953401,11727.9052734375,-83.38239744519927,20465.087890625,944767
-9.514014,-0.75528944,0.82502836,1.8915866672086055,0.0,-85.5018113017731,20828.2470703125,-72.90958901500258,11642.4560546875,-80.4045176051852,20550.537109375,944787
-9.5538025,-0.70490384,0.80233645,2.0158347731390496,0.0,-83.31654462910409,20529.1748046875,-72.90952934812563,11535.64453125,-79.56470855847728,20379.638671875,944807
-9.577087,-0.67784554,0.7911414,2.015677300153097,0.0,-86.9778912236635,20742.7978515625,-72.95599934486243,11834.716796875,-81.08940170573091,20358.2763671875,944827
-9.588997,-0.66571826,0.78662705,1.9805761044978127,0.0,-82.2534251712885,21041.8701171875,-72.32948080087381,11642.4560546875,-81.01448189966418,20742.7978515625,944847
-9.594373,-0.66317725,0.7862626,1.9095740840191118,0.0,-85.7673212630217,20956.4208984375,-72.27410417313172,11642.4560546875,-79.32752240228908,21127.3193359375,944867
-9.596658,-0.66207093,0.78615063,1.9980754336415614,0.0,-82.38801244038179,19418.3349609375,-72.67676919438479,11706.54296875,-81.52099331734294,20956.4208984375,944887
-9.598257,-0.6596259,0.785234,1.9447980330136012,0.0,-85.18323423575085,21191.40625,-72.45014833561059,11685.1806640625,-82.1470129138601,20935.05859375,944907
-9.599855,-0.65717524,0.7843307,1.891681079030281,0.0,-82.88707894156367,20828.2470703125,-71.67642020477291,11685.1806640625,-80.96166516403345,20828.2470703125,944927
-9.6023,-0.6526254,0.78258383,1.945190658386586,0.0,-84.86897587969861,20721.435546875,-70.83720544937813,11621.09375,-80.08216898222834,20764.16015625,944947
-9.604227,-0.6433347,0.77829534,2.0156913100057037,0.0,-82.57113126913644,20571.8994140625,-71.50525763714745,11749.267578125,-80.05986455620429,20849.609375,944967
-9.60564,-0.6293,0.77147657,1.9627015183054162,0.0,-83.49891480618801,20977.783203125,-72.60135312187208,11685.1806640625,-80.00574176688508,21020.5078125,944987
-9.607699,-0.6165654,0.76553553,1.891637588215318,0.0,-83.04673644499832,20806.884765625,-70.88964887011409,11599.7314453125,-78.65959287974711,21020.5078125,945007
-9.613613,-0.60015166,0.75876147,1.9982403154615134,0.0,-83.08094687015011,19909.66796875,-69.9329774967505,11642.4560546875,-77.01062217819755,20742.7978515625,945027
-9.619667,-0.58029807,0.7503298,2.0332558111787638,0.0,-81.09403566779768,21298.2177734375,-68.60950042653799,11621.09375,-79.49911195222501,20614.6240234375,945047
-9.624859,-0.5625088,0.74281573,1.9092723365680935,0.0,-79.6659736382769,21063.232421875,-69.16561020116885,11621.09375,-78.16402971827247,21319.580078125,945067
-9.625541,-0.5471335,0.7351873,1.90962896414669,0.0,-81.21497012810737,21896.3623046875,-69.77510443254407,11642.4560546875,-76.39653168584917,21020.5078125,945087
-9.624055,-0.53126246,0.72663623,1.9981845164022902,0.0,-80.66254167679296,20785.5224609375,-67.93228145886003,11685.1806640625,-76.44851566164563,21063.232421875,945107
-9.623424,-0.5132971,0.7172236,2.015706997000108,0.0,-80.6809357117478,20828.2470703125,-68.40105995797222,11749.267578125,-76.10556143726788,20828.2470703125,945127
-9.621493,-0.49277055,0.7059668,1.85581658235946,0.0,-78.19937641403241,20635.986328125,-67.78212149083457,11621.09375,-77.77798287319523,21597.2900390625,945147
-9.623446,-0.4685276,0.69397426,1.980918178721388,0.0,-81.41973459271117,21191.40625,-67.79645209144374,11834.716796875,-76.52616516903363,20892.333984375,945167
-9.6287565,-0.45078754,0.68642706,1.962401875092,0.0,-79.57581813782758,20700.0732421875,-68.03526674394199,11727.9052734375,-77.01152699302688,20913.6962890625,945187
-9.630524,-0.44487724,0.68392503,1.9625490403577874,0.0,-79.82012462795778,20742.7978515625,-68.73253181720096,11706.54296875,-76.58123484180732,20806.884765625,945207
-9.630604,-0.44318554,0.6830626,1.9452183932815283,0.0,-80.81319601904409,20635.986328125,-67.61398619830993,11621.09375,-77.96857229084105,20999.1455078125,945227
-9.628081,-0.43631357,0.6785858,2.015920221208181,0.0,-79.45429082194397,20870.9716796875,-68.25300220139817,11663.818359375,-75.28878064305826,20956.4208984375,945247
-9.62449,-0.42345342,0.670556,2.0507954858446564,0.0,-80.17123485825857,20828.2470703125,-68.24859366297585,11685.1806640625,-75.81854499669915,20678.7109375,945267
-9.622865,-0.4144865,0.66522354,1.998101822864939,0.0,-78.99208093412308,20785.5224609375,-68.16742520604889,11685.1806640625,-76.50616538069157,20849.609375,945287
-9.624465,-0.41199836,0.66443306,1.909626065539811,0.0,-80.03160320909029,20977.783203125,-68.06070222455315,11642.4560546875,-75.58002648282519,20806.884765625,945307
-9.626706,-0.41080603,0.6645571,2.3620874893439487,0.0,-78.88705831298614,20977.783203125,-70.40078102321915,11663.818359375,-75.48843136313907,20742.7978515625,945327
-9.627965,-0.39217904,0.6549496,1.9801407936978035,0.0,-82.23014487140861,21041.8701171875,-70.33023341083432,11685.1806640625,-77.22671306395372,20999.1455078125,945347
-9.629476,-0.37015268,0.64361924,1.8736749576423992,0.0,-79.94642713611907,20785.5224609375,-70.2154566620497,11578.369140625,-78.0819969772828,20977.783203125,945367
-9.627763,-0.35311455,0.6338597,1.980791027666276,0.0,-82.42443759389735,20828.2470703125,-68.88412655148565,11663.818359375,-76.80088903061305,21063.232421875,945387
-9.624802,-0.33348554,0.6222647,2.033085682136443,0.0,-79.79849531136847,21063.232421875,-70.01705837558548,11663.818359375,-76.53937252790021,20828.2470703125,945407
-9.619334,-0.30865902,0.6070222,1.9980298260197085,0.0,-81.49974748722548,21063.232421875,-69.40755601208527,11685.1806640625,-77.02133224719701,20614.6240234375,945427
-9.614661,-0.2932099,0.5970755,1.873890408280778,0.0,-81.45214919458923,20764.16015625,-69.33051667645294,11663.818359375,-77.24356998225824,20935.05859375,945447
-9.616159,-0.28265572,0.59189117,1.9983205603967222,0.0,-80.91715411303852,20806.884765625,-68.42117584476364,11685.1806640625,-74.81851612118993,20999.1455078125,945467
-9.616918,-0.262732,0.58138305,2.0155249634495567,0.0,-79.41219725329205,20700.0732421875,-68.33073689863228,11492.919921875,-78.40235940606424,20977.783203125,945487
-9.615186,-0.23761477,0.5672123,2.0160473897101183,0.0,-79.19003119129415,20977.783203125,-68.06042824228344,11663.818359375,-77.7108924048126,20828.2470703125,945507
-9.612217,-0.20989132,0.55122304,1.9453082280138412,0.0,-80.56765685660984,20785.5224609375,-68.21136365511504,11642.4560546875,-76.07626220523828,20764.16015625,945527
-9.609891,-0.18344852,0.536179,1.9624677004753577,0.0,-79.37216759116674,21618.65234375,-68.18002321999363,11663.818359375,-75.13497869510557,20892.333984375,945547
-9.6083355,-0.16639447,0.52642083,1.9446697587308837,0.0,-79.20508138186946,20635.986328125,-68.32113496595089,11727.9052734375,-75.4508598717031,20806.884765625,945567
-9.605986,-0.15951493,0.52186286,1.9452906001700643,0.0,-79.02344388801902,21148.681640625,-67.95886968705858,11599.7314453125,-76.04716373833482,20764.16015625,945587
-9.604443,-0.16032922,0.5217466,1.94466322389374,0.0,-81.2507445906691,20935.05859375,-69.35355478366739,11749.267578125,-77.10195145993868,20422.36328125,945627
-9.606456,-0.15277642,0.51836944,1.945450576174716,0.0,-80.99362464169246,21041.8701171875,-68.3692956230197,11770.6298828125,-76.07348381171882,20999.1455078125,945667
-9.604982,-0.14380316,0.5130037,1.9979889386055962,0.0,-79.93683201823917,21020.5078125,-68.65546661370753,11621.09375,-74.51165364019106,21127.3193359375,945687
-9.598894,-0.12912993,0.5029383,1.962465205353994,0.0,-80.81520373025148,20123.291015625,-67.80663172725389,11706.54296875,-75.79506638123928,20785.5224609375,945707
-9.590306,-0.109276965,0.48918355,1.855793748846235,0.0,-79.71926058039456,20956.4208984375,-67.94430731254438,11727.9052734375,-75.78428161795944,20849.609375,945727
-9.580452,-0.08687036,0.47354326,1.9807947376705708,0.0,-79.56176565738781,20806.884765625,-68.6941431111282,11578.369140625,-75.1060907745365,21255.4931640625,945747
-9.570571,-0.06448884,0.45788378,2.0509307082778343,0.0,-79.81945727666259,20785.5224609375,-67.87774650361628,11685.1806640625,-74.9084647502208,21041.8701171875,945767
-9.561932,-0.044704176,0.4440631,1.9090197506759483,0.0,-80.96362708912133,20806.884765625,-66.72414691483613,11535.64453125,-75.54988046925405,20401.0009765625,945787
-9.559194,-0.033184897,0.43678463,1.9454209433892826,0.0,-82.66058949940147,20080.56640625,-68.53098523271116,11599.7314453125,-76.06399174054138,20870.9716796875,945807
-9.558071,-0.028930971,0.43402892,2.068674927615447,0.0,-80.30482466273673,20764.16015625,-67.82174343466714,11706.54296875,-75.81960975643399,20999.1455078125,945827
-9.5581875,-0.027252486,0.43314514,1.9446082481969493,0.0,-80.49331427020662,20977.783203125,-67.81326713911935,11621.09375,-76.86528789248342,21319.580078125,945847
-9.560422,-0.026053755,0.43332222,1.9984275812407097,0.0,-79.80386375713931,20764.16015625,-67.64387501315026,11685.1806640625,-75.96797380701832,20849.609375,945867
-9.561888,-0.025268417,0.43344104,2.050866032459128,0.0,-80.97954381138581,20635.986328125,-67.73202668295691,11727.9052734375,-75.30215778660511,20892.333984375,945907
-9.563357,-0.024489189,0.4335547,1.891749024790056,0.0,-80.38032312459698,20913.6962890625,-67.43598836656528,11685.1806640625,-75.8130629604307,21063.232421875,945947
-9.564223,-0.022425132,0.43272525,1.944671958082906,0.0,-78.38210588423281,20849.609375,-68.09966825590458,11663.818359375,-75.51788698276081,20806.884765625,945987
-9.563144,-0.01817341,0.42994902,1.8555296637501355,0.0,-80.23989251165291,20764.16015625,-68.89869578874706,11621.09375,-75.28571606987288,20913.6962890625,946007
-9.56297,-0.011838822,0.42634642,1.9275364041547332,0.0,-81.74733443987178,21127.3193359375,-68.1866508040457,11642.4560546875,-74.90935511901661,20870.9716796875,946027
-9.563409,-0.0067963027,0.4236827,1.9979955251134456,0.0,-79.31110655872035,20849.609375,-68.61140719499662,11685.1806640625,-76.92180260870812,20828.2470703125,946047
-9.563546,-0.0051230863,0.42279193,1.9446970389206157,0.0,-78.66142265086411,20657.3486328125,-68.63291959195581,11685.1806640625,-76.38610638741153,21020.5078125,946067
-9.566523,-0.0035535586,0.42305627,1.9628949178624164,0.0,-81.7838002002421,21340.9423828125,-68.6908523305097,11621.09375,-77.2624463260638,21405.029296875,946107
-9.569496,-0.0019838596,0.42334664,1.9624575033745075,0.0,-81.14435226468629,21020.5078125,-68.87619637608,11685.1806640625,-75.09511803474177,20870.9716796875,946147
-9.571152,4.857937E-4,0.42261517,1.855838021669094,0.0,-80.90464482663536,20828.2470703125,-68.78689434671968,11898.8037109375,-76.00724128400235,20913.6962890625,946167
-9.57127,0.0021437649,0.42172983,1.998033954770744,0.0,-80.46603653125405,21191.40625,-68.8301102648241,11706.54296875,-75.60664262807906,20935.05859375,946227
-9.572739,0.0029173642,0.42188582,2.0161947072067923,0.0,-77.80325932695229,20721.435546875,-68.81847821786718,11685.1806640625,-76.15457032894855,20977.783203125,946267
-9.574207,0.0036900863,0.42204684,1.9804118874618584,0.0,-78.48319206859726,21105.95703125,-68.49387153680753,11706.54296875,-76.02672715837161,20742.7978515625,946307
-9.576449,0.004861885,0.4222893,1.9453159866842178,0.0,-80.13418527064118,20977.783203125,-68.72040887860629,11706.54296875,-76.32336347323452,20935.05859375,946327
-9.578693,0.006030743,0.42253232,2.0160377172119768,0.0,-78.75447752030121,20849.609375,-68.70283346828623,11685.1806640625,-75.80460156090302,20700.0732421875,946347
-9.580166,0.006795431,0.42269176,1.8912726774509467,0.0,-80.88569141182052,20892.333984375,-68.33784567158541,11663.818359375,-75.49606398227256,20913.6962890625,946387
-9.58164,0.0075580706,0.42285144,2.0160898537182965,0.0,-80.31895055221344,21063.232421875,-68.96201150177984,11727.9052734375,-74.65222895744193,20849.609375,946427
-9.582546,0.009616596,0.42205352,1.909039371001216,0.0,-81.8919557146427,20507.8125,-68.81479375242083,11749.267578125,-75.4124826236241,20892.333984375,946467
-9.584024,0.010373057,0.42220294,1.9450883089733932,0.0,-80.18682483961743,20935.05859375,-68.78428617396352,11706.54296875,-75.02349975300733,20486.4501953125,946507
-9.585503,0.01112784,0.42235175,1.8736559175053789,0.0,-79.47208668931881,20849.609375,-69.06495626184577,11599.7314453125,-75.48387393955794,20999.1455078125,946547
-9.586983,0.011880804,0.42249858,1.998094308792643,0.0,-79.9246948145115,21020.5078125,-68.99480085977768,11621.09375,-75.38381566302256,20935.05859375,946587
-9.588463,0.01263258,0.42264575,1.855823622958905,0.0,-78.98450425490654,20678.7109375,-68.84043609351615,11706.54296875,-76.26979563297448,20977.783203125,946627
-9.589944,0.013382942,0.42279541,2.06836379804431,0.0,-78.82348797380503,20721.435546875,-68.76594788626234,11685.1806640625,-76.21866408304913,21084.5947265625,946667
-9.591949,0.012809415,0.42389476,1.9800265028350148,0.0,-79.22138755212576,20935.05859375,-68.79006292970887,11727.9052734375,-77.08520662344998,21148.681640625,946747
-9.593398,0.013534366,0.4240374,1.891391427031681,0.0,-80.2282943328646,21148.681640625,-68.54614938583798,11578.369140625,-75.27670494037436,20806.884765625,946827
-9.594886,0.014274663,0.42417848,1.9627845434168916,0.0,-80.21688099913905,21063.232421875,-68.8488001504985,11663.818359375,-77.28113384523557,20721.435546875,946867
-9.596372,0.01501611,0.42432362,1.7833994690096542,0.0,-81.81055749329495,21041.8701171875,-68.7506027610135,11685.1806640625,-75.46871722688907,20935.05859375,946907
-9.597857,0.015757486,0.42447063,1.9979409832318922,0.0,-79.20700500385175,20977.783203125,-68.85749474295919,11706.54296875,-75.98844029036252,20806.884765625,946947
-9.5980425,0.017435176,0.423597,1.9269609078755616,0.0,-80.39721903573184,20806.884765625,-68.6952037918949,11642.4560546875,-76.68041908533196,21212.7685546875,946967
-9.599528,0.018176837,0.4237462,2.033698350323214,0.0,-79.38643021914058,21170.0439453125,-69.66973260483837,11706.54296875,-76.36619696233082,20785.5224609375,947007
-9.601014,0.018919216,0.42389587,1.9449775720564646,0.0,-80.320523123209,21084.5947265625,-68.48488805751937,11621.09375,-76.09422776425707,21063.232421875,947047
-9.6025,0.019661063,0.42404404,2.0858897380927113,0.0,-81.33410856859956,21469.1162109375,-68.98564653796471,11685.1806640625,-77.71008882995464,20870.9716796875,947087
-9.605505,0.02116569,0.4243514,1.8738706556750662,0.0,-80.60472995158278,20166.015625,-68.67115469867925,11877.44140625,-75.2440748149654,20678.7109375,947127
-9.606988,0.02191027,0.42450723,2.015559398126445,0.0,-79.55188313103294,20870.9716796875,-68.71652949650152,11685.1806640625,-74.55001993639672,20764.16015625,947167
-9.609028,0.02134764,0.4256106,1.9454297085399863,0.0,-79.57181101772346,20935.05859375,-68.53858305221183,11663.818359375,-75.2182089804408,20870.9716796875,947207
-9.61051,0.022094626,0.4257701,1.9979204824151078,0.0,-79.87062029632392,20870.9716796875,-68.6754677589336,11727.9052734375,-78.15540810717155,21298.2177734375,947247
-9.611991,0.022843134,0.4259325,1.998424257461493,0.0,-79.44377521329369,20806.884765625,-68.66850230337609,11578.369140625,-75.81335811815954,20849.609375,947287
-9.613471,0.023592552,0.42609686,1.8735369307502612,0.0,-79.42915911958684,20977.783203125,-68.42474002758789,11642.4560546875,-75.13052878676481,20956.4208984375,947327
-9.614951,0.024340969,0.4262614,1.9804707236325394,0.0,-79.57481569025057,20935.05859375,-68.94483173967379,11685.1806640625,-75.13181230910996,20935.05859375,947367
-9.616433,0.025087524,0.42642528,1.8556985787491485,0.0,-78.43682099243006,20892.333984375,-68.38627216879165,11621.09375,-75.73335626123671,20870.9716796875,947407
-9.61662,0.026769128,0.42555973,1.998411283465639,0.0,-78.69101895044548,21041.8701171875,-68.91759561897699,11663.818359375,-76.8237095756689,20828.2470703125,947427
-9.618102,0.027513986,0.4257216,1.8910852966871112,0.0,-78.7059198579642,21170.0439453125,-68.47879633183013,11706.54296875,-76.07386553332597,20849.609375,947467
-9.616769,0.028433027,0.4246919,1.9453713066799319,0.0,-79.52050720191238,21533.203125,-68.27822674265374,11663.818359375,-75.31544780078828,21191.40625,947487
-9.618251,0.029179625,0.42485315,1.9978478880717587,0.0,-79.31245596472542,20764.16015625,-68.61292174040263,11770.6298828125,-76.85336506388435,21447.75390625,947527
-9.621248,0.030697163,0.42517492,2.016230110977678,0.0,-80.57147074692239,20742.7978515625,-68.55016332700299,11621.09375,-75.02951256836943,21255.4931640625,947567
-9.622727,0.03144953,0.42533475,1.9980954378928015,0.0,-81.46109785815003,21041.8701171875,-68.63007558730922,11749.267578125,-76.60403460920661,20892.333984375,947607
-9.624982,0.03259809,0.42557758,1.945473506183234,0.0,-79.02600881019387,20892.333984375,-69.17163935473073,11813.3544921875,-76.1598685620156,20614.6240234375,947627
-9.62646,0.033351965,0.42573875,2.0155083290088043,0.0,-79.60621154751732,20892.333984375,-68.750932446442,11749.267578125,-74.95776011287505,20870.9716796875,947667
-9.627936,0.034107164,0.42590445,1.962975191752347,0.0,-79.86507107800921,20550.537109375,-68.94563857432776,11663.818359375,-76.4612759384982,21063.232421875,947707
-9.629413,0.034862272,0.42607164,1.9802483347881719,0.0,-79.86316158121207,20806.884765625,-68.98108958407022,11685.1806640625,-75.83402254720721,20828.2470703125,947747
-9.630891,0.035616428,0.42623684,2.068618194706641,0.0,-80.9156924391385,20935.05859375,-68.84317873372207,11685.1806640625,-75.87838685644326,20999.1455078125,947787
-9.633143,0.036765933,0.42648882,1.9267920958007556,0.0,-79.828720905773,20678.7109375,-68.6743704042807,11685.1806640625,-76.19625279838806,20956.4208984375,947807
-9.634622,0.037519217,0.4266567,1.9452176838863056,0.0,-80.9380592897013,20635.986328125,-68.35482976468651,11642.4560546875,-75.6462102698654,21148.681640625,947847
-9.636098,0.038273867,0.42683062,1.9270217287208342,0.0,-79.6115372347189,20913.6962890625,-69.39216331430151,11663.818359375,-75.99856338405004,20657.3486328125,947887
-9.637576,0.03902608,0.42700192,2.0687923121105674,0.0,-80.10321100826816,21063.232421875,-68.95034171572807,11578.369140625,-76.1621714992261,20635.986328125,947927
-9.639054,0.03977713,0.42717418,1.9983073724040312,0.0,-80.52993952466676,20999.1455078125,-68.52951219625155,11727.9052734375,-74.64107638400331,21148.681640625,947967
-9.640533,0.040525995,0.4273459,2.0858909694865972,0.0,-80.48419797857801,20913.6962890625,-68.56121450891922,11685.1806640625,-75.87463334544607,21127.3193359375,948007
-9.642014,0.041273683,0.42751646,1.8919048018732163,0.0,-79.17989631486105,20614.6240234375,-68.08715276833777,11791.9921875,-75.03032190632386,20913.6962890625,948047
-9.643494,0.042021688,0.4276889,1.9623864317032056,0.0,-79.31820413272271,20507.8125,-68.76969962953558,11621.09375,-76.18699672991772,21298.2177734375,948087
-9.644974,0.042769905,0.4278617,1.9453685756006642,0.0,-80.55753926015814,20806.884765625,-67.88567013938811,11856.0791015625,-75.42287390279053,20913.6962890625,948127
-9.646264,0.04183539,0.4288975,1.9979602891500612,0.0,-79.08913772535014,20828.2470703125,-67.9817801378624,11621.09375,-74.33241816959513,21255.4931640625,948147
-9.647744,0.042583954,0.4290702,1.8738928798556833,0.0,-80.77701382619546,20721.435546875,-68.83748704894506,11557.0068359375,-74.8873003234147,20828.2470703125,948187
-9.649224,0.04333244,0.4292415,1.9623633704025092,0.0,-78.09258885290119,20956.4208984375,-68.46853971851253,11749.267578125,-75.14577879517168,20999.1455078125,948227
-9.650704,0.044080526,0.42941296,1.9807689529677663,0.0,-79.02948984094846,20465.087890625,-68.47473620871989,11599.7314453125,-75.5240543708965,21041.8701171875,948267
-9.652734,0.043520354,0.4305354,1.9268956562796875,0.0,-78.52277051611644,21362.3046875,-68.63251040109884,11706.54296875,-75.26417910472074,20806.884765625,948307
-9.654212,0.044270884,0.4307137,1.9450577882734459,0.0,-79.23999754406547,20935.05859375,-68.56138853849068,11663.818359375,-74.73327955579931,20870.9716796875,948347
-9.65569,0.045020822,0.43089172,1.9271012005330912,0.0,-78.51639254641198,21426.3916015625,-68.41585332014064,11706.54296875,-75.6519634181158,20870.9716796875,948387
