1.1913579,-0.17596725,-2.699549,1.9629487785374036,0.0,-85.98306081184401,20828.2470703125,-72.01602832044281,11663.818359375,-80.01885229534965,20849.609375,974347
1.1918828,-0.17462115,-2.7004597,2.0332337199322854,0.0,-84.07434338744324,20700.0732421875,-72.09040604411544,11471.5576171875,-76.14890713159367,20529.1748046875,974367
1.190312,-0.1739548,-2.7003834,1.980735855539476,0.0,-85.64231715924193,20678.7109375,-72.02876517609242,11642.4560546875,-80.94350382548947,20935.05859375,975267
1.1887375,-0.17329517,-2.7003279,1.9630581926485247,0.0,-84.81678938180482,21020.5078125,-71.93522652994301,11727.9052734375,-80.67952899065531,20700.0732421875,976027
1.1876976,-0.17128421,-2.70117,1.998279568021457,0.0,-85.43429616841215,20187.3779296875,-72.65892068787291,11364.74609375,-82.11583703053073,20956.4208984375,976087
1.18823,-0.1699386,-2.7020772,2.0332878211079923,0.0,-84.7520647694701,20208.740234375,-72.20234866755587,11621.09375,-79.91004381816323,21511.8408203125,976127
1.186659,-0.16927195,-2.7020085,1.9453262375757852,0.0,-85.68260459178777,20913.6962890625,-72.38281087526786,11663.818359375,-80.9607453933419,20529.1748046875,976247
1.1876956,-0.17128012,-2.7011557,2.015885179299157,0.0,-85.82630535119637,20614.6240234375,-72.69472597099205,11642.4560546875,-82.43371775491929,21362.3046875,976347
1.1887289,-0.17328273,-2.700286,1.9626293823636671,0.0,-87.5428575702179,20742.7978515625,-73.01809761175717,11300.6591796875,-82.52615565054604,20892.333984375,976527
1.1897612,-0.17528415,-2.699412,2.033616222174855,0.0,-83.34686986165354,20571.8994140625,-73.03450789592021,11322.021484375,-83.7476368263352,20977.783203125,976567
1.1902473,-0.1786283,-2.6976326,1.9802961323543458,0.0,-85.85580362245136,20657.3486328125,-73.69285550552894,11770.6298828125,-82.27652647411833,21276.85546875,976587
1.191277,-0.18062939,-2.6967552,1.9271257249196092,0.0,-84.04590159980188,20935.05859375,-73.72212602835907,11386.1083984375,-81.98319452373437,21191.40625,976607
1.1933346,-0.18462831,-2.6949906,2.016131548740812,0.0,-86.17219696607548,20358.2763671875,-73.31212530191307,11642.4560546875,-82.39288863535073,20742.7978515625,976627
1.1959406,-0.1872797,-2.694116,1.980447536695167,0.0,-86.36739546521027,125161.7431640625,-72.9251840884485,11706.54296875,-84.25139219347511,20977.783203125,976647
1.1975193,-0.18793167,-2.6941223,2.0156780218241592,0.0,-88.9943620517245,21020.5078125,-73.74572005686082,11663.818359375,-83.13580237968124,20999.1455078125,976667
1.2002068,-0.18589418,-2.6959147,1.9272957414047824,0.0,-85.71902148046416,72332.763671875,-74.11240211145716,11514.2822265625,-81.34238503650394,20935.05859375,976707
1.2017881,-0.18653947,-2.695901,2.015811740218673,0.0,-85.02495841335927,20785.5224609375,-74.91878180862628,11386.1083984375,-80.62398497090017,20657.3486328125,976727
1.2033703,-0.18718234,-2.695881,1.998094756362486,0.0,-85.30629921096867,20571.8994140625,-73.96529846708432,11706.54296875,-82.68728968395754,21041.8701171875,976747
1.2059819,-0.18978553,-2.694886,2.0334443418598065,0.0,-88.58337221764845,20806.884765625,-75.13445347024131,11535.64453125,-82.59506233483546,20571.8994140625,976807
1.210745,-0.19166607,-2.6947086,1.9803977766476972,0.0,-88.4905722520343,24224.853515625,-74.06033836066625,11642.4560546875,-77.56116705242171,21020.5078125,976827
1.2170994,-0.19416068,-2.6944368,1.945218281487935,0.0,-88.74764027457746,19503.7841796875,-76.49293042623667,11193.84765625,-85.07755869848694,20935.05859375,976847
1.2208458,-0.19405745,-2.695172,1.9804642174989338,0.0,-88.96603996495315,21469.1162109375,-74.92448216584154,11813.3544921875,-84.45222015639173,20507.8125,976867
1.2240281,-0.19528623,-2.6949918,1.9804379721573675,0.0,-85.83587906848562,20828.2470703125,-76.21929910302353,11706.54296875,-84.29232444345091,20892.333984375,976887
1.2261913,-0.19455151,-2.6957762,1.9627462609079227,0.0,-87.67156753472341,20870.9716796875,-76.77736504876901,11087.0361328125,-83.07842204442538,20678.7109375,976907
1.2315485,-0.19501087,-2.696287,1.9627545496743124,0.0,-91.59076659725687,21020.5078125,-75.1096417833312,11984.2529296875,-85.52999177284369,20657.3486328125,976947
1.2379259,-0.19739799,-2.6957319,1.9980995077316233,0.0,-88.23368594419405,20870.9716796875,-76.05953295161831,11898.8037109375,-86.4148811534797,22558.59375,976967
1.244305,-0.19976604,-2.6951191,1.9628140913301646,0.0,-89.34533350706386,20059.2041015625,-76.465068504228,11685.1806640625,-83.15479483174173,21105.95703125,976987
1.2474964,-0.20093589,-2.6947792,1.927296050102626,0.0,-89.40066696264628,20828.2470703125,-77.12594211447514,11535.64453125,-82.53605218849643,20956.4208984375,977007
1.2490929,-0.20151372,-2.694594,1.9981559822499984,0.0,-84.58739330191582,22067.2607421875,-77.17340654743899,11920.166015625,-87.18934842555356,20465.087890625,977027
1.2554784,-0.20379487,-2.693758,1.9982908479336814,0.0,-91.34889563406388,21298.2177734375,-77.08463547805395,11834.716796875,-86.65360857090567,20913.6962890625,977067
1.2698362,-0.20892258,-2.6917934,1.9272893332029168,0.0,-90.97738386506941,21853.6376953125,-76.46575356758468,11685.1806640625,-85.03700690509359,20401.0009765625,977087
1.2963164,-0.22001906,-2.6871378,1.9804681642273134,0.0,-88.26309770755871,20977.783203125,-76.15288393758533,11492.919921875,-87.13307217721054,21084.5947265625,977107
1.3288916,-0.2380363,-2.6786017,1.9804542257106685,0.0,-88.03461473103334,21276.85546875,-80.05394685146128,11663.818359375,-82.86335629300913,21041.8701171875,977127
1.3671409,-0.25970367,-2.667994,1.9805537523883732,0.0,-88.38370862069056,21105.95703125,-74.39170157335238,11877.44140625,-83.73820683615784,20999.1455078125,977147
1.4202086,-0.28523165,-2.6556458,1.96290892385456,0.0,-90.59065995697034,22622.6806640625,-76.85540930312496,11791.9921875,-85.69606021923845,21020.5078125,977167
1.4836534,-0.3160317,-2.6399903,1.9981227146374554,0.0,-90.6966100490393,20422.36328125,-75.75558659150037,12176.513671875,-82.29836428509896,20806.884765625,977187
1.5555444,-0.34827563,-2.6231694,1.944864937097902,0.0,-87.30593535842841,21191.40625,-76.70558964630186,11706.54296875,-86.14382129682667,21511.8408203125,977207
1.6333275,-0.379497,-2.6064405,1.7471367116778411,0.0,-87.91578363836443,105786.1328125,-75.55456803124407,11685.1806640625,-83.40451439954732,20294.189453125,977227
1.7078401,-0.40920892,-2.589174,1.9626724683684347,0.0,-91.67514187532751,62271.1181640625,-75.5871593774783,11685.1806640625,-83.94615808978233,21469.1162109375,977247
1.7788002,-0.43427455,-2.5735588,1.9625819115700178,0.0,-85.1124556486624,20465.087890625,-75.44076439783409,11407.470703125,-80.54490105975651,21148.681640625,977267
1.8449273,-0.45738655,-2.5580955,1.9628129599343627,0.0,-84.78243849298396,21041.8701171875,-73.28496647864766,11663.818359375,-81.80733316572838,20870.9716796875,977287
1.9129455,-0.47614348,-2.544166,1.909532937349296,0.0,-85.35034513483367,20294.189453125,-72.46996762543634,11343.3837890625,-80.48779656205915,20999.1455078125,977307
1.9698702,-0.4909797,-2.53236,1.9981680563666488,0.0,-81.32148317078405,20849.609375,-72.19978892951359,11685.1806640625,-76.68116732927959,20230.1025390625,977327
2.025108,-0.5049097,-2.5199769,2.033655832508065,0.0,-83.47056405901098,20999.1455078125,-71.45176532223995,11685.1806640625,-80.4038739082375,20486.4501953125,977347
2.0838132,-0.5148196,-2.508393,1.9807457910545332,0.0,-82.05892778275259,20956.4208984375,-70.74704438576973,11685.1806640625,-80.20675454885054,21041.8701171875,977367
2.1346066,-0.52190334,-2.4983723,1.9269578471361435,0.0,-80.9868659405886,20785.5224609375,-70.45728344404543,11706.54296875,-78.91597904754197,20849.609375,977387
2.191962,-0.5259388,-2.4880147,1.9980845534011196,0.0,-83.56172292232881,20700.0732421875,-71.94553437750892,11706.54296875,-77.0853840683135,21020.5078125,977407
2.2661355,-0.53514755,-2.470763,1.927377568896662,0.0,-81.39506622037125,21148.681640625,-69.8206843361632,11663.818359375,-79.94623838062543,21405.029296875,977427
2.3644347,-0.54573476,-2.4477005,1.9807759131130187,0.0,-83.0841129067433,20999.1455078125,-70.50602298289871,11642.4560546875,-80.97508994665887,20529.1748046875,977447
2.4706972,-0.5570454,-2.4206672,1.909081797917664,0.0,-79.98423966148795,20956.4208984375,-71.11216220821204,11706.54296875,-78.62524867648568,20806.884765625,977467
2.587671,-0.5663092,-2.389627,1.9626722752538455,0.0,-82.11642194563657,21896.3623046875,-70.3408887807767,11663.818359375,-77.77187628467594,21084.5947265625,977487
2.705443,-0.5751789,-2.3551471,1.9808134002586395,0.0,-81.0826447195438,20700.0732421875,-71.44544126954591,11834.716796875,-78.68255017799794,20294.189453125,977507
2.8097577,-0.5840417,-2.3206465,1.8735569727210617,0.0,-80.89361548677077,21960.44921875,-71.72786309576749,12069.7021484375,-80.83282421138392,21063.232421875,977527
2.8903356,-0.58664125,-2.2939098,1.9802101540518544,0.0,-86.70353918439753,21511.8408203125,-73.22086642850648,11599.7314453125,-79.56869563325316,20742.7978515625,977547
2.9549818,-0.5793293,-2.2767339,2.0158467947210537,0.0,-85.00090931686199,21041.8701171875,-73.05714760598764,11599.7314453125,-83.00258872558351,22174.072265625,977567
3.00524,-0.57222724,-2.2624571,1.9630141489570299,0.0,-87.55974383366778,21340.9423828125,-73.48128233030207,11685.1806640625,-82.56781426290935,21768.1884765625,977587
3.0523624,-0.577684,-2.237965,1.9451208093388224,0.0,-92.21281661768191,20507.8125,-73.73504613999884,11642.4560546875,-81.96362147786915,21020.5078125,977607
3.11188,-0.58269244,-2.206744,1.962569839532605,0.0,-88.07334021346689,20080.56640625,-73.2366920094608,11557.0068359375,-78.3518036366941,20571.8994140625,977627
3.2015045,-0.5840773,-2.1627352,1.9449514695036398,0.0,-85.47272348943353,21554.5654296875,-72.63112527840491,11749.267578125,-82.69353597943584,20999.1455078125,977647
3.3087368,-0.60896695,-2.087699,1.9807315377502188,0.0,-85.77586431037048,20507.8125,-73.66528700117152,11727.9052734375,-83.16316959960325,21105.95703125,977667
3.4257946,-0.6484788,-1.9924052,1.87350957360279,0.0,-87.94595661022596,20294.189453125,-73.21967176814421,11685.1806640625,-82.62196926727626,20870.9716796875,977687
3.551169,-0.6802275,-1.8943576,1.9803114132498107,0.0,-90.15968509652907,21084.5947265625,-74.46214437345111,11578.369140625,-82.67415606059348,21981.8115234375,977707
3.7015557,-0.67834824,-1.8043786,1.9628544249812356,0.0,-86.40023057383245,21383.6669921875,-73.945577882779,11749.267578125,-83.65627945483085,20700.0732421875,977727
3.845687,-0.661315,-1.7241831,1.945184038974712,0.0,-86.2156771201205,21063.232421875,-74.01585341458598,11706.54296875,-83.87210000172358,20999.1455078125,977747
3.9861212,-0.64443326,-1.6418626,1.9627443755510463,0.0,-88.49164861198516,21319.580078125,-73.9370099456046,11791.9921875,-85.75288476874084,21768.1884765625,977767
4.123513,-0.63707787,-1.54508,1.9801629906388571,0.0,-87.5931134841229,20059.2041015625,-74.74531076826143,11599.7314453125,-85.1073691629589,20849.609375,977787
4.2635164,-0.62886965,-1.4405982,1.9982510796306276,0.0,-87.71239219841118,20935.05859375,-74.21906786749733,11749.267578125,-83.18944556439492,20678.7109375,977807
4.398141,-0.616237,-1.3371165,1.9451748640945734,0.0,-86.6115262871454,20999.1455078125,-74.42581555250857,11535.64453125,-84.78717382730233,19396.97265625,977827
4.5022316,-0.60884035,-1.2478219,1.9804299768052935,0.0,-91.50995669776363,21255.4931640625,-75.09044246306927,11492.919921875,-81.53727449932029,21063.232421875,977847
4.5748496,-0.6018483,-1.1831746,1.9448670132445547,0.0,-88.87362585085741,21298.2177734375,-74.46016589521899,11663.818359375,-80.47951092088707,20401.0009765625,977867
4.6362305,-0.5928346,-1.1288754,1.9805688749905206,0.0,-88.73879270253417,20678.7109375,-73.7465408489758,11599.7314453125,-81.58753712565988,20721.435546875,977887
4.710492,-0.57484317,-1.068763,1.927338152634013,0.0,-86.4902025417686,20999.1455078125,-74.77372058298523,11663.818359375,-84.31102695345956,21255.4931640625,977907
4.7856154,-0.56495714,-0.99437207,1.980443421546332,0.0,-90.69910336927632,20913.6962890625,-73.34193785408813,11599.7314453125,-82.37683278150439,21276.85546875,977927
4.8707523,-0.55778474,-0.9039485,1.9625716068123737,0.0,-88.24906438745663,140670.7763671875,-70.74602915401674,11770.6298828125,-80.35640896816197,20849.609375,977947
4.988061,-0.5339951,-0.7935499,1.9807343781672349,0.0,-87.14341827184813,20080.56640625,-72.34488440699151,11685.1806640625,-79.26053176239117,20635.986328125,977967
5.1255136,-0.49975693,-0.66917217,1.909421463260491,0.0,-88.40140212813228,20999.1455078125,-72.08529478636903,11642.4560546875,-81.31571047428368,20700.0732421875,977987
5.2505107,-0.46989024,-0.55031645,1.9448685125928473,0.0,-86.48409922439723,20700.0732421875,-72.41034612839218,11621.09375,-80.13267738308724,20913.6962890625,978007
5.342644,-0.4541765,-0.4487574,2.0160859888409552,0.0,-88.62451257978336,21212.7685546875,-73.33067014404112,11642.4560546875,-79.49425178879507,21127.3193359375,978027
5.4225583,-0.4309105,-0.36933377,1.9626371986440674,0.0,-86.4995481418199,21127.3193359375,-74.1320642336641,11727.9052734375,-81.13897626670368,20956.4208984375,978047
5.4856944,-0.4073256,-0.31149027,1.9091133826035211,0.0,-87.3278143524106,20486.4501953125,-73.03998961076563,11791.9921875,-79.10332301462269,21298.2177734375,978067
5.5382433,-0.38275722,-0.26911485,1.9629149915128152,0.0,-87.59900216865512,21362.3046875,-72.99731194331594,11642.4560546875,-80.87070423476428,20742.7978515625,978087
5.5784273,-0.3626889,-0.23723301,2.015965845477587,0.0,-84.14326680346028,22152.7099609375,-71.97285002170803,11514.2822265625,-83.97632754276806,21020.5078125,978107
5.6020365,-0.34990585,-0.21940729,1.9449087900777928,0.0,-87.39014451148469,21234.130859375,-73.56421721930343,11492.919921875,-85.88498305960724,19354.248046875,978127
5.614707,-0.3421093,-0.21101707,1.9627457055047761,0.0,-89.97987566520392,21255.4931640625,-73.2476595691888,11578.369140625,-81.51473811708185,21020.5078125,978147
5.6258664,-0.33919007,-0.19579865,1.945137100417759,0.0,-87.84990324248557,21191.40625,-74.07741849776671,11727.9052734375,-77.80234585267378,20486.4501953125,978167
5.643936,-0.33345854,-0.17276804,1.9805790840796014,0.0,-88.44596600427269,23754.8828125,-73.9246323561887,11877.44140625,-81.02553169421162,20550.537109375,978187
5.6693554,-0.31978503,-0.15014617,1.9804039423034459,0.0,-92.6299905624689,70388.7939453125,-73.99118830723575,11749.267578125,-82.70954469032719,21469.1162109375,978207
5.688804,-0.30624324,-0.13789114,1.909373914087675,0.0,-84.39771890839003,20294.189453125,-73.85683951074148,11599.7314453125,-81.86478922475033,20742.7978515625,978227
5.6992216,-0.29929575,-0.13020457,1.998342206564704,0.0,-85.76879859462004,20379.638671875,-74.35806295303539,11386.1083984375,-82.3589598065455,20977.783203125,978247
5.700014,-0.29921547,-0.1286938,1.9981184910830216,0.0,-87.99140934421152,21981.8115234375,-76.30600535117676,11663.818359375,-80.37159033740133,21383.6669921875,978267
5.700958,-0.29790804,-0.12925759,1.9092725832806852,0.0,-94.43748228053192,21041.8701171875,-75.17505121832313,11108.3984375,-81.43210985049646,20593.26171875,978307
5.7018995,-0.29659826,-0.12981884,1.9629416000243018,0.0,-91.46836122266672,21575.927734375,-74.22434070957058,11599.7314453125,-87.0096333866623,90084.8388671875,978327
5.702838,-0.29528487,-0.13037731,1.998123374763314,0.0,-95.28558505953313,105679.3212890625,-74.53875059082446,11642.4560546875,-79.83855030603868,20892.333984375,978347
5.705633,-0.29132813,-0.13204649,1.9270181109423101,0.0,-95.93236990635013,107623.291015625,-74.37637868260033,11834.716796875,-82.46452624751329,20828.2470703125,978367
5.707648,-0.28746045,-0.13523331,1.9450509983171647,0.0,-86.13903238660367,20465.087890625,-74.37145110974396,11685.1806640625,-82.11043618413515,20251.46484375,978387
5.7096486,-0.28358105,-0.13841456,2.0160211587032046,0.0,-84.75231010129397,20806.884765625,-74.13898306026938,11727.9052734375,-81.7394536540755,20999.1455078125,978407
5.7133327,-0.27826822,-0.14062358,1.9804450824421806,0.0,-86.17280509655181,139987.1826171875,-74.44921172468206,11770.6298828125,-79.72711895313839,20443.7255859375,978427
5.719334,-0.27266273,-0.13827962,1.9626149646293636,0.0,-86.42288670416448,20166.015625,-74.269278771679,11770.6298828125,-81.1015170095505,20785.5224609375,978447
5.726537,-0.26325977,-0.14063843,1.9806019420828074,0.0,-86.41067044522389,20764.16015625,-74.67196799372451,11407.470703125,-81.57154120977077,20529.1748046875,978467
5.7322826,-0.2527675,-0.14807342,1.945098078350814,0.0,-88.11729935438997,21234.130859375,-74.95628920818638,11492.919921875,-81.50809283133306,21191.40625,978487
5.7391067,-0.23703825,-0.16218162,1.9449150881351598,0.0,-87.62600850568367,21191.40625,-73.90139034002131,11749.267578125,-82.4695615138719,20870.9716796875,978507
5.7534766,-0.2141529,-0.17294155,1.9449215081057498,0.0,-87.10712589596628,126144.4091796875,-74.71424910631077,11685.1806640625,-81.40777408382947,21063.232421875,978527
5.777472,-0.17763686,-0.1876893,1.9806440462433974,0.0,-87.50683377171968,20721.435546875,-73.56296349006661,11834.716796875,-82.82157523706458,20870.9716796875,978547
5.805766,-0.13564038,-0.20325081,1.9982271434100123,0.0,-88.35476274463988,21127.3193359375,-73.73054718386165,11621.09375,-80.4620963574418,20892.333984375,978567
5.831444,-0.09644158,-0.21929857,1.9270398032864255,0.0,-87.92805119295772,20678.7109375,-73.94900383128221,11685.1806640625,-79.7671847096488,20999.1455078125,978587
5.8607783,-0.050616767,-0.23966625,1.9270958739368513,0.0,-91.27443499367592,21810.9130859375,-73.09873118361014,11727.9052734375,-82.33392392593231,21212.7685546875,978607
5.898291,0.0057990365,-0.26324844,1.9629526940100848,0.0,-84.31061744460081,21255.4931640625,-73.0888259430883,11685.1806640625,-79.97972473416169,20700.0732421875,978627
5.941149,0.06624614,-0.28429767,1.9982312979936534,0.0,-88.96070894161701,21490.478515625,-74.63241220712125,11941.5283203125,-79.47920439449157,20700.0732421875,978647
5.9867797,0.13323069,-0.31126112,1.9269866992629079,0.0,-87.66473990701715,21362.3046875,-73.5477371226838,11663.818359375,-80.29971822757489,20678.7109375,978667
6.026384,0.1958544,-0.3425707,1.980440973427951,0.0,-89.566374661527,20443.7255859375,-73.7889990182993,11749.267578125,-82.14245458189066,20614.6240234375,978687
6.0782275,0.27349114,-0.37571386,2.016060816619686,0.0,-85.45817730009529,20678.7109375,-73.94542956387114,11663.818359375,-80.78411163927356,20571.8994140625,978707
6.148657,0.37544063,-0.41473228,2.0158867874537627,0.0,-87.88669052452077,20529.1748046875,-73.07314110088332,11685.1806640625,-80.8583401147745,20806.884765625,978727
6.211443,0.4715143,-0.459033,1.9625282520126204,0.0,-83.9690151879259,20935.05859375,-73.51324613130274,11492.919921875,-80.22336873611954,20892.333984375,978747
6.258823,0.549471,-0.5034838,1.9627089472472805,0.0,-88.06676838321684,23626.708984375,-71.84588681125393,11471.5576171875,-81.35119127955987,19696.044921875,978767
6.3070664,0.61960566,-0.5342784,2.0160327858957845,0.0,-89.40901120916499,21170.0439453125,-73.6455718210373,11642.4560546875,-84.30407884393833,20785.5224609375,978787
6.368336,0.6988013,-0.5591624,1.9628144118034885,0.0,-90.44023337415771,140136.71875,-73.36050849417776,11770.6298828125,-78.91320410163152,20593.26171875,978807
6.4366817,0.782666,-0.58232456,1.909091396060549,0.0,-87.1081265285273,20230.1025390625,-73.0693100700162,11770.6298828125,-80.61116076150918,21084.5947265625,978827
6.4989743,0.85827583,-0.6036034,1.962860008153286,0.0,-82.3418317057205,20678.7109375,-72.38158984585856,11514.2822265625,-80.42152123176514,21362.3046875,978847
6.549622,0.91911024,-0.62152517,2.015977833118858,0.0,-89.73455967659213,21276.85546875,-72.39396542367737,11557.0068359375,-80.78470832930266,21789.55078125,978867
6.591282,0.9705202,-0.63984966,1.9804097754847696,0.0,-88.35464282597464,20764.16015625,-72.35387281567742,11642.4560546875,-80.34190754846034,20999.1455078125,978887
6.63528,1.0253721,-0.6616608,1.909250534266558,0.0,-90.00746159723019,21020.5078125,-72.93876655278682,11642.4560546875,-82.63136485973013,20977.783203125,978907
6.6750436,1.0785108,-0.6889396,1.945094109229215,0.0,-90.62005352872687,20507.8125,-71.89628111031055,11663.818359375,-77.67269204208768,20806.884765625,978927
6.717009,1.1364855,-0.721758,1.9806741363026963,0.0,-86.97911961020559,20935.05859375,-72.02135377395902,11514.2822265625,-81.60759375296819,20721.435546875,978947
6.762114,1.2005116,-0.7608343,1.9627300970271602,0.0,-87.17657581566215,20913.6962890625,-74.92633267935113,11621.09375,-78.38565576152946,20913.6962890625,978967
6.8156676,1.2708026,-0.7974768,1.9803445828107473,0.0,-86.85522806544155,22216.796875,-71.69604380985925,11642.4560546875,-81.64802333686966,20742.7978515625,978987
6.8594575,1.3270884,-0.8261443,1.9451787308898372,0.0,-83.7846281122006,19824.21875,-71.72252897235661,11599.7314453125,-79.61960738974355,21041.8701171875,979007
6.900142,1.3732554,-0.8428786,1.9982245245453871,0.0,-84.095522988819,20742.7978515625,-72.65423856728246,11621.09375,-76.8598597952885,20935.05859375,979027
6.935269,1.4153771,-0.8622667,1.9802592169436117,0.0,-88.31341746136093,20892.333984375,-72.43896979141512,11663.818359375,-79.7445408479416,20550.537109375,979047
6.972683,1.45826,-0.8812711,1.8913533660152484,0.0,-86.08168677741155,21170.0439453125,-72.54787230649515,11642.4560546875,-80.80276794784028,20849.609375,979067
7.022442,1.5049765,-0.8881419,1.9807824979981241,0.0,-90.22105974774,19183.349609375,-71.81738413454218,11685.1806640625,-78.76335777156999,20742.7978515625,979087
7.090818,1.5537518,-0.87268716,1.9628371406079035,0.0,-85.39023481710922,20657.3486328125,-72.82927455282939,11599.7314453125,-77.78318791549152,21170.0439453125,979107
7.15296,1.596947,-0.8592685,1.926949562728641,0.0,-93.84242779664056,129541.015625,-72.65562111725659,11685.1806640625,-81.55342748900631,20999.1455078125,979127
7.212924,1.6505095,-0.8692286,1.96284801964958,0.0,-86.99441294858349,21704.1015625,-73.10993632529309,11236.572265625,-79.34058666483428,21105.95703125,979147
7.281567,1.7190759,-0.8955388,1.9806737038432924,0.0,-87.12449347439878,91473.388671875,-72.65564296490301,11877.44140625,-79.53002748082076,20892.333984375,979167
7.3483047,1.7863226,-0.922714,2.033638036726628,0.0,-88.36103068832634,21212.7685546875,-73.25178923288281,11813.3544921875,-79.20743492986306,20849.609375,979187
7.403409,1.8460853,-0.95443183,1.9625275276946528,0.0,-84.63833464213678,20443.7255859375,-72.81707670207034,11685.1806640625,-83.94588674692551,19973.7548828125,979207
7.4600153,1.9125711,-0.9976207,1.962828638869363,0.0,-88.42330494938109,20721.435546875,-72.35403157732853,11706.54296875,-82.41827649479018,21191.40625,979227
7.51891,1.9785521,-1.0383166,2.01608563610264,0.0,-88.60775657692534,20892.333984375,-72.40924966992962,11663.818359375,-77.51701805438731,20336.9140625,979247
7.566507,2.027944,-1.0650606,1.9982192573344462,0.0,-86.59653121776296,20806.884765625,-72.40014365205663,11685.1806640625,-79.91070808054462,20700.0732421875,979267
7.6090508,2.0676513,-1.0821497,1.9802790212111967,0.0,-85.95745434790277,20913.6962890625,-73.56587863611202,11428.8330078125,-79.84399530860003,21105.95703125,979287
7.6570582,2.1114683,-1.1010036,1.9805331645115545,0.0,-85.83058261438013,20614.6240234375,-71.99523935688912,11599.7314453125,-80.05827814581326,20678.7109375,979307
7.704091,2.1552713,-1.1212866,2.0160901453696582,0.0,-87.04874767787052,20828.2470703125,-71.96719201143036,11535.64453125,-81.10231462981696,21191.40625,979327
7.74821,2.196581,-1.1416261,1.9981627941223241,0.0,-92.5220334685261,127041.6259765625,-71.99266099465606,11749.267578125,-80.2655460190613,20657.3486328125,979347
7.804025,2.2439551,-1.1596849,1.9447597138139736,0.0,-85.9556311150921,22045.8984375,-71.50747219947962,11706.54296875,-79.42054750272034,20764.16015625,979367
7.8696456,2.297252,-1.1784141,1.998360313383907,0.0,-86.94192321151036,146780.3955078125,-71.41307196333572,11727.9052734375,-78.71262139611152,21298.2177734375,979387
7.933691,2.3523965,-1.204518,2.0337193035011087,0.0,-86.9912687954983,21063.232421875,-71.1883728115098,11557.0068359375,-79.12514053586989,20892.333984375,979407
7.989248,2.3985932,-1.2247577,1.9804588319419747,0.0,-90.41411258862709,20999.1455078125,-71.09031837528391,11685.1806640625,-78.9127818721184,20614.6240234375,979427
8.031206,2.4349182,-1.2438705,1.9624919750760703,0.0,-87.56002923304845,21383.6669921875,-71.50806209838377,11578.369140625,-78.06124286917753,20571.8994140625,979447
8.063874,2.4669719,-1.2669119,1.962835570332616,0.0,-89.89199084691501,20144.6533203125,-70.57972622720165,11791.9921875,-77.4803608031545,20977.783203125,979467
8.091462,2.4967484,-1.2927127,2.0511769040944765,0.0,-89.43141140472773,21191.40625,-71.6715889810626,11642.4560546875,-80.05905511913528,20742.7978515625,979487
8.120022,2.5240414,-1.3129982,1.9448443946613017,0.0,-86.41882708292383,20358.2763671875,-71.19406907915807,11663.818359375,-81.516845280428,20272.8271484375,979507
8.142978,2.543775,-1.3251815,1.8913641226388496,0.0,-85.66632907605454,20336.9140625,-70.72152992094782,11663.818359375,-78.54554153884112,20742.7978515625,979527
8.155011,2.554135,-1.3317006,1.998346235857629,0.0,-86.19022049179767,20379.638671875,-70.7294126938697,11642.4560546875,-79.64945290393875,21020.5078125,979547
8.156109,2.55518,-1.3324887,2.015917282869378,0.0,-84.62292528549604,20849.609375,-71.0179686613598,11642.4560546875,-78.29651401276826,21063.232421875,979567
8.153999,2.5553658,-1.335169,1.9804776707925256,0.0,-86.14155942808046,19802.8564453125,-70.93984997149386,11599.7314453125,-78.38168252076011,21105.95703125,979607
8.15189,2.5555425,-1.3378496,1.9984268695045317,0.0,-87.53798938116056,147250.3662109375,-70.0881690150571,11813.3544921875,-79.45929690317348,20977.783203125,979627
8.146599,2.5559871,-1.3445386,1.980532159669369,0.0,-83.53137933477221,20700.0732421875,-69.86516450372604,11770.6298828125,-78.40994890893539,20571.8994140625,979647
8.134898,2.5558116,-1.3570971,1.9091448488625729,0.0,-87.89070232925873,21682.7392578125,-70.87278693666485,11663.818359375,-78.60662550967007,20935.05859375,979667
8.115704,2.5538952,-1.3747196,1.9270611272119342,0.0,-87.57369641034225,20913.6962890625,-71.91287874588969,11663.818359375,-78.64912759021541,21041.8701171875,979687
8.09752,2.5518942,-1.390949,1.9984518745426871,0.0,-88.72622672680092,20550.537109375,-70.45881873296332,11706.54296875,-77.65286153384974,20849.609375,979707
8.079262,2.5499253,-1.4070989,1.9450492583897503,0.0,-89.1761536175137,21127.3193359375,-70.78742273134067,11642.4560546875,-79.37780035360447,20593.26171875,979727
8.060902,2.5491219,-1.425273,1.98032432015418,0.0,-83.23680209218406,20785.5224609375,-71.04625237759416,11770.6298828125,-78.06677681088476,20742.7978515625,979747
8.032878,2.5454454,-1.4489496,1.9628815711839454,0.0,-85.21988265832901,20828.2470703125,-71.40984117514408,11578.369140625,-79.1916183575463,20828.2470703125,979767
7.9983277,2.5410295,-1.4783412,1.9808164257213035,0.0,-86.98914125829576,19845.5810546875,-72.05205716942093,11962.890625,-78.27414947772907,20956.4208984375,979787
7.9625325,2.5367978,-1.5088782,1.9447833771539504,0.0,-87.44299522512105,21682.7392578125,-70.9137256820971,11749.267578125,-80.38959733344298,21768.1884765625,979807
7.926343,2.5350347,-1.5433358,1.980327925270184,0.0,-86.78680118374277,21298.2177734375,-70.86554068933356,11621.09375,-78.44942109830859,21041.8701171875,979827
7.88762,2.534713,-1.5822456,1.9631502437230555,0.0,-86.35076830198807,20465.087890625,-70.69383139207793,11599.7314453125,-77.07750876864685,20870.9716796875,979847
7.8481765,2.5384812,-1.6270078,2.0337827400723407,0.0,-87.40980227766235,19589.2333984375,-70.9288832691414,11492.919921875,-79.39715200757483,20913.6962890625,979867
7.8173976,2.5417633,-1.6611924,1.9454162556189245,0.0,-85.07825345733201,21212.7685546875,-70.90813277981174,11663.818359375,-78.37237005467685,21020.5078125,979887
7.7910423,2.544648,-1.6901804,1.8735772288382853,0.0,-86.3901431116844,20700.0732421875,-71.43892594565534,11621.09375,-78.86577183941242,20635.986328125,979907
7.755517,2.5562334,-1.7400757,1.998081600008788,0.0,-85.3138101906755,20614.6240234375,-72.0438261164484,11685.1806640625,-78.66330660142376,21041.8701171875,979927
7.7124395,2.5715413,-1.8012682,1.962807049828839,0.0,-86.19432602022606,21041.8701171875,-71.15706585941895,11599.7314453125,-78.15952178327669,20806.884765625,979947
7.6635647,2.586198,-1.8665427,1.9630483534841017,0.0,-83.35450056235673,20913.6962890625,-70.76673995622389,11642.4560546875,-79.9924102364476,20849.609375,979967
7.609305,2.6042135,-1.9405316,1.9629044123193458,0.0,-85.72994026189403,21939.0869140625,-70.87603869417472,11621.09375,-79.02923777831765,20379.638671875,979987
7.545827,2.6264887,-2.0265896,1.9978853875406102,0.0,-86.80860098608605,20315.5517578125,-70.7742481738806,11642.4560546875,-79.1078378219751,20465.087890625,980007
7.4860225,2.6512442,-2.1111991,1.944976246056419,0.0,-91.22188640074896,20913.6962890625,-71.74120503748895,11749.267578125,-78.14864928108679,20635.986328125,980027
7.4272947,2.6734397,-2.1900985,1.9096090087869855,0.0,-85.51190584462354,20999.1455078125,-71.47512494269291,11599.7314453125,-78.2930810321601,20806.884765625,980047
7.370088,2.6961126,-2.2656956,1.9271517063380421,0.0,-86.63759406469421,20507.8125,-71.01134023117125,11813.3544921875,-79.82441058302213,20935.05859375,980067
7.3174434,2.7162216,-2.3316777,1.9625508130315152,0.0,-85.15502175102796,20358.2763671875,-71.38776404399574,11663.818359375,-79.3374334619818,20977.783203125,980087
7.278409,2.7309747,-2.377986,1.980782464122237,0.0,-86.78926291925177,19845.5810546875,-70.30465980562425,11877.44140625,-78.5135525263052,20956.4208984375,980107
7.2481074,2.7430365,-2.4139915,1.8916169647432861,0.0,-90.2766046235201,20721.435546875,-70.1659473211163,11663.818359375,-77.45408211903698,20935.05859375,980127
7.221824,2.7575276,-2.448837,1.9803998296658287,0.0,-83.71364758975378,21191.40625,-70.58640549209576,11642.4560546875,-78.14286567570167,20486.4501953125,980147
7.1971474,2.7746484,-2.4849799,2.0333413519315546,0.0,-85.91384127265877,22344.970703125,-70.63414491035635,11642.4560546875,-77.75095926656745,20678.7109375,980167
7.168341,2.7927732,-2.5241132,1.963043075844836,0.0,-83.13173259005282,20785.5224609375,-70.84661457686637,11514.2822265625,-77.26688955902686,20806.884765625,980187
7.1289883,2.813073,-2.5717504,1.945153535970526,0.0,-84.89250382463796,21063.232421875,-70.019603004712,11621.09375,-77.80067733331552,20828.2470703125,980207
7.090036,2.8351288,-2.6195176,1.962412093030894,0.0,-83.68942148922117,22302.24609375,-71.61190332098614,11749.267578125,-79.28181433192974,20593.26171875,980227
7.0618916,2.8566954,-2.6588771,2.050967691465066,0.0,-82.95477743758059,20080.56640625,-69.70573447438264,11706.54296875,-80.51784418154098,21725.4638671875,980247
7.0430417,2.8750432,-2.6886475,1.9807470567186773,0.0,-86.55635616126004,20828.2470703125,-69.83129675446789,11578.369140625,-77.19636346737799,20806.884765625,980267
7.0141406,2.8930783,-2.7226012,1.9629736312859556,0.0,-80.97924441919231,20828.2470703125,-70.12098643926936,11599.7314453125,-77.34866770150406,20849.609375,980287
6.97823,2.9088554,-2.7566595,1.997982621008577,0.0,-83.9782832585548,21041.8701171875,-69.25611717706686,11984.2529296875,-77.04435309964154,21276.85546875,980307
6.9406815,2.9292328,-2.795883,2.068454061598298,0.0,-85.52854524326375,20443.7255859375,-69.89368754783916,11621.09375,-78.9978112419834,21084.5947265625,980327
6.8896265,2.947568,-2.8379722,1.9272163516373906,0.0,-84.69966164876857,21020.5078125,-69.33529366172708,11578.369140625,-76.778701344668,20892.333984375,980347
6.828631,2.968286,-2.8863585,1.9808922279202779,0.0,-81.63284815679302,21148.681640625,-70.02573649710558,11471.5576171875,-77.47447659839258,21063.232421875,980367
6.758922,2.9912992,-2.9397664,1.9628123153357202,0.0,-82.5117962252625,21105.95703125,-70.92443318271484,11706.54296875,-78.20963035195204,20785.5224609375,980387
6.6936264,3.01516,-2.990098,2.068406374648209,0.0,-83.81238285206575,20956.4208984375,-69.14646210853282,11770.6298828125,-77.19730013683272,20913.6962890625,980407
6.6298223,3.03361,-3.032104,1.909293050874176,0.0,-84.57615302429333,20999.1455078125,-69.16116938868842,11685.1806640625,-75.45138252734057,20956.4208984375,980427
6.5678,3.0533743,-3.0731134,1.9807472717851435,0.0,-84.16603227960562,20465.087890625,-70.38589652973906,11514.2822265625,-78.77030959159504,20465.087890625,980447
6.492936,3.072714,-3.116847,1.9983150959565514,0.0,-83.88072918130553,20785.5224609375,-69.02879021323655,11557.0068359375,-77.67349073077239,21148.681640625,980467
6.416155,3.0899923,-3.1583276,1.997958421925172,0.0,-82.4159100968143,20571.8994140625,-68.6297058465802,11685.1806640625,-76.51569366333419,21319.580078125,980487
6.362779,3.1027424,-3.1862726,1.8736522980336763,0.0,-83.26874330874267,20764.16015625,-68.42336013410971,11642.4560546875,-77.88710347937209,21533.203125,980507
6.340518,3.1109693,-3.199929,1.9095912346022827,0.0,-83.96076678656215,21084.5947265625,-68.04948876519548,11663.818359375,-76.83065130840036,21105.95703125,980527
6.3254137,3.1170914,-3.2094312,1.9626849358888512,0.0,-81.37660660589307,20806.884765625,-68.80930073244797,11621.09375,-78.25191428962755,20892.333984375,980547
6.300749,3.1246407,-3.2227628,1.944541081397304,0.0,-83.61193300150254,20465.087890625,-68.59204775564467,11642.4560546875,-77.49588235811612,20935.05859375,980567
6.2716265,3.1337996,-3.23809,1.8556607004818924,0.0,-82.16928164801888,21276.85546875,-68.81834475317167,11663.818359375,-77.55019902598784,21298.2177734375,980587
6.2511463,3.1403944,-3.2485235,1.8916637106285725,0.0,-80.1940523238631,20208.740234375,-68.79590464597327,11642.4560546875,-77.4424929996902,20892.333984375,980607
6.2446065,3.144029,-3.2529812,1.9803243425550958,0.0,-83.12580108008521,20465.087890625,-69.2891818638242,11706.54296875,-77.83788705438182,21084.5947265625,980627
6.24247,3.1462355,-3.255251,1.9448348906761348,0.0,-84.32501231349099,20785.5224609375,-68.34317669648834,11663.818359375,-76.94037863871507,20742.7978515625,980647
6.2337294,3.1521325,-3.261842,1.9273129740506079,0.0,-81.77388256123876,21298.2177734375,-68.32339922742213,11770.6298828125,-76.61551273273604,20956.4208984375,980667
6.211697,3.1654797,-3.2768817,1.8737767779165428,0.0,-82.83069506000427,21020.5078125,-68.33538965650573,11706.54296875,-75.75852454799707,20892.333984375,980687
6.178222,3.1812298,-3.295266,1.9090378286613698,0.0,-83.03912848274967,20187.3779296875,-69.34221193155457,11685.1806640625,-77.17290613623088,20700.0732421875,980707
6.143662,3.1930764,-3.3097045,1.8912390856728514,0.0,-81.66212201725767,20486.4501953125,-69.15966262281671,11663.818359375,-78.15836955429782,20806.884765625,980727
6.099874,3.2050426,-3.3251398,1.8198642365087245,0.0,-82.6400597191265,20870.9716796875,-70.17271745230573,11663.818359375,-76.45670101712747,20593.26171875,980747
6.0370655,3.2218432,-3.346743,1.9450919569515677,0.0,-81.48730654460923,20614.6240234375,-69.1663896485293,11706.54296875,-77.20430665840018,20785.5224609375,980767
5.956674,3.2491772,-3.3781228,1.908923906481659,0.0,-81.50311484767093,20700.0732421875,-68.15847333774775,11663.818359375,-79.32632778304419,20870.9716796875,980787
5.8806,3.2814662,-3.4113667,1.891297216506704,0.0,-79.85989360002517,20635.986328125,-68.55983445108538,11621.09375,-77.79310389359404,19995.1171875,980807
5.813442,3.304479,-3.436026,1.9097579044127482,0.0,-80.77593677219272,21063.232421875,-69.23052176619107,11727.9052734375,-77.5687810525758,20849.609375,980827
5.7484884,3.319406,-3.4533114,1.9805564012056505,0.0,-82.09422354669738,20700.0732421875,-69.84868437524621,11621.09375,-75.05128607925647,20828.2470703125,980847
5.6773806,3.333486,-3.4701164,1.9447213520013382,0.0,-81.84884124508402,20870.9716796875,-69.35423221480802,11642.4560546875,-77.72211283370751,20742.7978515625,980867
5.603043,3.349183,-3.486788,1.9449272881576314,0.0,-80.44877725747938,21447.75390625,-69.47306092424083,11685.1806640625,-77.50019645600324,21084.5947265625,980887
5.534548,3.368999,-3.5051186,1.8378769930711572,0.0,-81.67969292770454,20892.333984375,-70.17442077285624,11621.09375,-77.26473394241155,20678.7109375,980907
5.468221,3.3869927,-3.520205,1.9450443902519619,0.0,-81.94674679266868,20785.5224609375,-70.53973494507498,11685.1806640625,-79.01192074137064,21212.7685546875,980927
5.4024706,3.406578,-3.5351536,2.015545588960829,0.0,-81.50919102124304,20422.36328125,-68.32855179903862,11663.818359375,-76.6315424655036,20977.783203125,980947
5.3233194,3.4320247,-3.554963,1.8555841799306152,0.0,-79.75477617838024,20678.7109375,-68.6210225403999,11749.267578125,-75.17409921421336,20571.8994140625,980967
5.2216153,3.461218,-3.5763075,1.9631149421370222,0.0,-79.03878431406598,21511.8408203125,-68.42510370000252,11621.09375,-77.81645460702146,21041.8701171875,980987
5.1339254,3.4829054,-3.5896392,2.015747549930913,0.0,-79.87012540664834,21063.232421875,-67.41219760664163,11642.4560546875,-76.17997144043407,20806.884765625,981007
5.066301,3.5008032,-3.598775,1.99793703377211,0.0,-80.29223329071841,21234.130859375,-67.8665199566349,11578.369140625,-76.87896309600221,20870.9716796875,981027
4.991155,3.525769,-3.6124032,1.9093698249931728,0.0,-79.94398226553757,20678.7109375,-68.77269006551076,11642.4560546875,-77.61799711092439,20422.36328125,981047
4.899558,3.5552511,-3.6280644,1.8917922547770223,0.0,-80.70961194771587,20849.609375,-68.10839763747157,11685.1806640625,-76.53926792994729,20764.16015625,981067
4.8113613,3.5811858,-3.639398,1.9270438707009887,0.0,-80.89722895198247,20678.7109375,-68.92304747172327,11706.54296875,-76.63031580717887,21020.5078125,981087
4.763816,3.5952098,-3.6441374,1.9446548285917908,0.0,-79.77231652904054,20913.6962890625,-68.07155393738547,11685.1806640625,-76.75071478569205,20870.9716796875,981107
4.7483835,3.598338,-3.644282,1.8558123074436526,0.0,-81.18586267744666,21084.5947265625,-67.87820598262714,11663.818359375,-74.62309255242407,20849.609375,981127
4.7468114,3.598975,-3.6444817,1.9274355394167897,0.0,-80.22356648133336,20465.087890625,-68.53618023132472,11621.09375,-76.22520364237845,21426.3916015625,981147
4.7420983,3.600909,-3.6450315,2.050899414417964,0.0,-80.62534039071052,20700.0732421875,-68.64101418288723,11706.54296875,-76.41009704123962,21105.95703125,981167
4.73455,3.6086648,-3.6487925,1.9625433241002674,0.0,-79.87950810995942,21041.8701171875,-68.3649338270608,11749.267578125,-76.5934627480608,20935.05859375,981187
4.724168,3.6145663,-3.6505926,1.9807464171245899,0.0,-81.0472285549394,20870.9716796875,-68.09243849141924,11621.09375,-77.24447573970302,20999.1455078125,981207
4.714754,3.618587,-3.6510806,1.9630458095526837,0.0,-81.22478030730983,20849.609375,-68.1136198731218,11663.818359375,-75.95962423917324,20913.6962890625,981227
4.69848,3.6240327,-3.6507044,2.0684262691686013,0.0,-82.27702227064258,20678.7109375,-69.09370791491558,11834.716796875,-76.47810789213699,20806.884765625,981247
4.669101,3.63363,-3.6494215,1.944806121701408,0.0,-81.44102877247693,20870.9716796875,-68.84240098838359,11706.54296875,-78.21133194657564,21063.232421875,981267
4.627171,3.6485813,-3.647978,1.9630708708377356,0.0,-83.40259203833665,20806.884765625,-69.73679041439753,11791.9921875,-78.52440205276883,20935.05859375,981287
4.572689,3.6688888,-3.646142,1.9985076917474387,0.0,-81.40638607064149,20635.986328125,-68.77024175909058,11727.9052734375,-75.654573013785,21234.130859375,981307
4.5067263,3.6926875,-3.6425793,2.033269211322178,0.0,-79.33769129560514,20828.2470703125,-67.95241890030428,11642.4560546875,-77.53103861745471,20721.435546875,981327
4.4392815,3.717291,-3.6383145,1.9803130473492363,0.0,-79.57046671071299,20828.2470703125,-67.6558990724689,11578.369140625,-75.64757351604233,20849.609375,981347
4.3667107,3.7472727,-3.6350806,1.8377523335079418,0.0,-80.18641654877095,20956.4208984375,-67.37878430206794,11749.267578125,-75.81596615506426,21212.7685546875,981367
4.2772756,3.785614,-3.6319942,1.9984764202669463,0.0,-78.88383243769019,21234.130859375,-68.69142851791314,11535.64453125,-76.11944084736427,20870.9716796875,981387
4.1787953,3.8243184,-3.6265864,2.068358381653836,0.0,-81.47061638909275,20764.16015625,-68.11223802320646,11706.54296875,-76.3342616299762,20870.9716796875,981407
4.0977902,3.855979,-3.6206453,1.873365060394597,0.0,-80.1909167389379,21298.2177734375,-67.1518714346036,11685.1806640625,-78.09483644025354,20935.05859375,981427
4.0488973,3.8758883,-3.616226,1.9275804186427785,0.0,-82.74859596698175,21105.95703125,-66.89889114732978,11727.9052734375,-78.27879113947033,20401.0009765625,981447
4.028693,3.8849003,-3.6143303,1.9806309748164972,0.0,-79.41189642628973,21255.4931640625,-67.0967818810503,11706.54296875,-77.74330450998205,21447.75390625,981467
4.0255914,3.8862906,-3.6139927,2.050730534684615,0.0,-79.33366327941076,21597.2900390625,-67.15550315704115,11663.818359375,-77.28749555342247,20657.3486328125,981487
4.024517,3.888306,-3.6147795,1.9448946274552412,0.0,-76.91210243354625,20700.0732421875,-66.13981283727016,11621.09375,-75.87339816045728,21383.6669921875,981507
4.021425,3.889698,-3.6143699,1.8917441364913823,0.0,-78.41606943671258,21063.232421875,-66.87207163390448,11599.7314453125,-77.78970266312024,21041.8701171875,981527
4.0183363,3.8910902,-3.613931,2.0512043891594156,0.0,-80.45577514259266,20422.36328125,-66.89472838945159,11642.4560546875,-76.91260751292795,20828.2470703125,981547
4.0172434,3.893111,-3.6146767,1.9977781639615904,0.0,-79.1444524744158,21191.40625,-66.84626461265213,11727.9052734375,-79.01384778064518,20764.16015625,981567
4.017672,3.8944387,-3.615662,1.9449384443856141,0.0,-79.98961184022849,20849.609375,-66.8358333548371,11642.4560546875,-78.10393613223181,20870.9716796875,981627
4.0114923,3.8971632,-3.6146317,1.9624467543411261,0.0,-79.26595117479044,21084.5947265625,-67.0560558828725,11621.09375,-75.11247062903401,20742.7978515625,981647
3.9995275,3.9038994,-3.6135886,1.9806119728211478,0.0,-81.37953637536205,20999.1455078125,-67.16740394286278,11599.7314453125,-75.60571901946003,20849.609375,981667
3.9875753,3.9106438,-3.6124558,1.9453352134656523,0.0,-78.1823821836152,20828.2470703125,-67.13762217034355,11535.64453125,-75.25938427616093,20870.9716796875,981687
3.981412,3.9133656,-3.6113245,2.050866670181252,0.0,-81.82953108636173,21170.0439453125,-67.35235578069275,11685.1806640625,-75.46916920082138,20935.05859375,981707
3.9798727,3.9140453,-3.6110313,1.9446459216025644,0.0,-77.6434169394262,20507.8125,-67.02000593397122,11685.1806640625,-73.76109604399946,21063.232421875,981727
3.978341,3.9147255,-3.6107018,1.9447234087894314,0.0,-79.08952125643003,21084.5947265625,-67.05750602187858,11599.7314453125,-74.43488774865,20913.6962890625,981807
3.9775145,3.9180622,-3.612366,1.998299831880546,0.0,-80.61391938623451,21148.681640625,-66.45380261652485,11685.1806640625,-74.17189013735577,21084.5947265625,981927
3.9770348,3.922732,-3.6150372,1.9267024032087956,0.0,-78.15199075502217,20593.26171875,-66.43072901077994,11685.1806640625,-75.82486277651556,20806.884765625,981947
3.9716227,3.9280937,-3.6155915,1.8375567776462611,0.0,-77.5726981505209,20764.16015625,-66.09260795996673,11706.54296875,-75.8895879531963,21148.681640625,981967
3.967901,3.926785,-3.6128032,1.8919116334469688,0.0,-79.43313059218049,20657.3486328125,-66.10289043291945,11621.09375,-76.75450942212383,20935.05859375,981987
3.9668908,3.9227886,-3.6097596,2.086183758681547,0.0,-80.10431268631666,20828.2470703125,-66.20400815168894,11706.54296875,-75.56478238256112,20913.6962890625,982007
3.9680722,3.920775,-3.6091402,2.0331191704675033,0.0,-79.5158581414672,20977.783203125,-66.43669424777721,11706.54296875,-73.92002930704184,20507.8125,982027
3.9695888,3.9200962,-3.6095357,1.9448914020948083,0.0,-78.63498731631442,20657.3486328125,-66.54215138406936,11578.369140625,-76.55279385809193,20892.333984375,982047
3.9714339,3.9207547,-3.6109486,1.9097565839110617,0.0,-78.6867196797733,20913.6962890625,-66.71678934128505,11834.716796875,-76.26811431901962,20550.537109375,982067
3.9680815,3.9207697,-3.609119,1.9800647450673126,0.0,-78.8728223286836,20935.05859375,-66.44008303758221,11706.54296875,-74.7696496237015,20870.9716796875,982107
3.9659255,3.9187703,-3.6066816,1.927409666699659,0.0,-78.13321866190692,20892.333984375,-65.70204062823234,11557.0068359375,-73.18311519388536,21041.8701171875,982127
3.9649696,3.9147525,-3.6036487,1.9809475475920244,0.0,-78.90340270108992,20870.9716796875,-65.87058722712585,11642.4560546875,-74.9961748905282,20806.884765625,982147
3.9643395,3.9120717,-3.6016273,1.9448655236538466,0.0,-78.28268205758309,19973.7548828125,-66.62588800907793,11706.54296875,-74.78292039539457,20870.9716796875,982167
3.9652228,3.9087133,-3.6000376,1.9801929337347266,0.0,-77.29288748821546,20870.9716796875,-65.50318596051426,11706.54296875,-73.33378660300016,20507.8125,982187
3.9649165,3.9073741,-3.5990229,1.9452252273234367,0.0,-79.0129325208855,20956.4208984375,-65.09338891037237,11642.4560546875,-74.35010939536555,20785.5224609375,982207
3.9643097,3.9046948,-3.5969927,2.033834212581749,0.0,-78.99718538175631,20892.333984375,-65.75428755622019,11621.09375,-74.17624260766844,21298.2177734375,982227
3.9637082,3.9020138,-3.594963,2.0331174175265025,0.0,-78.71312900993074,20828.2470703125,-65.63357367915599,11663.818359375,-74.07690341661676,20892.333984375,982247
3.9652126,3.9013422,-3.5954132,2.016280600479803,0.0,-77.98052398067922,20678.7109375,-65.6881540299388,11663.818359375,-74.4329913096528,20956.4208984375,982287
3.9627886,3.9053707,-3.5965235,1.8554653469568152,0.0,-81.12243902911797,20956.4208984375,-66.2694158500104,11621.09375,-73.6826521944069,20956.4208984375,982347
3.956784,3.9080548,-3.5946753,1.8918564504142354,0.0,-78.47802640643613,20742.7978515625,-65.72435931056772,11749.267578125,-73.12955331239236,21041.8701171875,982367
3.9544322,3.9047022,-3.5911536,2.1211821267805306,0.0,-78.7042683077758,20999.1455078125,-65.37495116572664,11557.0068359375,-74.39268658819046,20956.4208984375,982387
3.9509592,3.8959816,-3.583554,1.9266991485469933,0.0,-77.99605417686661,20700.0732421875,-65.9009494475788,11557.0068359375,-73.37303864095527,20935.05859375,982407
3.947513,3.8872633,-3.5759397,2.016055687340854,0.0,-79.27158361204432,21170.0439453125,-66.4190617549662,11706.54296875,-73.68992661468762,20999.1455078125,982427
3.9413474,3.8812094,-3.5684156,1.9632635058416175,0.0,-79.01033856256973,21020.5078125,-66.45243404769319,11685.1806640625,-73.18574038159043,20700.0732421875,982447
3.9349022,3.8738003,-3.5598853,1.997945689459116,0.0,-77.8014333950689,20764.16015625,-66.23399801636161,11706.54296875,-74.05699434595465,20999.1455078125,982467
3.9299643,3.8657234,-3.5518231,1.9266200367444806,0.0,-78.69969632974266,21511.8408203125,-66.3456150110986,11621.09375,-73.01347741119359,20614.6240234375,982487
3.9288685,3.8603506,-3.5477476,1.8017555088906074,0.0,-77.97527394639383,20913.6962890625,-65.83711162605836,11770.6298828125,-74.25158706598799,20892.333984375,982507
3.927088,3.8596635,-3.546267,1.9986181172820625,0.0,-78.34643164202474,20977.783203125,-65.75719898849337,11642.4560546875,-74.86063033902174,21426.3916015625,982527
3.9210093,3.8622053,-3.5444603,2.068322373743248,0.0,-77.67804792378756,20977.783203125,-65.79620862202133,11706.54296875,-73.95394029875372,20870.9716796875,982627
3.9118881,3.8659973,-3.541732,1.9980728703381563,0.0,-77.43227997973,20977.783203125,-65.47936420293465,11685.1806640625,-76.38735305382373,21255.4931640625,982647
3.904311,3.8691745,-3.539403,1.9454851315008934,0.0,-77.13125526507157,20849.609375,-65.37354679803852,11642.4560546875,-74.53642521780634,20892.333984375,982667
3.8997643,3.871077,-3.5380015,2.086362701302524,0.0,-76.93254933190049,20977.783203125,-65.5201125987347,11685.1806640625,-74.8779613251668,20678.7109375,982687
3.8969786,3.8736885,-3.5380857,2.015411263544516,0.0,-76.81068660112078,20999.1455078125,-65.47535704959682,11685.1806640625,-73.95222701559351,20806.884765625,982707
3.8939407,3.874944,-3.5371559,1.8371967921226462,0.0,-78.81926582332328,21383.6669921875,-65.36790663687346,11706.54296875,-74.63325362849875,20849.609375,982727
3.889633,3.8781796,-3.5367718,1.9097774050266807,0.0,-77.90970768621095,21212.7685546875,-65.46165540187614,11621.09375,-73.54468990279892,20785.5224609375,982747
3.8881185,3.8788128,-3.5362995,1.9270833647653856,0.0,-76.96674477501959,20935.05859375,-65.72281023657312,11727.9052734375,-75.57234382032559,21148.681640625,982767
3.8886127,3.8815057,-3.5383422,1.980041837063676,0.0,-76.37307848871502,20913.6962890625,-65.26053661343205,11621.09375,-74.30774547809145,20935.05859375,982787
3.888868,3.8828518,-3.5393622,1.9809322685172268,0.0,-78.66579877360516,20892.333984375,-65.95640926257778,11706.54296875,-74.10176567625159,20870.9716796875,982827
3.8891346,3.8841982,-3.5403788,1.9445854334578296,0.0,-78.36166796808675,20678.7109375,-65.41834389116002,11663.818359375,-74.36123174413991,20721.435546875,982867
3.8927166,3.8856063,-3.5432985,1.8378911051224618,0.0,-77.9596429826363,20828.2470703125,-65.25654989217888,11706.54296875,-73.75157586408154,20956.4208984375,982887
3.8996139,3.8870606,-3.54812,1.9275066407676271,0.0,-77.12126082813859,20935.05859375,-65.39422549866168,11642.4560546875,-73.93667219654839,20977.783203125,982907
3.9056942,3.884483,-3.54987,1.9977830713086768,0.0,-77.0569478004181,20785.5224609375,-65.4955775980571,11685.1806640625,-74.9175272666235,21234.130859375,982927
3.909016,3.8845408,-3.5517542,1.9092269525733863,0.0,-78.73278406162177,20977.783203125,-65.47169188322424,11642.4560546875,-74.20544233915504,20870.9716796875,982947
3.9087393,3.883197,-3.550737,2.015434237168856,0.0,-76.86416493129778,20999.1455078125,-65.41841115903412,11557.0068359375,-73.87186670856737,20956.4208984375,983007
3.907213,3.883832,-3.550308,1.998408245871686,0.0,-78.87916268406826,20999.1455078125,-65.88057116059449,11749.267578125,-73.7131993424018,21020.5078125,983067
3.9074621,3.8851721,-3.5513372,1.9809077378492708,0.0,-77.90730585657067,20507.8125,-65.16590348724507,11642.4560546875,-74.0710754344687,20849.609375,983207
3.9076984,3.8865116,-3.5523703,1.8559797995709264,0.0,-76.98077372027882,20935.05859375,-65.49048046512743,11663.818359375,-73.79922511952512,20828.2470703125,983347
3.9079268,3.8878508,-3.5534058,2.103477137401483,0.0,-77.39548443209321,20870.9716796875,-65.46595826972164,11749.267578125,-73.59856891446793,20870.9716796875,983527
3.9077065,3.8865104,-3.5523703,1.9986993776520625,0.0,-75.98460038803188,21234.130859375,-64.91516313834856,11813.3544921875,-74.85940924928829,20977.783203125,983727
3.907939,3.8878505,-3.5534031,2.086281943168539,0.0,-76.90369084479683,20764.16015625,-65.40159875440993,11663.818359375,-73.65947301033222,20828.2470703125,984047
3.9064274,3.8884823,-3.5529203,2.1036010130084435,0.0,-77.35226790692148,21148.681640625,-65.49304725344064,11642.4560546875,-73.86376871410752,20956.4208984375,984127
3.9066439,3.8898232,-3.5539558,1.9445082019371576,0.0,-78.25064336804522,20977.783203125,-65.09872077362846,11621.09375,-73.86884464285077,20828.2470703125,984227
3.9068472,3.8911624,-3.554996,1.9812215474950174,0.0,-77.65884836971311,20849.609375,-65.12285119827057,11621.09375,-74.80448397317518,20935.05859375,984567
3.908344,3.8905292,-3.555521,1.9977920134380094,0.0,-77.21171094295994,20785.5224609375,-65.05366887227706,11685.1806640625,-73.5394098137588,20956.4208984375,984747
3.9098403,3.8898938,-3.5560448,2.1209322266062562,0.0,-76.99284808381601,20828.2470703125,-65.05893367736861,11685.1806640625,-74.02429246272573,20999.1455078125,984887
3.9096563,3.888554,-3.5550015,2.0163421773805816,0.0,-78.08201590015688,20721.435546875,-65.51243007924916,11578.369140625,-73.35917415705038,20935.05859375,986387
