-6.7456727,-0.47318316,0.5076418,,0
-6.7424073,-0.4724714,0.50658417,,0
-6.7358484,-0.47000432,0.504096,,0
-6.7259965,-0.465782,0.5001772,,0
-6.7161727,-0.46260315,0.49663138,,0
-6.708507,-0.45920318,0.49354205,,0
-6.701948,-0.45673612,0.49105385,,0
-6.6964407,-0.453115,0.48842096,,0
-6.692068,-0.4514703,0.48676217,,0
-6.6876955,-0.44982558,0.48510337,,0
-6.6844583,-0.4501573,0.4844187,,0
-6.680114,-0.4495561,0.48313284,,0
-6.67256,-0.4503301,0.48153526,,0
-6.6639276,-0.4512147,0.47970942,,0
-6.654216,-0.45220986,0.47765535,,0
-6.642346,-0.45342615,0.47514483,,0
-6.631611,-0.45661888,0.47360843,,0
-6.621955,-0.45970103,0.47230026,,0
-6.6155086,-0.46140796,0.47130382,,0
-6.6112204,-0.46289375,0.47076383,,0
-6.604774,-0.46460068,0.4697674,,0
-6.5961695,-0.46652877,0.4683145,,0
-6.588644,-0.46834627,0.46708983,,0
-6.5800114,-0.46923086,0.465264,,0
-6.572458,-0.47000486,0.46366638,,0
-6.562746,-0.47100002,0.4616123,,0
-6.5530343,-0.47199517,0.45955825,,0
-6.5422435,-0.4731009,0.45727596,,0
-6.5314527,-0.47420663,0.45499367,,0
-6.520662,-0.47531235,0.45271137,,0
-6.509871,-0.47641808,0.45042908,,0
-6.499052,-0.4764803,0.44777387,,0
-6.487182,-0.4776966,0.44526336,,0
-6.4785495,-0.4785812,0.44343752,,0
-6.472047,-0.47820112,0.4416952,,0
-6.463414,-0.4790857,0.43986937,,0
-6.4547815,-0.4799703,0.43804353,,0
-6.4428835,-0.4801431,0.43516007,,0
-6.4310136,-0.4813594,0.43264955,,0
-6.4180365,-0.48164275,0.42953786,,0
-6.4072456,-0.48274848,0.42725557,,0
-6.3953476,-0.48292127,0.4243721,,0
-6.3834777,-0.48413756,0.4218616,,0
-6.3705287,-0.48546442,0.41912284,,0
-6.3575516,-0.48574778,0.41601115,,0
-6.3435235,-0.48718524,0.41304418,,0
-6.3294673,-0.4875792,0.40970427,,0
-6.314332,-0.48808372,0.40613613,,0
-6.301383,-0.48941058,0.40339738,,0
-6.2927504,-0.49029517,0.40157154,,0
-6.286276,-0.4909586,0.40020218,,0
-6.2787223,-0.4917326,0.39860457,,0
-6.2690105,-0.49272776,0.3965505,,0
-6.2582197,-0.49383348,0.3942682,,0
-6.2452707,-0.49516034,0.39152947,,0
-6.2290845,-0.49681893,0.38810605,,0
-6.21074,-0.49869865,0.38422617,,0
-6.193475,-0.50046784,0.38057452,,0
-6.1762094,-0.502237,0.37692288,,0
-6.159995,-0.5028521,0.3731265,,0
-6.143809,-0.50451064,0.36970308,,0
-6.1265435,-0.5062798,0.36605144,,0
-6.109278,-0.508049,0.3623998,,0
-6.090934,-0.50992876,0.3585199,,0
-6.0715103,-0.5119191,0.3544118,,0
-6.0509796,-0.51297647,0.34970254,,0
-6.032635,-0.5148562,0.34582266,,0
-6.01537,-0.5166254,0.342171,,0
-6.0002627,-0.5181734,0.33897582,,0
-5.9873137,-0.51950026,0.33623707,,0
-5.9743648,-0.5208271,0.33349833,,0
-5.961416,-0.522154,0.33075958,,0
-5.9473877,-0.5235914,0.3277926,,0
-5.9301224,-0.5253606,0.32414097,,0
-5.913936,-0.52701914,0.32071754,,0
-5.89775,-0.5286777,0.31729412,,0
-5.8804846,-0.5304469,0.31364247,,0
-5.86214,-0.53232664,0.3097626,,0
-5.8427167,-0.53431696,0.3056545,,0
-5.822186,-0.53537434,0.30094522,,0
-5.8016834,-0.5374752,0.2966089,,0
-5.7800736,-0.5386432,0.2916714,,0
-5.758492,-0.54085463,0.28710684,,0
-5.7379894,-0.5429555,0.2827705,,0
-5.718566,-0.54494584,0.2786624,,0
-5.6991425,-0.54693615,0.2745543,,0
-5.681877,-0.54870534,0.27090266,,0
-5.668928,-0.5500322,0.26816392,,0
-5.6581373,-0.5511379,0.26588163,,0
-5.6462674,-0.5523542,0.2633711,,0
-5.6322393,-0.55379164,0.26040414,,0
-5.617104,-0.55429614,0.256836,,0
-5.604155,-0.555623,0.25409725,,0
-5.591206,-0.55694985,0.2513585,,0
-5.5793643,-0.55920964,0.24922094,,0
-5.5686016,-0.56135887,0.24731159,,0
-5.5556808,-0.5637292,0.2449458,,0
-5.541681,-0.56621015,0.24235177,,0
-5.526602,-0.56880164,0.2395295,,0
-5.5104713,-0.5725472,0.23685196,,0
-5.494369,-0.57733625,0.23454735,,0
-5.4803967,-0.5808607,0.23232625,,0
-5.4696617,-0.5840534,0.23078984,,0
-5.461057,-0.5859815,0.22933695,,0
-5.4524245,-0.5868661,0.22751112,,0
-5.445978,-0.58857304,0.2265147,,0
-5.4405828,-0.5891259,0.22537355,,0
-5.4362946,-0.59061164,0.22483358,,0
-5.427662,-0.5914962,0.22300775,,0
-5.4179783,-0.5935349,0.22132663,,0
-5.4093738,-0.595463,0.21987374,,0
-5.4028993,-0.59612644,0.21850437,,0
-5.3953457,-0.59690046,0.21690677,,0
-5.387792,-0.5976745,0.21530917,,0
-5.3791313,-0.5975156,0.2131104,,0
-5.373736,-0.5980684,0.21196926,,0
-5.3694196,-0.5985107,0.21105634,,0
-5.3672614,-0.5987318,0.21059988,,0
-5.3651032,-0.59895295,0.21014343,,0
-5.364024,-0.5990635,0.2099152,,0
-5.360787,-0.5993952,0.20923053,,0
-5.3564706,-0.5998375,0.20831761,,0
-5.351075,-0.6003903,0.20717646,,0
-5.346759,-0.6008326,0.20626354,,0
-5.3413353,-0.600342,0.20474946,,0
-5.337019,-0.60078424,0.20383655,,0
-5.3337817,-0.60111594,0.20315187,,0
-5.3294373,-0.6005147,0.20186602,,0
-5.3229628,-0.60117817,0.20049664,,0
-5.317539,-0.60068756,0.19898257,,0
-5.3131948,-0.60008633,0.19769672,,0
-5.3110366,-0.60030746,0.19724026,,0
-5.3099575,-0.60041803,0.19701204,,0
-5.3088503,-0.5994851,0.19641086,,0
-5.305585,-0.5987733,0.19535324,,0
-5.3022914,-0.597018,0.19392268,,0
-5.299026,-0.5963062,0.19286506,,0
-5.297919,-0.5953733,0.19226389,,0
-5.2968397,-0.59548384,0.19203566,,0
-5.293546,-0.59372854,0.1906051,,0
-5.2892017,-0.5931273,0.18931925,,0
-5.2859364,-0.5924155,0.18826163,,0
-5.28375,-0.59159315,0.18743223,,0
-5.2815638,-0.5907708,0.18660283,,0
-5.2793775,-0.5899484,0.18577343,,0
-5.277191,-0.58912605,0.18494403,,0
-5.276112,-0.5892366,0.1847158,,0
-5.275033,-0.5893472,0.18448758,,0
-5.2728467,-0.5885248,0.18365818,,0
-5.2717676,-0.5886354,0.18342996,,0
-5.2706885,-0.58874595,0.18320173,,0
-5.268502,-0.5879236,0.18237233,,0
-5.267423,-0.58803415,0.1821441,,0
