-6.7456727,-0.47318316,0.5076418,,0
-6.7445655,-0.47225022,0.5070406,,0
-6.7401648,-0.46956202,0.5050089,,0
-6.7346573,-0.4659409,0.50237596,,0
-6.7292056,-0.46440676,0.50048894,,0
-6.723754,-0.46287262,0.4986019,,0
-6.7183304,-0.462382,0.49708784,,0
-6.713986,-0.4617808,0.495802,,0
-6.7085624,-0.46129015,0.4942879,,0
-6.7020597,-0.46091008,0.4925456,,0
-6.6955853,-0.4615735,0.49117625,,0
-6.6891108,-0.46223694,0.4898069,,0
-6.6826363,-0.46290037,0.48843753,,0
-6.677241,-0.46345323,0.4872964,,0
-6.6696873,-0.46422723,0.48569882,,0
-6.6599755,-0.4652224,0.48364475,,0
-6.6491847,-0.4663281,0.48136246,,0
-6.6383657,-0.46639034,0.47870725,,0
-6.6253886,-0.4666737,0.47559556,,0
-6.610225,-0.46613473,0.4716545,,0
-6.59296,-0.46790388,0.46800286,,0
-6.5767736,-0.46956247,0.46457943,,0
-6.5605874,-0.47122106,0.461156,,0
-6.545452,-0.47172558,0.45758787,,0
-6.531396,-0.47211954,0.45424795,,0
-6.5162888,-0.47366756,0.45105276,,0
-6.5011816,-0.47521558,0.44785756,,0
-6.4871535,-0.47665304,0.4448906,,0
-6.4731255,-0.4780905,0.44192362,,0
-6.4590693,-0.47848445,0.4385837,,0
-6.445041,-0.4799219,0.43561673,,0
-6.429934,-0.48146993,0.43242154,,0
-6.414827,-0.48301795,0.42922634,,0
-6.3997197,-0.48456597,0.42603114,,0
-6.3824544,-0.48633513,0.4223795,,0
-6.36411,-0.48821485,0.41849962,,0
-6.3446584,-0.48916167,0.41401857,,0
-6.3252068,-0.4901085,0.40953752,,0
-6.3079133,-0.49083415,0.40551293,,0
-6.291699,-0.49144924,0.40171656,,0
-6.2786937,-0.4906891,0.39823195,,0
-6.2646093,-0.49003956,0.39451912,,0
-6.251632,-0.49032292,0.39140743,,0
-6.239706,-0.4894522,0.38815105,,0
-6.227808,-0.489625,0.3852676,,0
-6.214831,-0.48990837,0.3821559,,0
-6.200803,-0.49134582,0.37918893,,0
-6.1867747,-0.49278328,0.37622195,,0
-6.1705885,-0.49444187,0.37279853,,0
-6.152216,-0.4952781,0.3685457,,0
-6.1327925,-0.4972684,0.3644376,,0
-6.114448,-0.49914813,0.36055773,,0
-6.0971828,-0.5009173,0.3569061,,0
-6.0788383,-0.50279707,0.3530262,,0
-6.0572567,-0.5050085,0.34846166,,0
-6.0346236,-0.50837404,0.3440418,,0
-6.011963,-0.51069605,0.33924899,,0
-5.9903812,-0.5129075,0.33468443,,0
-5.9698787,-0.5150084,0.3303481,,0
-5.948297,-0.51721984,0.32578355,,0
-5.927822,-0.5203642,0.32182014,,0
-5.911636,-0.5220228,0.31839672,,0
-5.898715,-0.52439314,0.31603092,,0
-5.887924,-0.52549887,0.31374863,,0
-5.8782125,-0.526494,0.31169456,,0
-5.8674216,-0.52759975,0.30941227,,0
-5.8555517,-0.52881604,0.30690175,,0
-5.844761,-0.52992177,0.30461946,,0
-5.832891,-0.53113806,0.30210894,,0
-5.819942,-0.5324649,0.2993702,,0
-5.806965,-0.5327483,0.2962585,,0
-5.7907786,-0.53440684,0.2928351,,0
-5.773485,-0.5351325,0.2888105,,0
-5.757299,-0.5367911,0.28538707,,0
-5.742192,-0.5383391,0.28219187,,0
-5.7270565,-0.5388436,0.27862373,,0
-5.7119493,-0.54039156,0.27542853,,0
-5.696842,-0.54193956,0.27223334,,0
-5.679577,-0.54370874,0.2685817,,0
-5.659102,-0.5468531,0.26461828,,0
-5.6396785,-0.54884344,0.26051018,,0
-5.621334,-0.5507232,0.2566303,,0
-5.6029897,-0.55260295,0.25275043,,0
-5.5868034,-0.5542615,0.249327,,0
-5.5716963,-0.5558095,0.24613181,,0
-5.5598264,-0.5570258,0.24362129,,0
-5.5490355,-0.5581315,0.24133901,,0
-5.538273,-0.56028074,0.23942967,,0
-5.5296683,-0.56220883,0.23797677,,0
-5.5199566,-0.563204,0.23592272,,0
-5.5080867,-0.5644203,0.2334122,,0
-5.495166,-0.56679064,0.23104641,,0
-5.4811378,-0.56822807,0.22807944,,0
-5.4671097,-0.5696655,0.22511247,,0
-5.4541607,-0.57099235,0.22237372,,0
-5.442291,-0.57220864,0.2198632,,0
-5.4272118,-0.57480013,0.21704094,,0
-5.4131837,-0.57623756,0.21407397,,0
-5.401314,-0.57745385,0.21156345,,0
-5.391602,-0.578449,0.2095094,,0
-5.3818903,-0.57944417,0.20745535,,0
-5.3700204,-0.58066046,0.20494483,,0
-5.3581505,-0.58187675,0.20243432,,0
-5.3462524,-0.58204955,0.19955087,,0
-5.3365407,-0.5830447,0.19749682,,0
-5.3246427,-0.5832175,0.19461337,,0
-5.3127446,-0.5833903,0.19172992,,0
-5.3008747,-0.5846066,0.1892194,,0
-5.290084,-0.5857123,0.18693712,,0
-5.279293,-0.58681804,0.18465485,,0
-5.2695813,-0.5878132,0.1826008,,0
-5.2620277,-0.5885872,0.1810032,,0
-5.2555532,-0.5892507,0.17963383,,0
-5.2479997,-0.5900247,0.17803623,,0
-5.240474,-0.59184223,0.17681156,,0
-5.2329206,-0.59261626,0.17521396,,0
-5.227525,-0.5931691,0.17407282,,0
-5.22213,-0.5937219,0.17293167,,0
-5.2167344,-0.59427476,0.17179053,,0
-5.212418,-0.594717,0.1708776,,0
-5.2070227,-0.59526986,0.16973646,,0
-5.2038136,-0.59664506,0.16942471,,0
-5.2005763,-0.59697676,0.16874003,,0
-5.197339,-0.59730846,0.16805536,,0
-5.194102,-0.59764016,0.16737068,,0
-5.1897855,-0.5980824,0.16645776,,0
-5.183311,-0.5987459,0.16508839,,0
-5.1789947,-0.59918815,0.16417547,,0
-5.1757293,-0.59847635,0.16311784,,0
-5.173571,-0.5986975,0.16266139,,0
-5.172492,-0.59880805,0.16243316,,0
-5.171413,-0.5989186,0.16220494,,0
-5.169255,-0.59913975,0.16174848,,0
-5.1660175,-0.59947145,0.1610638,,0
-5.162752,-0.59875965,0.16000618,,0
