-3.6939867,-3.0091875,-1.4006405
-3.693199,-3.0097816,-1.3999033
-3.6924112,-3.0103757,-1.3991661
-3.6916234,-3.0109699,-1.3984289
-3.6908357,-3.011564,-1.3976917
-3.690048,-3.0121582,-1.3969545
-3.6892602,-3.0127523,-1.3962173
-3.6884725,-3.0133464,-1.3954802
-3.6876848,-3.0139406,-1.394743
-3.686665,-3.0147378,-1.3937485
-3.6858072,-3.0154412,-1.3928654
-3.6849494,-3.0161445,-1.3919823
-3.6840916,-3.0168478,-1.3910992
-3.6832337,-3.0175512,-1.3902161
-3.682376,-3.0182545,-1.389333
-3.681518,-3.0189579,-1.3884499
-3.6806602,-3.0196612,-1.3875668
-3.6798024,-3.0203645,-1.3866837
-3.6789446,-3.0210679,-1.3858006
-3.6780868,-3.0217712,-1.3849175
-3.677229,-3.0224745,-1.3840344
-3.676371,-3.0231779,-1.3831513
-3.6755133,-3.0238812,-1.3822682
-3.6746554,-3.0245845,-1.3813851
-3.6737976,-3.0252879,-1.380502
-3.6729398,-3.0259912,-1.3796189
-3.6718235,-3.0268655,-1.3785323
-3.6711361,-3.027388,-1.3778872
-3.6704488,-3.0279107,-1.3772422
-3.6697614,-3.0284333,-1.3765972
-3.669074,-3.028956,-1.3759521
-3.6683867,-3.0294785,-1.3753071
-3.6676993,-3.0300012,-1.374662
-3.667012,-3.0305238,-1.374017
-3.6663246,-3.0310464,-1.373372
-3.6656373,-3.031569,-1.3727269
-3.66495,-3.0320916,-1.3720819
-3.6642625,-3.0326142,-1.3714368
-3.6635752,-3.0331368,-1.3707918
-3.6628878,-3.0336595,-1.3701468
-3.6622005,-3.034182,-1.3695017
-3.661513,-3.0347047,-1.3688567
-3.6608257,-3.0352273,-1.3682116
-3.6601384,-3.03575,-1.3675666
-3.659451,-3.0362725,-1.3669215
-3.6587636,-3.0367951,-1.3662765
-3.6580763,-3.0373178,-1.3656315
-3.657389,-3.0378404,-1.3649864
-3.6567016,-3.038363,-1.3643414
-3.6560142,-3.0388856,-1.3636963
-3.6553268,-3.0394082,-1.3630513
-3.6546395,-3.0399308,-1.3624063
-3.6539521,-3.0404534,-1.3617612
-3.6532648,-3.040976,-1.3611162
-3.6525774,-3.0414987,-1.3604711
-3.65189,-3.0420213,-1.3598261
-3.6512027,-3.042544,-1.359181
-3.6505153,-3.0430665,-1.358536
-3.649828,-3.043589,-1.357891
-3.6491406,-3.0441117,-1.3572459
-3.648043,-3.0449476,-1.3562117
-3.6469452,-3.0457835,-1.3551774
-3.6458476,-3.0466194,-1.3541431
-3.6447499,-3.0474553,-1.3531089
-3.6436522,-3.0482912,-1.3520746
-3.6425545,-3.049127,-1.3510404
-3.6414568,-3.049963,-1.3500061
-3.6403592,-3.050799,-1.3489718
-3.6392615,-3.0516348,-1.3479376
-3.6381638,-3.0524707,-1.3469033
-3.6370661,-3.0533066,-1.3458691
-3.6359684,-3.0541425,-1.3448348
-3.6348708,-3.0549784,-1.3438005
-3.633773,-3.0558143,-1.3427663
-3.6326754,-3.0566502,-1.341732
-3.6315777,-3.057486,-1.3406978
-3.63048,-3.058322,-1.3396635
-3.6293824,-3.0591578,-1.3386292
-3.6284425,-3.0598755,-1.3377423
-3.6275027,-3.0605931,-1.3368554
-3.6265628,-3.0613108,-1.3359685
-3.625623,-3.0620284,-1.3350816
-3.6246831,-3.062746,-1.3341947
-3.6237433,-3.0634637,-1.3333077
-3.6228034,-3.0641813,-1.3324208
-3.6218636,-3.064899,-1.3315339
-3.6209238,-3.0656166,-1.330647
-3.619984,-3.0663342,-1.3297601
-3.619044,-3.067052,-1.3288732
-3.6181042,-3.0677695,-1.3279862
-3.6171644,-3.0684872,-1.3270993
-3.6162245,-3.0692048,-1.3262124
-3.6154857,-3.069938,-1.3252794
-3.6147468,-3.070671,-1.3243463
-3.614008,-3.0714042,-1.3234133
-3.613269,-3.0721374,-1.3224802
-3.6125302,-3.0728705,-1.3215472
-3.6117914,-3.0736036,-1.3206141
-3.6110525,-3.0743368,-1.319681
-3.6103137,-3.07507,-1.318748
-3.6095748,-3.075803,-1.317815
-3.608836,-3.0765362,-1.3168819
-3.608097,-3.0772693,-1.3159488
-3.6073582,-3.0780025,-1.3150158
-3.606736,-3.078644,-1.3141925
-3.6061137,-3.0792856,-1.3133693
-3.6054914,-3.0799272,-1.312546
-3.6048691,-3.0805688,-1.3117228
-3.6042469,-3.0812104,-1.3108995
-3.6036246,-3.081852,-1.3100762
-3.6030023,-3.0824935,-1.309253
-3.60238,-3.0831351,-1.3084297
-3.6017578,-3.0837767,-1.3076065
-3.6011355,-3.0844183,-1.3067832
-3.6005132,-3.08506,-1.3059599
-3.5998986,-3.085751,-1.3050659
-3.5992877,-3.086467,-1.3041364
-3.598677,-3.087183,-1.3032069
-3.598066,-3.087899,-1.3022774
-3.5974553,-3.088615,-1.301348
-3.5968444,-3.089331,-1.3004185
-3.5962336,-3.090047,-1.299489
-3.5956228,-3.0907629,-1.2985595
-3.595012,-3.0914788,-1.2976301
-3.5944011,-3.0921948,-1.2967006
-3.5937903,-3.0929108,-1.2957711
-3.5931795,-3.0936267,-1.2948416
-3.59265,-3.0941687,-1.2941473
-3.591998,-3.0947752,-1.2933781
-3.5913463,-3.0953817,-1.292609
-3.5906944,-3.0959883,-1.2918398
-3.5900426,-3.0965948,-1.2910707
-3.5893908,-3.0972013,-1.2903016
-3.588739,-3.097808,-1.2895324
-3.588087,-3.0984144,-1.2887633
-3.5874352,-3.099021,-1.2879941
-3.5867834,-3.0996275,-1.287225
-3.5861316,-3.100234,-1.2864559
-3.5854797,-3.1008406,-1.2856867
-3.584828,-3.101447,-1.2849176
-3.584176,-3.1020536,-1.2841485
-3.5835242,-3.1026602,-1.2833793
-3.5828724,-3.1032667,-1.2826102
-3.5822206,-3.1038733,-1.281841
-3.5814664,-3.1045291,-1.281015
-3.58061,-3.1052344,-1.2801322
-3.5797536,-3.1059396,-1.2792493
-3.5788972,-3.1066449,-1.2783664
-3.5780408,-3.10735,-1.2774836
-3.5771844,-3.1080554,-1.2766007
-3.576328,-3.1087606,-1.2757179
-3.5754716,-3.1094658,-1.274835
-3.5746152,-3.110171,-1.2739521
-3.5737588,-3.1108763,-1.2730693
-3.5729024,-3.1115816,-1.2721864
-3.572046,-3.1122868,-1.2713035
-3.5711896,-3.112992,-1.2704207
-3.5703332,-3.1136973,-1.2695378
-3.5694768,-3.1144025,-1.268655
-3.5686204,-3.1151078,-1.2677721
-3.567764,-3.115813,-1.2668892
-3.5669076,-3.1165183,-1.2660064
-3.5658867,-3.1172936,-1.2650472
-3.5648658,-3.118069,-1.264088
-3.563845,-3.1188443,-1.2631289
-3.562824,-3.1196196,-1.2621697
-3.561803,-3.120395,-1.2612106
-3.5607822,-3.1211703,-1.2602514
-3.5597613,-3.1219456,-1.2592922
-3.5587404,-3.122721,-1.2583331
-3.5577195,-3.1234963,-1.2573739
-3.5566986,-3.1242716,-1.2564148
-3.5556777,-3.125047,-1.2554556
-3.5546567,-3.1258223,-1.2544965
-3.5536358,-3.1265976,-1.2535373
-3.552615,-3.127373,-1.2525781
-3.551594,-3.1281483,-1.251619
-3.550573,-3.1289237,-1.2506598
-3.5495522,-3.129699,-1.2497007
-3.5485115,-3.1304889,-1.2487229
-3.547451,-3.1312933,-1.2477266
-3.5463905,-3.1320977,-1.2467302
-3.54533,-3.1329021,-1.2457339
-3.5442696,-3.1337066,-1.2447375
-3.543209,-3.134511,-1.2437412
-3.5421486,-3.1353154,-1.2427448
-3.541088,-3.1361198,-1.2417485
-3.5400276,-3.1369243,-1.2407521
-3.5389671,-3.1377287,-1.2397557
-3.5379066,-3.138533,-1.2387594
-3.5368462,-3.1393375,-1.237763
-3.5357857,-3.140142,-1.2367667
-3.5347252,-3.1409464,-1.2357703
-3.5336647,-3.1417508,-1.234774
-3.5326042,-3.1425552,-1.2337776
-3.5315437,-3.1433597,-1.2327813
-3.5304832,-3.144164,-1.2317849
-3.5293832,-3.1449971,-1.2307512
-3.528283,-3.1458302,-1.2297174
-3.527183,-3.1466632,-1.2286836
-3.526083,-3.1474962,-1.2276498
-3.524983,-3.1483293,-1.226616
-3.5238829,-3.1491623,-1.2255822
-3.5227828,-3.1499953,-1.2245485
-3.5216827,-3.1508284,-1.2235147
-3.5205827,-3.1516614,-1.2224809
-3.5194826,-3.1524944,-1.2214471
-3.5183825,-3.1533275,-1.2204133
-3.5172825,-3.1541605,-1.2193795
-3.5161824,-3.1549935,-1.2183458
-3.5150824,-3.1558266,-1.217312
-3.5139823,-3.1566596,-1.2162782
-3.5128822,-3.1574926,-1.2152444
-3.5117822,-3.1583257,-1.2142106
-3.51069,-3.1592085,-1.2131057
-3.5096056,-3.1601412,-1.2119296
-3.5085213,-3.161074,-1.2107534
-3.507437,-3.1620066,-1.2095773
-3.5063527,-3.1629393,-1.2084012
-3.5052683,-3.163872,-1.2072251
-3.504184,-3.1648047,-1.206049
-3.5030997,-3.1657374,-1.2048728
-3.5020154,-3.16667,-1.2036967
-3.500931,-3.1676028,-1.2025206
-3.4998467,-3.1685355,-1.2013445
-3.4987624,-3.1694682,-1.2001684
-3.497678,-3.1704009,-1.1989923
-3.4965937,-3.1713336,-1.1978161
-3.4954712,-3.1722972,-1.196603
-3.4943106,-3.173292,-1.1953527
-3.49315,-3.1742866,-1.1941024
-3.4919894,-3.1752813,-1.1928521
-3.4908288,-3.176276,-1.1916019
-3.4896681,-3.1772707,-1.1903516
-3.4885075,-3.1782653,-1.1891013
-3.487347,-3.17926,-1.1878511
-3.4861863,-3.1802547,-1.1866008
-3.4850256,-3.1812494,-1.1853505
-3.483865,-3.182244,-1.1841003
-3.4827044,-3.1832387,-1.18285
-3.4815438,-3.1842334,-1.1815997
-3.4803832,-3.185228,-1.1803495
-3.4792225,-3.1862228,-1.1790992
-3.478062,-3.1872175,-1.1778489
-3.4769013,-3.1882122,-1.1765987
-3.4757407,-3.1892068,-1.1753484
-3.4750664,-3.1898046,-1.1745964
-3.4743922,-3.1904023,-1.1738445
-3.473718,-3.191,-1.1730925
-3.4730437,-3.1915977,-1.1723405
-3.4723694,-3.1921954,-1.1715885
-3.4716952,-3.1927931,-1.1708366
-3.471021,-3.1933908,-1.1700846
-3.4703467,-3.1939886,-1.1693326
-3.4696724,-3.1945863,-1.1685807
-3.4689982,-3.195184,-1.1678287
-3.468324,-3.1957817,-1.1670767
-3.4676497,-3.1963794,-1.1663247
-3.4669755,-3.1969771,-1.1655728
-3.4663012,-3.1975749,-1.1648208
-3.465627,-3.1981726,-1.1640688
-3.4649527,-3.1987703,-1.1633168
-3.4642785,-3.199368,-1.1625649
-3.4636042,-3.1999657,-1.1618129
-3.46293,-3.2005634,-1.1610609
-3.4622557,-3.2011611,-1.160309
-3.4615815,-3.2017589,-1.159557
-3.4609072,-3.2023566,-1.158805
-3.460233,-3.2029543,-1.158053
-3.4595587,-3.203552,-1.1573011
-3.4588845,-3.2041497,-1.1565491
-3.4582102,-3.2047474,-1.1557971
-3.457536,-3.2053452,-1.1550452
-3.4568617,-3.2059429,-1.1542932
-3.4561875,-3.2065406,-1.1535412
-3.4555132,-3.2071383,-1.1527892
-3.454839,-3.207736,-1.1520373
-3.4541647,-3.2083337,-1.1512853
-3.4534905,-3.2089314,-1.1505333
-3.4528162,-3.2095292,-1.1497813
-3.452142,-3.2101269,-1.1490294
-3.4514244,-3.2107313,-1.1482774
-3.4507067,-3.2113357,-1.1475254
-3.449989,-3.21194,-1.1467735
-3.4492714,-3.2125444,-1.1460215
-3.4485538,-3.2131488,-1.1452695
-3.4478362,-3.2137532,-1.1445175
-3.4471185,-3.2143576,-1.1437656
-3.446401,-3.214962,-1.1430136
-3.4456832,-3.2155664,-1.1422616
-3.4449656,-3.2161708,-1.1415097
-3.444248,-3.2167752,-1.1407577
-3.4435303,-3.2173796,-1.1400057
-3.4428127,-3.217984,-1.1392537
-3.442095,-3.2185884,-1.1385018
-3.4413774,-3.2191927,-1.1377498
-3.4406598,-3.2197971,-1.1369978
-3.4399421,-3.2204015,-1.1362458
-3.4392245,-3.221006,-1.1354939
-3.4385068,-3.2216103,-1.1347419
-3.4377892,-3.2222147,-1.1339899
-3.4370716,-3.222819,-1.133238
-3.436354,-3.2234235,-1.132486
-3.4356363,-3.2240279,-1.131734
-3.4349186,-3.2246323,-1.130982
-3.434201,-3.2252367,-1.1302301
-3.4334834,-3.225841,-1.1294781
-3.4327657,-3.2264454,-1.1287261
-3.432048,-3.2270498,-1.1279742
-3.4313304,-3.2276542,-1.1272222
-3.4306128,-3.2282586,-1.1264702
-3.4298952,-3.228863,-1.1257182
-3.4291775,-3.2294674,-1.1249663
-3.42846,-3.2300718,-1.1242143
-3.4277422,-3.2306762,-1.1234623
-3.4270246,-3.2312806,-1.1227103
-3.4262242,-3.2319214,-1.1219215
-3.4254239,-3.2325623,-1.1211327
-3.4246235,-3.2332032,-1.1203439
-3.423823,-3.233844,-1.1195551
-3.4230227,-3.234485,-1.1187663
-3.4222224,-3.2351258,-1.1179775
-3.421422,-3.2357666,-1.1171887
-3.4206216,-3.2364075,-1.1163999
-3.4198213,-3.2370484,-1.1156111
-3.419021,-3.2376893,-1.1148223
-3.4182205,-3.2383301,-1.1140335
-3.4174201,-3.238971,-1.1132447
-3.4166198,-3.2396119,-1.1124558
-3.4158194,-3.2402527,-1.111667
-3.415019,-3.2408936,-1.1108782
-3.4142187,-3.2415345,-1.1100894
-3.4134183,-3.2421753,-1.1093006
-3.412618,-3.2428162,-1.1085118
-3.4118176,-3.243457,-1.107723
-3.4110172,-3.244098,-1.1069342
-3.4102168,-3.2447388,-1.1061454
-3.4094164,-3.2453797,-1.1053566
-3.408616,-3.2460206,-1.1045678
-3.4078157,-3.2466614,-1.103779
-3.4070153,-3.2473023,-1.1029902
-3.406215,-3.2479432,-1.1022013
-3.4054146,-3.248584,-1.1014125
-3.4046142,-3.249225,-1.1006237
-3.4038138,-3.2498658,-1.0998349
-3.4030135,-3.2505066,-1.0990461
-3.402213,-3.2511475,-1.0982573
-3.4014127,-3.2517884,-1.0974685
-3.4006124,-3.2524292,-1.0966797
-3.399812,-3.25307,-1.0958909
-3.3990061,-3.2536874,-1.0951403
-3.3982003,-3.2543046,-1.0943898
-3.3973944,-3.254922,-1.0936393
-3.3965886,-3.2555392,-1.0928887
-3.3957827,-3.2561564,-1.0921382
-3.3949769,-3.2567737,-1.0913876
-3.394171,-3.257391,-1.0906371
-3.3933651,-3.2580082,-1.0898865
-3.3925593,-3.2586255,-1.089136
-3.3917534,-3.2592428,-1.0883855
-3.3909476,-3.25986,-1.0876349
-3.3901417,-3.2604773,-1.0868844
-3.3893359,-3.2610946,-1.0861338
-3.38853,-3.2617118,-1.0853833
-3.3877242,-3.262329,-1.0846328
-3.3869183,-3.2629464,-1.0838822
-3.3861125,-3.2635636,-1.0831317
-3.3853066,-3.264181,-1.0823811
-3.3845007,-3.2647982,-1.0816306
-3.383695,-3.2654154,-1.08088
-3.382889,-3.2660327,-1.0801295
-3.3820832,-3.26665,-1.079379
-3.3812773,-3.2672672,-1.0786284
-3.3804715,-3.2678845,-1.0778779
-3.3796656,-3.2685018,-1.0771273
-3.3788598,-3.269119,-1.0763768
-3.378054,-3.2697363,-1.0756263
-3.377248,-3.2703536,-1.0748757
-3.3764422,-3.2709708,-1.0741252
-3.3756363,-3.271588,-1.0733746
-3.3748305,-3.2722054,-1.0726241
-3.3740246,-3.2728226,-1.0718735
-3.3732188,-3.27344,-1.071123
-3.372413,-3.2740571,-1.0703725
-3.371607,-3.2746744,-1.0696219
-3.3707824,-3.27533,-1.0688194
-3.3699577,-3.2759857,-1.0680169
-3.369133,-3.2766414,-1.0672144
-3.3683083,-3.277297,-1.0664119
-3.3674836,-3.2779527,-1.0656093
-3.366659,-3.2786083,-1.0648068
-3.3658342,-3.279264,-1.0640043
-3.3650095,-3.2799196,-1.0632018
-3.3641849,-3.2805753,-1.0623993
-3.3633602,-3.281231,-1.0615968
-3.3625355,-3.2818866,-1.0607942
-3.3617108,-3.2825422,-1.0599917
-3.360886,-3.2831979,-1.0591892
-3.3600614,-3.2838535,-1.0583867
-3.3592367,-3.2845092,-1.0575842
-3.358412,-3.2851648,-1.0567816
-3.3575873,-3.2858205,-1.0559791
-3.3567626,-3.2864761,-1.0551766
-3.355938,-3.2871318,-1.0543741
-3.3551133,-3.2877874,-1.0535716
-3.3542886,-3.288443,-1.0527691
-3.353464,-3.2890987,-1.0519665
-3.3526392,-3.2897544,-1.051164
-3.3518145,-3.29041,-1.0503615
-3.3509898,-3.2910657,-1.049559
-3.3501651,-3.2917213,-1.0487565
-3.3493404,-3.292377,-1.047954
-3.3485157,-3.2930326,-1.0471514
-3.347691,-3.2936883,-1.0463489
-3.3468664,-3.294344,-1.0455464
-3.3460417,-3.2949996,-1.0447439
-3.345217,-3.2956553,-1.0439414
-3.3443923,-3.296311,-1.0431389
-3.3435676,-3.2969666,-1.0423363
-3.342724,-3.297656,-1.041478
-3.3418806,-3.2983456,-1.0406197
-3.341037,-3.299035,-1.0397614
-3.3401935,-3.2997246,-1.0389031
-3.33935,-3.300414,-1.0380448
-3.3385065,-3.3011036,-1.0371865
-3.337663,-3.301793,-1.0363282
-3.3368194,-3.3024826,-1.0354699
-3.335976,-3.303172,-1.0346116
-3.3351324,-3.3038616,-1.0337533
-3.3342888,-3.3045511,-1.032895
-3.3334453,-3.3052406,-1.0320367
-3.3326018,-3.3059301,-1.0311784
-3.3317583,-3.3066196,-1.03032
-3.3309147,-3.3073092,-1.0294617
-3.3300712,-3.3079987,-1.0286034
-3.3292277,-3.3086882,-1.0277451
-3.3283842,-3.3093777,-1.0268868
-3.3275406,-3.3100672,-1.0260285
-3.326697,-3.3107567,-1.0251702
-3.3258536,-3.3114462,-1.0243119
-3.32501,-3.3121357,-1.0234536
-3.3241665,-3.3128252,-1.0225953
-3.323323,-3.3135147,-1.021737
-3.3224795,-3.3142042,-1.0208787
-3.321636,-3.3148937,-1.0200204
-3.3207924,-3.3155832,-1.019162
-3.319949,-3.3162727,-1.0183038
-3.3191054,-3.3169622,-1.0174454
-3.3182619,-3.3176517,-1.0165871
-3.3174183,-3.3183413,-1.0157288
-3.3165748,-3.3190308,-1.0148705
-3.3157313,-3.3197203,-1.0140122
-3.3148878,-3.3204098,-1.0131539
-3.3140442,-3.3210993,-1.0122956
-3.3132007,-3.3217888,-1.0114373
-3.312175,-3.322581,-1.0104449
-3.3111494,-3.3233733,-1.0094525
-3.3101237,-3.3241656,-1.00846
-3.309098,-3.3249578,-1.0074676
-3.3080723,-3.32575,-1.0064752
-3.3070467,-3.3265424,-1.0054828
-3.306021,-3.3273346,-1.0044904
-3.3049953,-3.328127,-1.003498
-3.3039696,-3.3289192,-1.0025055
-3.302944,-3.3297114,-1.0015131
-3.3019183,-3.3305037,-1.0005207
-3.3008926,-3.331296,-0.9995283
-3.299867,-3.3320882,-0.9985359
-3.2988412,-3.3328805,-0.99754345
-3.2978156,-3.3336728,-0.99655104
-3.29679,-3.334465,-0.9955586
-3.2957642,-3.3352573,-0.9945662
-3.2947385,-3.3360496,-0.9935738
-3.2937129,-3.3368418,-0.99258137
-3.2926872,-3.337634,-0.99158895
-3.2916615,-3.3384264,-0.99059653
-3.2906358,-3.3392186,-0.9896041
-3.2896101,-3.340011,-0.9886117
-3.2885845,-3.3408031,-0.9876193
-3.2875588,-3.3415954,-0.98662686
-3.286533,-3.3423877,-0.98563445
-3.2855074,-3.34318,-0.984642
-3.2844818,-3.3439722,-0.9836496
-3.283353,-3.344812,-0.98260015
-3.2822244,-3.3456516,-0.9815507
-3.2810957,-3.3464913,-0.98050123
-3.279967,-3.347331,-0.9794518
-3.2788384,-3.3481708,-0.9784023
-3.2777097,-3.3490105,-0.97735286
-3.276581,-3.3498502,-0.9763034
-3.2754524,-3.35069,-0.97525394
-3.2743237,-3.3515296,-0.9742045
-3.273195,-3.3523693,-0.973155
-3.2720664,-3.353209,-0.97210556
-3.2709377,-3.3540487,-0.9710561
-3.269809,-3.3548884,-0.97000664
-3.2686803,-3.3557281,-0.9689572
-3.2675517,-3.3565679,-0.9679077
-3.266423,-3.3574076,-0.96685827
-3.2652943,-3.3582473,-0.9658088
-3.2641656,-3.359087,-0.96475935
-3.263037,-3.3599267,-0.9637099
-3.2619083,-3.3607664,-0.96266043
-3.2607796,-3.3616061,-0.961611
-3.259651,-3.3624458,-0.9605615
-3.2585223,-3.3632855,-0.95951205
-3.2573936,-3.3641253,-0.9584626
-3.256265,-3.364965,-0.95741314
-3.2551363,-3.3658047,-0.9563637
-3.2540076,-3.3666444,-0.9553142
-3.252879,-3.367484,-0.95426476
-3.2517502,-3.3683238,-0.9532153
-3.2506216,-3.3691635,-0.95216584
-3.249493,-3.3700032,-0.9511164
-3.2483642,-3.370843,-0.9500669
-3.2472355,-3.3716826,-0.94901747
-3.2461069,-3.3725224,-0.947968
-3.2449782,-3.373362,-0.94691855
-3.2438283,-3.3742244,-0.94585836
-3.2426784,-3.3750868,-0.9447982
-3.2415285,-3.3759491,-0.943738
-3.2403786,-3.3768115,-0.9426778
-3.2392287,-3.3776739,-0.9416176
-3.2380788,-3.3785362,-0.9405574
-3.236929,-3.3793986,-0.93949723
-3.235779,-3.380261,-0.93843704
-3.2346292,-3.3811233,-0.93737686
-3.2334793,-3.3819857,-0.93631667
-3.2323294,-3.382848,-0.9352565
-3.2311795,-3.3837104,-0.9341963
-3.2300296,-3.3845727,-0.9331361
-3.2288797,-3.385435,-0.9320759
-3.2277298,-3.3862975,-0.93101573
-3.22658,-3.3871598,-0.92995554
-3.22543,-3.3880222,-0.92889535
-3.22428,-3.3888845,-0.92783517
-3.2231302,-3.389747,-0.926775
-3.2219803,-3.3906093,-0.9257148
-3.2208304,-3.3914716,-0.9246546
-3.2196805,-3.392334,-0.9235944
-3.2185307,-3.3931963,-0.9225342
-3.2173808,-3.3940587,-0.92147404
-3.2162309,-3.394921,-0.92041385
-3.215081,-3.3957834,-0.91935366
-3.213931,-3.3966458,-0.9182935
-3.2127812,-3.3975081,-0.9172333
-3.2116313,-3.3983705,-0.9161731
-3.2104814,-3.3992329,-0.9151129
-3.2093315,-3.4000952,-0.9140527
-3.2081816,-3.4009576,-0.91299254
-3.2070317,-3.40182,-0.91193235
-3.2058818,-3.4026823,-0.91087216
-3.2048302,-3.4034715,-0.9099054
-3.2037785,-3.4042606,-0.9089386
-3.2027268,-3.4050498,-0.9079718
-3.2016752,-3.405839,-0.907005
-3.2006235,-3.4066281,-0.9060382
-3.1995718,-3.4074173,-0.90507144
-3.1985202,-3.4082065,-0.90410465
-3.1974685,-3.4089956,-0.90313786
-3.1964169,-3.4097848,-0.9021711
-3.1953652,-3.410574,-0.9012043
-3.1943135,-3.4113631,-0.9002375
-3.1932619,-3.4121523,-0.8992707
-3.1922102,-3.4129415,-0.8983039
-3.1911585,-3.4137306,-0.89733714
-3.1901069,-3.4145198,-0.89637035
-3.1890552,-3.415309,-0.89540356
-3.1880035,-3.416098,-0.8944368
-3.1869519,-3.4168873,-0.89347
-3.1859002,-3.4176764,-0.8925032
-3.1848485,-3.4184656,-0.8915364
-3.183797,-3.4192548,-0.8905696
-3.1827452,-3.420044,-0.88960284
-3.1816936,-3.420833,-0.88863605
-3.180642,-3.4216223,-0.88766927
-3.1795902,-3.4224114,-0.8867025
-3.1785386,-3.4232006,-0.8857357
-3.177487,-3.4239898,-0.8847689
-3.1764352,-3.424779,-0.8838021
-3.1753836,-3.425568,-0.8828353
-3.174332,-3.4263573,-0.88186854
-3.1732802,-3.4271464,-0.88090175
-3.1722286,-3.4279356,-0.87993497
-3.171177,-3.4287248,-0.8789682
-3.1701252,-3.429514,-0.8780014
-3.1690736,-3.430303,-0.8770346
-3.168022,-3.4310923,-0.8760678
-3.167001,-3.431945,-0.87501556
-3.16598,-3.432798,-0.8739633
-3.1649592,-3.4336507,-0.87291104
-3.1639383,-3.4345036,-0.8718588
-3.1629174,-3.4353564,-0.8708065
-3.1618965,-3.4362092,-0.86975425
-3.1608756,-3.437062,-0.868702
-3.1598547,-3.4379148,-0.86764973
-3.1588337,-3.4387677,-0.8665975
-3.1578128,-3.4396205,-0.8655452
-3.156792,-3.4404733,-0.86449295
-3.155771,-3.4413261,-0.8634407
-3.15475,-3.442179,-0.86238843
-3.1537292,-3.4430318,-0.8613362
-3.1527083,-3.4438846,-0.8602839
-3.1516874,-3.4447374,-0.85923165
-3.1506665,-3.4455903,-0.8581794
-3.1496456,-3.446443,-0.85712713
-3.1486247,-3.447296,-0.85607487
-3.1476038,-3.4481487,-0.8550226
-3.1465828,-3.4490016,-0.85397035
-3.145562,-3.4498544,-0.8529181
-3.144541,-3.4507072,-0.8518658
-3.14352,-3.45156,-0.85081357
-3.1424992,-3.4524128,-0.8497613
-3.1414783,-3.4532657,-0.84870905
-3.1404574,-3.4541185,-0.8476568
-3.1394365,-3.4549713,-0.8466045
-3.1384156,-3.4558241,-0.84555227
-3.1373947,-3.456677,-0.8445
-3.1363738,-3.4575298,-0.84344774
-3.1353528,-3.4583826,-0.8423955
-3.134332,-3.4592354,-0.8413432
-3.133311,-3.4600883,-0.84029096
-3.132349,-3.4609005,-0.83929735
-3.131387,-3.4617128,-0.83830374
-3.130425,-3.4625251,-0.83731014
-3.129463,-3.4633374,-0.8363165
-3.128501,-3.4641497,-0.8353229
-3.127539,-3.464962,-0.8343293
-3.126577,-3.4657743,-0.8333357
-3.125615,-3.4665866,-0.8323421
-3.1246529,-3.467399,-0.8313485
-3.1236908,-3.4682112,-0.83035487
-3.1227288,-3.4690235,-0.82936126
-3.1217668,-3.4698358,-0.82836765
-3.1208048,-3.470648,-0.82737404
-3.1198428,-3.4714603,-0.82638043
-3.1188807,-3.4722726,-0.8253868
-3.1179187,-3.473085,-0.8243932
-3.1169567,-3.4738972,-0.8233996
-3.1159947,-3.4747095,-0.822406
-3.1150327,-3.4755218,-0.8214124
-3.1140707,-3.476334,-0.8204188
-3.1131086,-3.4771464,-0.81942517
-3.1121466,-3.4779587,-0.81843156
-3.1111846,-3.478771,-0.81743795
-3.1102226,-3.4795833,-0.81644434
-3.1092606,-3.4803956,-0.8154507
-3.1082985,-3.4812078,-0.8144571
-3.1073365,-3.4820201,-0.8134635
-3.1063745,-3.4828324,-0.8124699
-3.1054125,-3.4836447,-0.8114763
-3.1044505,-3.484457,-0.8104827
-3.1034884,-3.4852693,-0.8094891
-3.1025264,-3.4860816,-0.80849546
-3.1015644,-3.486894,-0.80750185
-3.1006024,-3.4877062,-0.80650824
-3.0996404,-3.4885185,-0.80551463
-3.0986784,-3.4893308,-0.804521
-3.0977788,-3.4901156,-0.80354124
-3.0968792,-3.4909005,-0.80256146
-3.0959797,-3.4916854,-0.8015817
-3.0950801,-3.4924703,-0.8006019
-3.0941806,-3.4932551,-0.7996221
-3.093281,-3.49404,-0.79864234
-3.0923815,-3.494825,-0.79766256
-3.091482,-3.4956098,-0.7966828
-3.0905824,-3.4963946,-0.795703
-3.0896828,-3.4971795,-0.7947232
-3.0887833,-3.4979644,-0.79374343
-3.0878837,-3.4987493,-0.79276365
-3.0869842,-3.4995341,-0.79178387
-3.0860846,-3.500319,-0.7908041
-3.085185,-3.5011039,-0.7898243
-3.0842855,-3.5018888,-0.7888445
-3.083386,-3.5026736,-0.78786474
-3.0824864,-3.5034585,-0.78688496
-3.0815868,-3.5042434,-0.7859052
-3.0806873,-3.5050282,-0.7849254
-3.0797877,-3.5058131,-0.7839456
-3.0788882,-3.506598,-0.78296584
-3.0779886,-3.5073829,-0.78198606
-3.077089,-3.5081677,-0.7810063
-3.0761895,-3.5089526,-0.7800265
-3.07529,-3.5097375,-0.7790467
-3.0743904,-3.5105224,-0.77806693
-3.0734909,-3.5113072,-0.77708715
-3.0725913,-3.512092,-0.7761074
-3.0716918,-3.512877,-0.7751276
-3.0707922,-3.5136619,-0.7741478
-3.0698926,-3.5144467,-0.773168
-3.068993,-3.5152316,-0.77218825
-3.0680935,-3.5160165,-0.77120847
-3.0673347,-3.516693,-0.7703514
-3.0665758,-3.5173697,-0.76949435
-3.0658169,-3.5180464,-0.7686373
-3.065058,-3.518723,-0.76778024
-3.064299,-3.5193996,-0.7669232
-3.0635402,-3.5200763,-0.76606613
-3.0627813,-3.520753,-0.7652091
-3.0620224,-3.5214295,-0.764352
-3.0612636,-3.5221062,-0.76349497
-3.0605047,-3.5227828,-0.7626379
-3.0597458,-3.5234594,-0.76178086
-3.058987,-3.524136,-0.7609238
-3.058228,-3.5248127,-0.76006675
-3.0574691,-3.5254893,-0.7592097
-3.0567102,-3.526166,-0.75835264
-3.0559514,-3.5268426,-0.7574956
-3.0551925,-3.5275192,-0.7566385
-3.0544336,-3.5281959,-0.7557815
-3.0536747,-3.5288725,-0.7549244
-3.0529158,-3.5295491,-0.75406736
-3.052157,-3.5302258,-0.7532103
-3.051398,-3.5309024,-0.75235325
-3.0506392,-3.531579,-0.7514962
-3.0498803,-3.5322556,-0.75063914
-3.0491214,-3.5329323,-0.7497821
-3.0483625,-3.533609,-0.74892503
-3.0476036,-3.5342855,-0.748068
-3.0468447,-3.5349622,-0.7472109
-3.0460858,-3.5356388,-0.74635386
-3.045327,-3.5363154,-0.7454968
-3.044568,-3.536992,-0.74463975
-3.0438092,-3.5376687,-0.7437827
-3.0430503,-3.5383453,-0.74292564
-3.0422914,-3.539022,-0.7420686
-3.0415325,-3.5396986,-0.74121153
-3.0407736,-3.5403752,-0.7403545
-3.0401146,-3.540977,-0.73958766
-3.0394557,-3.5415788,-0.73882085
-3.0387967,-3.5421805,-0.73805404
-3.0381377,-3.5427823,-0.7372872
-3.0374787,-3.543384,-0.7365204
-3.0368197,-3.5439858,-0.7357536
-3.0361607,-3.5445876,-0.7349868
-3.0355017,-3.5451894,-0.73421997
-3.0348427,-3.5457911,-0.73345315
-3.0341837,-3.546393,-0.73268634
-3.0335248,-3.5469947,-0.7319195
-3.0328658,-3.5475965,-0.7311527
-3.0322068,-3.5481982,-0.7303859
-3.0315478,-3.5488,-0.7296191
-3.0308888,-3.5494018,-0.7288523
-3.0302298,-3.5500035,-0.72808546
-3.0295708,-3.5506053,-0.72731864
-3.0289118,-3.551207,-0.72655183
-3.0282528,-3.5518088,-0.725785
-3.0275939,-3.5524106,-0.7250182
-3.0269349,-3.5530124,-0.7242514
-3.0262759,-3.5536141,-0.7234846
-3.025617,-3.554216,-0.72271776
-3.024958,-3.5548177,-0.72195095
-3.024299,-3.5554194,-0.72118413
-3.02364,-3.5560212,-0.7204173
-3.022981,-3.556623,-0.7196505
-3.022322,-3.5572248,-0.7188837
-3.021663,-3.5578265,-0.7181169
-3.021004,-3.5584283,-0.71735007
-3.020345,-3.55903,-0.71658325
-3.019686,-3.5596318,-0.71581644
-3.019027,-3.5602336,-0.7150496
-3.018368,-3.5608354,-0.7142828
-3.0177255,-3.5613961,-0.71356875
-3.017083,-3.561957,-0.7128547
-3.0164404,-3.5625176,-0.7121406
-3.0157979,-3.5630784,-0.71142656
-3.0151553,-3.5636392,-0.7107125
-3.0145128,-3.5642,-0.7099984
-3.0138702,-3.5647607,-0.70928437
-3.0132277,-3.5653214,-0.7085703
-3.0125852,-3.5658822,-0.70785624
-3.0119426,-3.566443,-0.7071422
-3.0113,-3.5670037,-0.7064281
-3.0106575,-3.5675645,-0.70571405
-3.010015,-3.5681252,-0.705
-3.0093725,-3.568686,-0.7042859
-3.00873,-3.5692468,-0.70357186
-3.0080874,-3.5698075,-0.7028578
-3.0074449,-3.5703683,-0.7021437
-3.0068023,-3.570929,-0.70142967
-3.0061598,-3.5714898,-0.7007156
-3.0055172,-3.5720506,-0.70000154
-3.0048747,-3.5726113,-0.6992875
-3.0042322,-3.573172,-0.6985734
-3.0035896,-3.5737329,-0.69785935
-3.002947,-3.5742936,-0.6971453
-3.0023046,-3.5748544,-0.6964312
-3.001662,-3.5754151,-0.69571716
-3.0010195,-3.575976,-0.6950031
-3.000377,-3.5765367,-0.694289
-2.9997344,-3.5770974,-0.69357497
-2.9986553,-3.5781178,-0.6922565
-2.9975762,-3.5791383,-0.69093806
-2.9964972,-3.5801587,-0.6896196
-2.995418,-3.5811791,-0.68830115
-2.994339,-3.5821996,-0.6869827
-2.99326,-3.58322,-0.68566424
-2.9921808,-3.5842404,-0.6843458
-2.9911017,-3.5852609,-0.6830273
-2.9900227,-3.5862813,-0.6817089
-2.9889436,-3.5873017,-0.6803904
-2.9878645,-3.5883222,-0.67907196
-2.9867854,-3.5893426,-0.6777535
-2.9857063,-3.590363,-0.67643505
-2.9846272,-3.5913835,-0.6751166
-2.9835482,-3.592404,-0.67379814
-2.982469,-3.5934243,-0.6724797
-2.98139,-3.5944448,-0.67116123
-2.980342,-3.595385,-0.66995126
-2.9792938,-3.5963254,-0.6687413
-2.9782457,-3.5972657,-0.6675313
-2.9771976,-3.598206,-0.66632134
-2.9761496,-3.5991464,-0.66511136
-2.9751015,-3.6000867,-0.6639014
-2.9740534,-3.601027,-0.6626914
-2.9730053,-3.6019673,-0.66148144
-2.9719572,-3.6029077,-0.66027147
-2.970909,-3.603848,-0.6590615
-2.969861,-3.6047883,-0.6578515
-2.968813,-3.6057286,-0.65664154
-2.9677649,-3.606669,-0.65543157
-2.9667168,-3.6076093,-0.6542216
-2.9656687,-3.6085496,-0.6530116
-2.9646206,-3.60949,-0.65180165
-2.9635725,-3.6104302,-0.6505917
-2.9625244,-3.6113706,-0.6493817
-2.961833,-3.6120486,-0.64850515
-2.9611416,-3.6127267,-0.6476286
-2.9604502,-3.6134048,-0.64675206
-2.9597588,-3.6140828,-0.6458755
-2.9590673,-3.6147609,-0.64499897
-2.958376,-3.615439,-0.6441224
-2.9576845,-3.616117,-0.6432459
-2.956993,-3.616795,-0.64236933
-2.9563017,-3.6174731,-0.6414928
-2.9556103,-3.6181512,-0.64061624
-2.9549189,-3.6188293,-0.6397397
-2.9542274,-3.6195073,-0.63886315
-2.953536,-3.6201854,-0.6379866
-2.9528446,-3.6208634,-0.63711005
-2.9521532,-3.6215415,-0.6362335
-2.9514618,-3.6222196,-0.63535696
-2.9507704,-3.6228976,-0.6344804
-2.95019,-3.623436,-0.6337841
-2.9496098,-3.6239743,-0.6330878
-2.9490294,-3.6245127,-0.6323915
-2.9484491,-3.625051,-0.6316952
-2.9478688,-3.6255894,-0.6309989
-2.9472885,-3.6261277,-0.6303026
-2.9467082,-3.626666,-0.6296063
-2.946128,-3.6272044,-0.62891
-2.9455476,-3.6277428,-0.6282137
-2.9449673,-3.628281,-0.6275174
-2.944387,-3.6288195,-0.6268211
-2.9438066,-3.6293578,-0.6261248
-2.9432263,-3.6298962,-0.6254285
-2.942646,-3.6304345,-0.6247322
-2.9420657,-3.6309729,-0.6240359
-2.9414854,-3.6315112,-0.6233396
-2.940905,-3.6320496,-0.6226433
-2.940272,-3.632679,-0.62181914
-2.939639,-3.6333084,-0.620995
-2.939006,-3.6339378,-0.62017083
-2.938373,-3.6345673,-0.6193467
-2.93774,-3.6351967,-0.6185225
-2.937107,-3.635826,-0.6176984
-2.936474,-3.6364555,-0.6168742
-2.935841,-3.637085,-0.61605006
-2.935208,-3.6377144,-0.6152259
-2.934575,-3.6383438,-0.61440176
-2.933942,-3.6389732,-0.6135776
-2.933309,-3.6396027,-0.61275345
-2.932556,-3.6403222,-0.6118213
-2.9318027,-3.6410418,-0.61088914
-2.9310496,-3.6417613,-0.609957
-2.9302964,-3.6424809,-0.6090248
-2.9295433,-3.6432004,-0.60809267
-2.92879,-3.64392,-0.6071605
-2.928037,-3.6446395,-0.60622835
-2.9272838,-3.645359,-0.6052962
-2.9265306,-3.6460786,-0.60436404
-2.9257774,-3.6467981,-0.6034319
-2.9250243,-3.6475177,-0.6024997
-2.9242706,-3.6482372,-0.6015678
-2.9235168,-3.6489568,-0.600636
-2.9227629,-3.6496763,-0.5997042
-2.922009,-3.6503959,-0.5987724
-2.921255,-3.6511154,-0.5978406
-2.9205012,-3.651835,-0.5969088
-2.9197474,-3.6525545,-0.595977
-2.9189935,-3.653274,-0.5950452
-2.9182396,-3.6539936,-0.5941134
-2.9174857,-3.6547132,-0.5931816
-2.9167318,-3.6554327,-0.5922498
-2.915978,-3.6561522,-0.591318
-2.915224,-3.6568723,-0.59038645
-2.9144702,-3.6575925,-0.589455
-2.9137163,-3.6583128,-0.58852357
-2.9129624,-3.659033,-0.5875921
-2.9122086,-3.6597533,-0.5866607
-2.9114547,-3.6604736,-0.58572924
-2.9107008,-3.6611938,-0.5847978
-2.909947,-3.661914,-0.58386636
-2.909193,-3.6626344,-0.5829349
-2.9084392,-3.6633546,-0.5820035
-2.9076853,-3.664075,-0.58107203
-2.9069712,-3.664766,-0.5801776
-2.9063368,-3.665399,-0.5793572
-2.9057024,-3.666032,-0.5785368
-2.905068,-3.666665,-0.5777164
-2.9044335,-3.667298,-0.576896
-2.903799,-3.667931,-0.5760756
-2.9031646,-3.668564,-0.5752552
-2.9025302,-3.669197,-0.5744348
-2.9018958,-3.66983,-0.5736144
-2.9012613,-3.670463,-0.572794
-2.9007065,-3.671038,-0.5720474
-2.9001915,-3.6715837,-0.5713377
-2.8996766,-3.6721294,-0.570628
-2.8991616,-3.6726751,-0.5699183
-2.8986466,-3.6732209,-0.56920856
-2.8981316,-3.6737666,-0.56849885
-2.8976166,-3.6743124,-0.56778914
-2.8971016,-3.674858,-0.5670794
-2.8965867,-3.6754038,-0.5663697
-2.8960717,-3.6759496,-0.56566
-2.8955567,-3.6764953,-0.5649503
-2.8950417,-3.6770413,-0.5642408
-2.8945267,-3.6775877,-0.5635318
-2.8940117,-3.6781342,-0.5628228
-2.8934968,-3.6786807,-0.5621138
-2.8929818,-3.679227,-0.5614048
-2.8924668,-3.6797736,-0.5606958
-2.8919518,-3.68032,-0.5599868
-2.8914368,-3.6808665,-0.55927783
-2.8909218,-3.681413,-0.55856884
-2.8904068,-3.6819594,-0.55785984
-2.8898919,-3.6825058,-0.55715084
-2.8893769,-3.6830523,-0.55644184
-2.8888185,-3.6836035,-0.5557317
-2.8881733,-3.6841643,-0.5550193
-2.8875282,-3.684725,-0.5543069
-2.886883,-3.6852858,-0.5535945
-2.8862379,-3.6858466,-0.55288213
-2.8855927,-3.6864073,-0.55216974
-2.8849475,-3.686968,-0.55145735
-2.8843024,-3.6875288,-0.55074495
-2.8836572,-3.6880896,-0.55003256
-2.883012,-3.6886504,-0.54932016
-2.882367,-3.6892111,-0.54860777
-2.8817217,-3.689772,-0.5478954
-2.8811142,-3.6904404,-0.54702276
-2.8805068,-3.691109,-0.54615015
-2.8798993,-3.6917775,-0.54527754
-2.8792918,-3.692446,-0.5444049
-2.8786843,-3.6931145,-0.5435323
-2.8780768,-3.693783,-0.5426597
-2.8774693,-3.6944516,-0.5417871
-2.8768618,-3.69512,-0.5409145
-2.876211,-3.6957934,-0.54004097
-2.8756251,-3.696309,-0.539384
-2.8750393,-3.6968248,-0.53872705
-2.8744535,-3.6973405,-0.5380701
-2.8738678,-3.6978562,-0.5374131
-2.873282,-3.698372,-0.53675616
-2.8726962,-3.6988876,-0.5360992
-2.8721104,-3.6994033,-0.53544223
-2.8715246,-3.699919,-0.5347853
-2.8709388,-3.7004347,-0.5341283
-2.870353,-3.7009504,-0.53347135
-2.8697672,-3.701466,-0.5328144
-2.8691413,-3.7020118,-0.5321212
-2.8684955,-3.7025726,-0.53140986
-2.8678496,-3.7031333,-0.53069854
-2.8672037,-3.703694,-0.5299872
-2.8665578,-3.7042549,-0.5292759
-2.865912,-3.7048156,-0.5285646
-2.865266,-3.7053764,-0.52785325
-2.8646202,-3.7059371,-0.5271419
-2.8639743,-3.706498,-0.5264306
-2.8633285,-3.7070587,-0.5257193
-2.8626826,-3.7076194,-0.52500796
-2.862017,-3.7081954,-0.52427864
-2.8613117,-3.708802,-0.5235133
-2.8606064,-3.7094085,-0.522748
-2.8599012,-3.710015,-0.52198267
-2.859196,-3.7106216,-0.52121735
-2.8584907,-3.7112281,-0.520452
-2.8577855,-3.7118347,-0.5196867
-2.8570802,-3.7124412,-0.5189214
-2.856375,-3.7130477,-0.51815605
-2.8556697,-3.7136543,-0.5173907
-2.8549645,-3.7142608,-0.5166254
-2.8542593,-3.7148674,-0.5158601
-2.8535812,-3.7155092,-0.515042
-2.8529575,-3.7162216,-0.51411843
-2.8523338,-3.716934,-0.51319486
-2.85171,-3.7176464,-0.5122713
-2.8510864,-3.7183588,-0.5113477
-2.8504627,-3.7190711,-0.51042414
-2.849839,-3.7197835,-0.50950056
-2.8492153,-3.720496,-0.508577
-2.8485916,-3.7212083,-0.5076534
-2.8479679,-3.7219207,-0.50672984
-2.847337,-3.722582,-0.5058766
-2.8467026,-3.723218,-0.5050585
-2.8460681,-3.7238538,-0.50424045
-2.8454337,-3.7244897,-0.5034224
-2.8447993,-3.7251256,-0.5026043
-2.8441648,-3.7257614,-0.50178623
-2.8435304,-3.7263973,-0.50096816
-2.842896,-3.7270331,-0.5001501
-2.8422616,-3.727669,-0.49933192
-2.8416271,-3.7283049,-0.49851376
-2.8409927,-3.7289407,-0.4976956
-2.8403382,-3.7295914,-0.49685925
-2.8396437,-3.7302716,-0.49598655
-2.8389492,-3.7309518,-0.49511385
-2.8382547,-3.731632,-0.49424115
-2.8375602,-3.7323122,-0.49336845
-2.8368657,-3.7329924,-0.49249575
-2.8361712,-3.7336726,-0.49162304
-2.8354766,-3.7343528,-0.49075034
-2.8347821,-3.735033,-0.48987764
-2.8340876,-3.7357132,-0.48900494
-2.833393,-3.7363935,-0.48813224
-2.8326986,-3.7370737,-0.48725954
-2.832122,-3.7376652,-0.48649734
-2.8315456,-3.7382567,-0.48573515
-2.830969,-3.7388482,-0.48497295
-2.8303926,-3.7394397,-0.48421076
-2.829816,-3.7400312,-0.48344857
-2.8292396,-3.7406228,-0.48268637
-2.828663,-3.7412143,-0.48192418
-2.8280866,-3.7418058,-0.48116198
-2.82751,-3.7423973,-0.4803998
-2.8269336,-3.7429888,-0.4796376
-2.8263571,-3.7435803,-0.4788754
-2.8257806,-3.7441719,-0.4781132
-2.8252141,-3.7448385,-0.4772448
-2.8246477,-3.745505,-0.47637638
-2.8240812,-3.7461717,-0.47550797
-2.8235147,-3.7468383,-0.47463956
-2.8229482,-3.747505,-0.47377115
-2.8223817,-3.7481716,-0.47290275
-2.8218153,-3.7488382,-0.47203434
-2.8212488,-3.7495048,-0.47116593
-2.8206823,-3.7501714,-0.47029752
-2.8201158,-3.750838,-0.4694291
-2.8195493,-3.7515047,-0.4685607
-2.8189423,-3.7522008,-0.46765658
-2.818315,-3.7529118,-0.46673462
-2.8176877,-3.7536228,-0.46581265
-2.8170605,-3.7543337,-0.4648907
-2.8164332,-3.7550447,-0.46396872
-2.815806,-3.7557557,-0.46304676
-2.8151786,-3.7564666,-0.4621248
-2.8145514,-3.7571776,-0.46120283
-2.813924,-3.7578886,-0.46028087
-2.8132968,-3.7585995,-0.4593589
-2.8126695,-3.7593105,-0.45843694
-2.8120422,-3.7600214,-0.45751497
-2.8112876,-3.760771,-0.4565551
-2.8104694,-3.76154,-0.45557627
-2.8096511,-3.7623088,-0.45459744
-2.808833,-3.7630777,-0.45361862
-2.8080146,-3.7638466,-0.4526398
-2.8071964,-3.7646155,-0.45166096
-2.8063781,-3.7653844,-0.45068213
-2.8055599,-3.7661533,-0.4497033
-2.8047416,-3.7669222,-0.44872448
-2.8039234,-3.7676911,-0.44774565
-2.803105,-3.76846,-0.44676682
-2.8022633,-3.769218,-0.445805
-2.8013742,-3.769954,-0.44487724
-2.8004851,-3.77069,-0.44394946
-2.799596,-3.771426,-0.44302168
-2.798707,-3.772162,-0.4420939
-2.797818,-3.772898,-0.44116613
-2.796929,-3.773634,-0.44023836
-2.7960398,-3.77437,-0.43931058
-2.7951508,-3.775106,-0.4383828
-2.7942617,-3.775842,-0.43745503
-2.7933726,-3.776578,-0.43652725
-2.7924836,-3.777314,-0.43559948
-2.7915943,-3.7780497,-0.43467188
-2.7907045,-3.778785,-0.43374464
-2.7898147,-3.7795203,-0.4328174
-2.788925,-3.7802556,-0.43189016
-2.7880352,-3.7809908,-0.43096292
-2.7871454,-3.7817261,-0.43003568
-2.7862556,-3.7824614,-0.42910844
-2.7853658,-3.7831967,-0.4281812
-2.784476,-3.783932,-0.42725396
-2.7835624,-3.7846572,-0.42634457
-2.782601,-3.7853625,-0.4254709
-2.7816398,-3.7860677,-0.4245972
-2.7806785,-3.786773,-0.42372352
-2.7797172,-3.7874782,-0.42284983
-2.778756,-3.7881835,-0.42197615
-2.7777946,-3.7888887,-0.42110246
-2.7768333,-3.789594,-0.42022878
-2.775872,-3.7902992,-0.4193551
-2.7749107,-3.7910044,-0.4184814
-2.7739494,-3.7917097,-0.41760772
-2.772988,-3.792415,-0.41673404
-2.7719471,-3.793179,-0.41578725
-2.771147,-3.793767,-0.41505858
-2.7703469,-3.794355,-0.41432992
-2.7695467,-3.7949429,-0.41360125
-2.7687466,-3.7955308,-0.41287258
-2.7679465,-3.7961187,-0.41214392
-2.7671463,-3.7967067,-0.41141525
-2.7663462,-3.7972946,-0.41068658
-2.765546,-3.7978826,-0.40995792
-2.764746,-3.7984705,-0.40922925
-2.7639458,-3.7990584,-0.40850058
-2.7631457,-3.7996464,-0.40777192
-2.7623456,-3.8002343,-0.40704325
-2.7615454,-3.8008223,-0.40631458
-2.7607453,-3.8014102,-0.4055859
-2.7599452,-3.8019981,-0.40485725
-2.759145,-3.802586,-0.40412858
-2.7582855,-3.8032186,-0.40334496
-2.7573667,-3.8038957,-0.40250638
-2.7564478,-3.8045728,-0.4016678
-2.755529,-3.80525,-0.40082923
-2.75461,-3.805927,-0.39999065
-2.7536912,-3.8066041,-0.39915207
-2.7527723,-3.8072813,-0.3983135
-2.7518535,-3.8079584,-0.3974749
-2.7509346,-3.8086355,-0.39663634
-2.7500157,-3.8093126,-0.39579776
-2.7490969,-3.8099897,-0.39495918
-2.748178,-3.8106668,-0.3941206
-2.7472591,-3.811344,-0.39328203
-2.7463403,-3.812021,-0.39244345
-2.7454214,-3.8126981,-0.39160487
-2.7445025,-3.8133752,-0.3907663
-2.7435837,-3.8140523,-0.38992772
-2.7426648,-3.8147295,-0.38908914
-2.7416272,-3.8154953,-0.38813993
-2.7405896,-3.816261,-0.38719073
-2.739552,-3.8170269,-0.38624153
-2.7385144,-3.8177927,-0.38529232
-2.7374768,-3.8185585,-0.38434312
-2.7364392,-3.8193243,-0.3833939
-2.7354016,-3.82009,-0.3824447
-2.734364,-3.8208559,-0.3814955
-2.7333264,-3.8216217,-0.3805463
-2.7322888,-3.8223875,-0.3795971
-2.7312512,-3.8231533,-0.3786479
-2.7302136,-3.823919,-0.3776987
-2.729176,-3.8246849,-0.3767495
-2.7281384,-3.8254507,-0.37580028
-2.7271008,-3.8262165,-0.37485108
-2.7260633,-3.8269823,-0.37390187
-2.7250257,-3.827748,-0.37295267
-2.7240295,-3.8284853,-0.3720391
-2.7230334,-3.8292224,-0.37112555
-2.7220373,-3.8299596,-0.370212
-2.7210412,-3.8306968,-0.36929843
-2.720045,-3.831434,-0.36838487
-2.719049,-3.8321712,-0.3674713
-2.7180529,-3.8329084,-0.36655775
-2.7170568,-3.8336456,-0.3656442
-2.7160606,-3.8343828,-0.36473063
-2.7150645,-3.83512,-0.36381707
-2.7140684,-3.8358572,-0.3629035
-2.7130723,-3.8365943,-0.36198995
-2.7120762,-3.8373315,-0.36107638
-2.71108,-3.8380687,-0.36016282
-2.710084,-3.838806,-0.35924926
-2.7090878,-3.839543,-0.3583357
-2.7080917,-3.8402803,-0.35742214
-2.7070956,-3.8410175,-0.35650858
-2.7059813,-3.8418443,-0.35548517
-2.704867,-3.8426712,-0.35446176
-2.7037525,-3.843498,-0.35343835
-2.7026381,-3.8443248,-0.35241494
-2.7015238,-3.8451517,-0.35139152
-2.7004094,-3.8459785,-0.3503681
-2.699295,-3.8468053,-0.3493447
-2.6981807,-3.8476322,-0.3483213
-2.6970663,-3.848459,-0.34729788
-2.695952,-3.8492858,-0.34627447
-2.6948376,-3.8501127,-0.34525105
-2.6937232,-3.8509395,-0.34422764
-2.6926088,-3.8517663,-0.34320423
-2.6914945,-3.8525932,-0.34218082
-2.69038,-3.85342,-0.3411574
-2.6892657,-3.8542469,-0.340134
-2.6881514,-3.8550737,-0.33911058
-2.6869597,-3.855962,-0.33801344
-2.6857681,-3.8568504,-0.3369163
-2.6845765,-3.8577387,-0.33581915
-2.683385,-3.858627,-0.334722
-2.6821933,-3.8595154,-0.33362487
-2.6810017,-3.8604038,-0.33252773
-2.67981,-3.8612921,-0.33143058
-2.6786184,-3.8621805,-0.33033344
-2.6774268,-3.8630688,-0.3292363
-2.6762352,-3.8639572,-0.32813916
-2.6750436,-3.8648455,-0.327042
-2.673852,-3.8657339,-0.32594487
-2.6726604,-3.8666222,-0.32484773
-2.6714687,-3.8675106,-0.3237506
-2.670277,-3.868399,-0.32265344
-2.6690855,-3.8692873,-0.3215563
-2.667894,-3.8701756,-0.32045916
-2.6666627,-3.8710945,-0.31932554
-2.6654315,-3.8720133,-0.31819192
-2.6642003,-3.8729322,-0.3170583
-2.662969,-3.873851,-0.31592467
-2.661738,-3.87477,-0.31479105
-2.6605067,-3.8756888,-0.31365743
-2.6592755,-3.8766077,-0.3125238
-2.6580443,-3.8775265,-0.3113902
-2.6568131,-3.8784454,-0.31025657
-2.655582,-3.8793643,-0.30912295
-2.6543508,-3.880283,-0.30798933
-2.6531196,-3.881202,-0.3068557
-2.6518884,-3.8821208,-0.3057221
-2.6506572,-3.8830397,-0.30458847
-2.649426,-3.8839586,-0.30345485
-2.6481948,-3.8848774,-0.30232123
-2.6469636,-3.8857963,-0.3011876
-2.6457324,-3.8867152,-0.30005398
-2.6450768,-3.887204,-0.29945096
-2.644421,-3.8876927,-0.29884794
-2.6437654,-3.8881814,-0.29824492
-2.6431098,-3.8886702,-0.2976419
-2.6424541,-3.889159,-0.29703888
-2.6417985,-3.8896477,-0.29643586
-2.6411428,-3.8901365,-0.29583284
-2.6404872,-3.8906252,-0.29522982
-2.6398315,-3.891114,-0.2946268
-2.639176,-3.8916028,-0.29402378
-2.6385202,-3.8920915,-0.29342076
-2.6378646,-3.8925803,-0.29281774
-2.637209,-3.893069,-0.29221472
-2.6365533,-3.8935578,-0.2916117
-2.6358976,-3.8940465,-0.29100868
-2.635242,-3.8945353,-0.29040566
-2.6345863,-3.895024,-0.28980264
-2.6339307,-3.8955128,-0.28919962
-2.633275,-3.8960016,-0.2885966
-2.6326194,-3.8964903,-0.28799358
-2.6319637,-3.896979,-0.28739056
-2.631308,-3.8974679,-0.28678754
-2.6306524,-3.8979566,-0.28618452
-2.6299968,-3.8984454,-0.2855815
-2.6293411,-3.8989341,-0.28497848
-2.6286855,-3.899423,-0.28437546
-2.6280298,-3.8999116,-0.28377244
-2.6273742,-3.9004004,-0.28316942
-2.6267185,-3.9008892,-0.2825664
-2.6260629,-3.901378,-0.28196338
-2.6254072,-3.9018667,-0.28136036
-2.6247516,-3.9023554,-0.28075734
-2.624096,-3.9028442,-0.28015432
-2.6234403,-3.903333,-0.2795513
-2.6227849,-3.9038212,-0.27894756
-2.6221294,-3.9043095,-0.27834383
-2.621474,-3.9047978,-0.2777401
-2.6208186,-3.905286,-0.27713636
-2.6201632,-3.9057744,-0.27653262
-2.6195078,-3.9062626,-0.27592888
-2.6188524,-3.906751,-0.27532515
-2.618197,-3.9072392,-0.2747214
-2.6175416,-3.9077275,-0.27411768
-2.6168861,-3.9082158,-0.27351394
-2.6162307,-3.908704,-0.2729102
-2.6155753,-3.9091923,-0.27230647
-2.61492,-3.9096806,-0.27170274
-2.6142645,-3.910169,-0.271099
-2.613609,-3.9106572,-0.27049527
-2.6129537,-3.9111454,-0.26989153
-2.6122983,-3.9116337,-0.2692878
-2.6116428,-3.912122,-0.26868406
-2.6109874,-3.9126103,-0.26808032
-2.610332,-3.9130986,-0.2674766
-2.6096766,-3.9135869,-0.26687285
-2.6090212,-3.9140751,-0.26626912
-2.6083658,-3.9145634,-0.26566538
-2.6077104,-3.9150517,-0.26506165
-2.607055,-3.91554,-0.2644579
-2.6063995,-3.9160283,-0.26385418
-2.6057441,-3.9165165,-0.26325044
-2.6050887,-3.9170048,-0.2626467
-2.6044333,-3.917493,-0.26204297
-2.6037784,-3.917981,-0.26143843
-2.6031234,-3.9184687,-0.2608339
-2.6024685,-3.9189565,-0.26022935
-2.6018136,-3.9194443,-0.2596248
-2.6011586,-3.9199321,-0.25902027
-2.6005037,-3.92042,-0.25841573
-2.5998487,-3.9209077,-0.2578112
-2.5991938,-3.9213955,-0.25720665
-2.5985389,-3.9218833,-0.2566021
-2.597884,-3.9223711,-0.25599757
-2.597229,-3.922859,-0.25539303
-2.596574,-3.9233468,-0.2547885
-2.5959191,-3.9238346,-0.25418395
-2.5952642,-3.9243224,-0.2535794
-2.5946093,-3.9248102,-0.25297487
-2.5939543,-3.925298,-0.25237033
-2.5932994,-3.9257858,-0.2517658
-2.5926445,-3.9262736,-0.25116125
-2.5919895,-3.9267614,-0.2505567
-2.5913346,-3.9272492,-0.24995217
-2.5906796,-3.927737,-0.24934763
-2.5900247,-3.9282248,-0.24874309
-2.5893698,-3.9287126,-0.24813855
-2.5887148,-3.9292004,-0.247534
-2.58806,-3.9296882,-0.24692947
-2.587405,-3.930176,-0.24632493
-2.58675,-3.9306638,-0.24572039
-2.586095,-3.9311516,-0.24511585
-2.5854402,-3.9316394,-0.2445113
-2.5847852,-3.9321272,-0.24390677
-2.5841303,-3.932615,-0.24330223
-2.5834754,-3.9331028,-0.24269769
-2.5828204,-3.9335907,-0.24209315
-2.5821655,-3.9340785,-0.2414886
-2.5815105,-3.9345663,-0.24088407
-2.5803218,-3.9354537,-0.23978314
-2.579133,-3.936341,-0.23868221
-2.5779443,-3.9372284,-0.23758128
-2.5767555,-3.9381158,-0.23648036
-2.5755668,-3.9390032,-0.23537943
-2.574378,-3.9398906,-0.2342785
-2.5731893,-3.940778,-0.23317757
-2.5720005,-3.9416654,-0.23207664
-2.5708117,-3.9425528,-0.23097572
-2.569623,-3.9434402,-0.22987479
-2.5684342,-3.9443276,-0.22877386
-2.5672455,-3.945215,-0.22767293
-2.5660567,-3.9461024,-0.226572
-2.564868,-3.9469898,-0.22547108
-2.5636792,-3.9478772,-0.22437015
-2.5624905,-3.9487646,-0.22326922
-2.5613017,-3.949652,-0.2221683
-2.5600743,-3.9505699,-0.22103025
-2.5588083,-3.9515183,-0.21985509
-2.5575423,-3.9524667,-0.21867992
-2.5562763,-3.9534152,-0.21750475
-2.5550103,-3.9543636,-0.21632959
-2.5537443,-3.955312,-0.21515442
-2.5524783,-3.9562604,-0.21397926
-2.5512123,-3.9572089,-0.2128041
-2.5499463,-3.9581573,-0.21162893
-2.5486803,-3.9591057,-0.21045376
-2.5474143,-3.9600542,-0.2092786
-2.5461483,-3.9610026,-0.20810343
-2.5448823,-3.961951,-0.20692827
-2.5436163,-3.9628994,-0.2057531
-2.5423503,-3.9638479,-0.20457794
-2.5410843,-3.9647963,-0.20340277
-2.5398183,-3.9657447,-0.2022276
-2.5385923,-3.9666636,-0.20108873
-2.5374064,-3.967553,-0.19998613
-2.5362206,-3.9684422,-0.19888353
-2.5350347,-3.9693315,-0.19778094
-2.5338488,-3.9702208,-0.19667834
-2.5326629,-3.97111,-0.19557574
-2.531477,-3.9719994,-0.19447315
-2.530291,-3.9728887,-0.19337055
-2.5291052,-3.973778,-0.19226795
-2.5279193,-3.9746673,-0.19116536
-2.5267334,-3.9755566,-0.19006276
-2.5255475,-3.976446,-0.18896016
-2.5243616,-3.9773352,-0.18785757
-2.5231757,-3.9782245,-0.18675497
-2.5219898,-3.9791138,-0.18565238
-2.520804,-3.980003,-0.18454978
-2.519618,-3.9808924,-0.18344718
-2.5184321,-3.9817817,-0.18234459
-2.5171437,-3.982721,-0.18118604
-2.5164483,-3.9832158,-0.18057878
-2.5157528,-3.9837105,-0.17997153
-2.5150573,-3.9842052,-0.17936428
-2.5143619,-3.9847,-0.17875703
-2.5136664,-3.9851947,-0.17814977
-2.512971,-3.9856894,-0.17754252
-2.5122755,-3.9861841,-0.17693527
-2.51158,-3.9866788,-0.17632802
-2.5108845,-3.9871736,-0.17572077
-2.510189,-3.9876683,-0.17511351
-2.5094936,-3.988163,-0.17450626
-2.5087981,-3.9886577,-0.17389901
-2.5081027,-3.9891524,-0.17329176
-2.5074072,-3.9896472,-0.1726845
-2.5067117,-3.9901419,-0.17207725
-2.5060163,-3.9906366,-0.17147
-2.5053208,-3.9911313,-0.17086275
-2.5046253,-3.991626,-0.1702555
-2.5039299,-3.9921207,-0.16964824
-2.5032344,-3.9926155,-0.169041
-2.502539,-3.9931102,-0.16843374
-2.5018435,-3.993605,-0.16782649
-2.501148,-3.9940996,-0.16721924
-2.5004525,-3.9945943,-0.16661198
-2.499757,-3.995089,-0.16600473
-2.4990616,-3.9955838,-0.16539748
-2.498366,-3.9960785,-0.16479023
-2.4976707,-3.9965732,-0.16418298
-2.4969752,-3.997068,-0.16357572
-2.4962797,-3.9975626,-0.16296847
-2.4955842,-3.9980574,-0.16236122
-2.4948888,-3.998552,-0.16175397
-2.4941933,-3.9990468,-0.16114672
-2.4934943,-3.9995167,-0.16057494
-2.4927952,-3.9999866,-0.16000317
-2.4920962,-4.0004563,-0.1594314
-2.4913971,-4.000926,-0.15885963
-2.490698,-4.0013957,-0.15828785
-2.489999,-4.0018654,-0.15771608
-2.4893,-4.002335,-0.15714431
-2.488601,-4.0028048,-0.15657254
-2.487902,-4.0032744,-0.15600076
-2.487203,-4.003744,-0.15542899
-2.4865038,-4.004214,-0.15485722
-2.4858048,-4.0046835,-0.15428545
-2.4851058,-4.005153,-0.15371367
-2.4844067,-4.005623,-0.1531419
-2.4837077,-4.0060925,-0.15257013
-2.4830086,-4.006562,-0.15199836
-2.4823096,-4.007032,-0.15142658
-2.4816105,-4.0075016,-0.15085481
-2.4809115,-4.0079713,-0.15028304
-2.4802125,-4.008441,-0.14971127
-2.4795134,-4.0089107,-0.1491395
-2.4788144,-4.0093803,-0.14856772
-2.4781153,-4.00985,-0.14799595
-2.4774163,-4.0103197,-0.14742418
-2.4767172,-4.0107894,-0.1468524
-2.4760182,-4.011259,-0.14628063
-2.4753191,-4.011729,-0.14570886
-2.47462,-4.0121984,-0.14513709
-2.473921,-4.012668,-0.14456531
-2.473222,-4.013138,-0.14399354
-2.472523,-4.0136075,-0.14342177
-2.471824,-4.014077,-0.14285
-2.471125,-4.014547,-0.14227822
-2.4704258,-4.0150166,-0.14170645
-2.4697268,-4.0154862,-0.14113468
-2.4690278,-4.015956,-0.1405629
-2.4682496,-4.0164857,-0.13991804
-2.4674714,-4.0170155,-0.13927318
-2.4666932,-4.017545,-0.13862832
-2.465915,-4.018075,-0.13798346
-2.4651368,-4.0186048,-0.1373386
-2.4643586,-4.0191345,-0.13669373
-2.4635804,-4.0196643,-0.13604887
-2.4628022,-4.020194,-0.135404
-2.462024,-4.020724,-0.13475914
-2.4612458,-4.0212536,-0.13411428
-2.4604676,-4.0217834,-0.13346942
-2.4596894,-4.022313,-0.13282456
-2.4589112,-4.022843,-0.13217969
-2.458133,-4.0233727,-0.13153483
-2.4573548,-4.0239024,-0.13088997
-2.4565766,-4.024432,-0.1302451
-2.4557984,-4.024962,-0.12960024
-2.4550202,-4.0254917,-0.12895538
-2.454242,-4.0260215,-0.12831052
-2.4534638,-4.0265512,-0.12766565
-2.4526856,-4.027081,-0.12702079
-2.4519074,-4.027611,-0.12637593
-2.4511292,-4.0281405,-0.12573107
-2.450351,-4.0286703,-0.1250862
-2.4495728,-4.0292,-0.12444133
-2.4487946,-4.02973,-0.12379646
-2.4480164,-4.0302596,-0.12315159
-2.447284,-4.0308084,-0.122472994
-2.4465516,-4.0313573,-0.121794395
-2.4458191,-4.031906,-0.121115796
-2.4450867,-4.032455,-0.1204372
-2.4443543,-4.033004,-0.1197586
-2.4436219,-4.0335526,-0.11908
-2.4428895,-4.0341015,-0.1184014
-2.442157,-4.0346503,-0.1177228
-2.4414246,-4.035199,-0.1170442
-2.4406922,-4.035748,-0.116365604
-2.4399598,-4.036297,-0.115687005
-2.4392273,-4.0368457,-0.11500841
-2.438495,-4.0373945,-0.11432981
-2.4377625,-4.0379434,-0.11365121
-2.43703,-4.038492,-0.11297261
-2.4362977,-4.039041,-0.11229401
-2.4355652,-4.03959,-0.11161541
-2.4348328,-4.0401387,-0.11093681
-2.4341004,-4.0406876,-0.110258214
-2.433368,-4.0412364,-0.109579615
-2.4326355,-4.0417852,-0.10890102
-2.4319031,-4.042334,-0.10822242
-2.4311707,-4.042883,-0.10754382
-2.4304383,-4.0434318,-0.10686522
-2.4297059,-4.0439806,-0.10618662
-2.4289734,-4.0445294,-0.10550802
-2.428241,-4.0450783,-0.10482942
-2.4275086,-4.045627,-0.104150824
-2.4267762,-4.046176,-0.103472225
-2.4260437,-4.046725,-0.10279363
-2.4253113,-4.0472736,-0.10211503
-2.424579,-4.0478225,-0.10143643
-2.4238465,-4.0483713,-0.10075783
-2.423114,-4.04892,-0.10007923
-2.4223816,-4.049469,-0.09940063
-2.4216492,-4.050018,-0.09872203
-2.4209168,-4.0505667,-0.098043434
-2.4201844,-4.0511155,-0.097364835
-2.419452,-4.0516644,-0.09668624
-2.4187195,-4.052213,-0.09600764
-2.417987,-4.052762,-0.09532904
-2.4172547,-4.053311,-0.09465044
-2.4164586,-4.053878,-0.093952134
-2.4156625,-4.054445,-0.09325383
-2.4148664,-4.0550117,-0.09255552
-2.4140704,-4.0555787,-0.09185722
-2.4132743,-4.0561457,-0.09115891
-2.4124782,-4.0567126,-0.090460606
-2.4116821,-4.0572796,-0.0897623
-2.410886,-4.0578465,-0.089063995
-2.41009,-4.0584135,-0.08836569
-2.409294,-4.0589805,-0.08766738
-2.4084978,-4.0595474,-0.08696908
-2.4077017,-4.0601144,-0.08627077
-2.4069057,-4.0606813,-0.085572466
-2.4061096,-4.0612483,-0.08487416
-2.4053135,-4.0618153,-0.084175855
-2.4045174,-4.062382,-0.08347755
-2.4037213,-4.062949,-0.08277924
-2.4029253,-4.063516,-0.08208094
-2.4021292,-4.064083,-0.08138263
-2.401333,-4.06465,-0.08068433
-2.400537,-4.065217,-0.07998602
-2.399741,-4.065784,-0.079287715
-2.3989449,-4.066351,-0.07858941
-2.3981488,-4.066918,-0.077891104
-2.3973527,-4.067485,-0.0771928
-2.3965566,-4.068052,-0.07649449
-2.3957605,-4.068619,-0.07579619
-2.3949833,-4.069171,-0.07511728
-2.394206,-4.069723,-0.07443838
-2.3934288,-4.0702753,-0.073759474
-2.3926516,-4.0708275,-0.07308057
-2.3918743,-4.0713797,-0.072401665
-2.391097,-4.071932,-0.07172276
-2.3903198,-4.072484,-0.07104386
-2.3895426,-4.073036,-0.07036495
-2.3887653,-4.0735884,-0.06968605
-2.387988,-4.0741405,-0.06900714
-2.3872108,-4.0746927,-0.06832824
-2.3864336,-4.075245,-0.067649335
-2.3856564,-4.075797,-0.06697043
-2.384879,-4.0763493,-0.066291526
-2.3841019,-4.0769014,-0.06561262
-2.3833246,-4.0774536,-0.06493372
-2.3825474,-4.078006,-0.06425481
-2.3817701,-4.078558,-0.06357591
-2.380993,-4.07911,-0.062897004
-2.3802156,-4.0796623,-0.062218104
-2.3794384,-4.0802145,-0.061539203
-2.3786612,-4.0807667,-0.060860302
-2.377884,-4.081319,-0.0601814
-2.3771067,-4.081871,-0.0595025
-2.3763294,-4.082423,-0.0588236
-2.3755522,-4.0829754,-0.0581447
-2.374775,-4.0835276,-0.0574658
-2.3739977,-4.0840797,-0.0567869
-2.3732204,-4.084632,-0.056107998
-2.3724432,-4.085184,-0.055429097
-2.371666,-4.0857363,-0.054750197
-2.3708887,-4.0862885,-0.054071296
-2.3701115,-4.0868406,-0.053392395
-2.3693342,-4.087393,-0.052713495
-2.368557,-4.087945,-0.052034594
-2.3677797,-4.088497,-0.051355693
-2.3669627,-4.08908,-0.05064094
-2.3661456,-4.0896626,-0.049926188
-2.3653286,-4.0902452,-0.049211435
-2.3645115,-4.090828,-0.048496682
-2.3636944,-4.0914106,-0.04778193
-2.3628774,-4.0919933,-0.047067177
-2.3620603,-4.092576,-0.046352424
-2.3612432,-4.0931587,-0.04563767
-2.3604262,-4.0937414,-0.044922918
-2.3596091,-4.094324,-0.044208165
-2.358792,-4.094907,-0.043493412
-2.357975,-4.0954895,-0.04277866
-2.357158,-4.096072,-0.042063907
-2.356341,-4.096655,-0.041349154
-2.3555238,-4.0972376,-0.0406344
-2.3547068,-4.0978203,-0.03991965
-2.3538897,-4.098403,-0.039204895
-2.3530726,-4.0989857,-0.038490143
-2.3522556,-4.0995684,-0.03777539
-2.3514385,-4.100151,-0.037060637
-2.3506215,-4.1007338,-0.036345884
-2.3498044,-4.1013165,-0.03563113
-2.3489873,-4.101899,-0.03491638
-2.3481703,-4.102482,-0.034201626
-2.3473532,-4.1030645,-0.033486873
-2.3465362,-4.103647,-0.03277212
-2.345719,-4.10423,-0.032057367
-2.344902,-4.1048126,-0.031342614
-2.344085,-4.1053953,-0.030627863
-2.343268,-4.105978,-0.029913113
-2.3424509,-4.1065607,-0.029198362
-2.3416338,-4.1071434,-0.02848361
-2.3408167,-4.107726,-0.02776886
-2.3399997,-4.108309,-0.027054109
-2.3392031,-4.1088767,-0.026357187
-2.3384066,-4.1094446,-0.025660265
-2.33761,-4.1100125,-0.024963344
-2.3368134,-4.1105804,-0.024266422
-2.336017,-4.1111484,-0.0235695
-2.3352203,-4.1117163,-0.022872578
-2.3344238,-4.112284,-0.022175657
-2.3336272,-4.112852,-0.021478735
-2.3328307,-4.11342,-0.020781813
-2.332034,-4.113988,-0.020084891
-2.3312376,-4.114556,-0.01938797
-2.330441,-4.1151237,-0.018691048
-2.3296444,-4.1156917,-0.017994126
-2.328848,-4.1162596,-0.017297205
-2.3280513,-4.1168275,-0.016600283
-2.3272548,-4.1173954,-0.015903361
-2.3264582,-4.1179633,-0.0152064385
-2.3256617,-4.118531,-0.014509516
-2.324865,-4.119099,-0.013812593
-2.3240685,-4.119667,-0.0131156705
-2.323272,-4.120235,-0.012418748
-2.3224754,-4.120803,-0.011721825
-2.3216789,-4.121371,-0.011024903
-2.3208823,-4.1219387,-0.01032798
-2.3200858,-4.1225066,-0.009631057
-2.3192892,-4.1230745,-0.008934135
-2.3184927,-4.1236424,-0.008237212
-2.317696,-4.1242104,-0.0075402893
-2.3168995,-4.1247783,-0.0068433667
-2.316103,-4.125346,-0.006146444
-2.3153064,-4.125914,-0.0054495214
-2.3145099,-4.126482,-0.0047525987
-2.3137133,-4.12705,-0.004055676
-2.3129168,-4.127618,-0.0033587534
-2.31218,-4.128141,-0.0027158745
-2.3114433,-4.128664,-0.0020729955
-2.3107066,-4.129187,-0.0014301166
-2.30997,-4.12971,-7.8723766E-4
-2.3092332,-4.1302333,-1.4435872E-4
-2.3084965,-4.1307564,4.985202E-4
-2.3077598,-4.1312795,0.0011413991
-2.307023,-4.1318026,0.0017842781
-2.3062863,-4.1323256,0.002427157
-2.3055496,-4.1328487,0.003070036
-2.304813,-4.133372,0.003712915
-2.3040762,-4.133895,0.004355794
-2.3033395,-4.134418,0.0049986728
-2.3026028,-4.134941,0.0056415517
-2.301866,-4.135464,0.0062844306
-2.3011293,-4.1359873,0.0069273096
-2.3003926,-4.1365104,0.0075701885
-2.299656,-4.1370335,0.008213067
-2.2989192,-4.1375566,0.008855946
-2.2981825,-4.1380796,0.009498825
-2.2974458,-4.1386027,0.010141704
-2.296709,-4.139126,0.010784583
-2.2959723,-4.139649,0.011427462
-2.2952356,-4.140172,0.012070341
-2.294499,-4.140695,0.01271322
-2.2937622,-4.141218,0.013356099
-2.2930255,-4.1417413,0.013998978
-2.2922888,-4.1422644,0.014641857
-2.291552,-4.1427875,0.015284736
-2.2908154,-4.1433105,0.015927615
-2.2900786,-4.1438336,0.016570494
-2.289342,-4.1443567,0.017213373
-2.2886052,-4.14488,0.017856251
-2.2878685,-4.145403,0.01849913
-2.2871318,-4.145926,0.01914201
-2.286395,-4.146449,0.019784888
-2.285635,-4.1469617,0.020411035
-2.284875,-4.1474743,0.021037182
-2.2841148,-4.147987,0.021663329
-2.2833548,-4.1484995,0.022289475
-2.2825947,-4.149012,0.022915622
-2.2818346,-4.1495247,0.023541769
-2.2810745,-4.1500373,0.024167916
-2.2803144,-4.15055,0.024794063
-2.2795544,-4.1510625,0.02542021
-2.2787943,-4.151575,0.026046356
-2.2780342,-4.1520877,0.026672503
-2.2772741,-4.1526003,0.02729865
-2.276514,-4.153113,0.027924797
-2.275754,-4.1536255,0.028550943
-2.274994,-4.154138,0.02917709
-2.2742338,-4.1546507,0.029803237
-2.2734737,-4.1551633,0.030429384
-2.2727137,-4.155676,0.03105553
-2.2719536,-4.1561885,0.031681675
-2.2711935,-4.156701,0.032307822
-2.2704334,-4.1572137,0.03293397
-2.2696733,-4.1577263,0.033560116
-2.2689133,-4.158239,0.034186263
-2.2681532,-4.1587515,0.03481241
-2.267393,-4.159264,0.035438556
-2.266633,-4.1597767,0.036064703
-2.265873,-4.1602893,0.03669085
-2.2651129,-4.160802,0.037316997
-2.2643528,-4.1613145,0.037943143
-2.2635927,-4.161827,0.03856929
-2.2628326,-4.1623397,0.039195437
-2.2620726,-4.1628523,0.039821584
-2.2613125,-4.163365,0.04044773
-2.2605524,-4.1638775,0.041073877
-2.2592301,-4.164756,0.0421418
-2.2579079,-4.165634,0.04320972
-2.2565856,-4.1665125,0.044277642
-2.2552633,-4.167391,0.045345563
-2.253941,-4.168269,0.046413485
-2.2526188,-4.1691475,0.047481406
-2.2512965,-4.170026,0.048549328
-2.2499743,-4.170904,0.04961725
-2.248652,-4.1717825,0.05068517
-2.2473297,-4.172661,0.051753093
-2.2460074,-4.173539,0.052821014
-2.2446852,-4.1744175,0.053888936
-2.243363,-4.175296,0.054956857
-2.2420406,-4.176174,0.05602478
-2.2407184,-4.1770525,0.0570927
-2.239396,-4.177931,0.05816062
-2.2380738,-4.178809,0.059228543
-2.2367516,-4.1796875,0.060296465
-2.2353897,-4.1805944,0.06140211
-2.2340279,-4.1815014,0.062507756
-2.232666,-4.1824083,0.06361341
-2.2313042,-4.1833153,0.06471906
-2.2299423,-4.184222,0.06582471
-2.2285805,-4.185129,0.06693036
-2.2272186,-4.186036,0.06803601
-2.2258568,-4.186943,0.06914166
-2.224495,-4.18785,0.070247315
-2.223133,-4.188757,0.071352966
-2.2217712,-4.189664,0.07245862
-2.2204094,-4.190571,0.07356427
-2.2190475,-4.191478,0.07466992
-2.2176857,-4.1923847,0.07577557
-2.2163239,-4.1932917,0.07688122
-2.214962,-4.1941986,0.07798687
-2.2136002,-4.1951056,0.079092525
-2.2123246,-4.196001,0.08019663
-2.211049,-4.1968966,0.08130073
-2.2097735,-4.197792,0.08240483
-2.208498,-4.1986876,0.08350893
-2.2072225,-4.199583,0.08461303
-2.205947,-4.2004786,0.085717134
-2.2046714,-4.201374,0.086821236
-2.2033958,-4.2022696,0.08792534
-2.2021203,-4.203165,0.08902944
-2.2008448,-4.2040606,0.09013354
-2.1995692,-4.204956,0.09123764
-2.1982937,-4.2058516,0.09234174
-2.1970181,-4.206747,0.093445845
-2.1957426,-4.2076426,0.09454995
-2.194467,-4.208538,0.09565405
-2.1931915,-4.2094336,0.09675815
-2.191916,-4.210329,0.09786225
-2.1906404,-4.2112246,0.09896635
-2.1893578,-4.2120705,0.09999984
-2.188075,-4.2129164,0.10103332
-2.1867924,-4.2137623,0.10206681
-2.1855097,-4.214608,0.10310029
-2.184227,-4.215454,0.10413378
-2.1829443,-4.2163,0.10516726
-2.1816616,-4.217146,0.10620075
-2.180379,-4.217992,0.10723423
-2.1790962,-4.2188377,0.10826772
-2.1778135,-4.2196836,0.1093012
-2.1765308,-4.2205296,0.11033469
-2.1752481,-4.2213755,0.11136817
-2.1739655,-4.2222214,0.11240166
-2.172786,-4.223018,0.113379546
-2.1717098,-4.223766,0.11430184
-2.1706336,-4.2245135,0.11522413
-2.1695573,-4.225261,0.11614642
-2.168481,-4.226009,0.117068715
-2.167405,-4.2267566,0.11799101
-2.1663287,-4.2275043,0.1189133
-2.1652524,-4.228252,0.11983559
-2.1641762,-4.2289996,0.120757885
-2.1631,-4.2297473,0.12168018
-2.1620238,-4.230495,0.12260247
-2.1609476,-4.2312427,0.12352476
-2.1598713,-4.2319903,0.124447055
-2.158795,-4.232738,0.12536934
-2.157719,-4.2334857,0.12629163
-2.1566427,-4.2342334,0.12721393
-2.1555665,-4.234981,0.12813622
-2.1544902,-4.2357287,0.12905851
-2.153387,-4.236442,0.12992789
-2.152257,-4.237121,0.13074435
-2.1511269,-4.2378,0.13156082
-2.1499968,-4.238479,0.13237728
-2.1488667,-4.239158,0.13319375
-2.1477365,-4.239837,0.13401021
-2.1466064,-4.240516,0.13482668
-2.1454763,-4.241195,0.13564314
-2.1443462,-4.241874,0.1364596
-2.1432161,-4.242553,0.13727607
-2.142086,-4.2432323,0.13809253
-2.140956,-4.2439113,0.138909
-2.1398258,-4.2445903,0.13972546
-2.1386957,-4.2452693,0.14054193
-2.1375656,-4.2459483,0.14135839
-2.1364355,-4.2466273,0.14217485
-2.1353054,-4.2473063,0.14299132
-2.1342187,-4.2479815,0.14380604
-2.1331754,-4.248653,0.14461902
-2.132132,-4.2493243,0.145432
-2.1310887,-4.2499957,0.14624497
-2.1300454,-4.250667,0.14705795
-2.129002,-4.2513385,0.14787093
-2.1279588,-4.25201,0.1486839
-2.1269155,-4.2526813,0.14949688
-2.1258721,-4.2533526,0.15030986
-2.1248288,-4.254024,0.15112284
-2.1237855,-4.2546954,0.15193582
-2.1227422,-4.255367,0.1527488
-2.1216989,-4.256038,0.15356177
-2.1206555,-4.2567096,0.15437475
-2.1196122,-4.257381,0.15518773
-2.118569,-4.2580523,0.1560007
-2.1175256,-4.2587237,0.15681368
-2.1164823,-4.259395,0.15762666
-2.115439,-4.260067,0.15843901
-2.1143956,-4.2607393,0.15925074
-2.1133523,-4.2614117,0.16006246
-2.112309,-4.262084,0.16087419
-2.1112657,-4.2627563,0.16168591
-2.1102223,-4.2634287,0.16249764
-2.109179,-4.264101,0.16330937
-2.1081357,-4.2647734,0.16412109
-2.1070924,-4.2654457,0.16493282
-2.106049,-4.266118,0.16574454
-2.1050057,-4.2667904,0.16655627
-2.1039624,-4.2674627,0.167368
-2.102919,-4.268135,0.16817972
-2.1018758,-4.2688074,0.16899145
-2.1008325,-4.2694798,0.16980317
-2.0997891,-4.270152,0.1706149
-2.0987458,-4.2708244,0.17142662
-2.0976825,-4.271511,0.17225695
-2.096599,-4.272212,0.17310587
-2.0955157,-4.272913,0.17395478
-2.0944324,-4.273614,0.1748037
-2.093349,-4.274315,0.17565262
-2.0922656,-4.275016,0.17650154
-2.0911822,-4.275717,0.17735046
-2.0900989,-4.2764177,0.17819938
-2.0890155,-4.2771187,0.1790483
-2.087932,-4.2778196,0.17989722
-2.0868487,-4.2785206,0.18074614
-2.0857654,-4.2792215,0.18159506
-2.084682,-4.2799225,0.18244398
-2.0835986,-4.2806234,0.1832929
-2.0825152,-4.2813244,0.18414181
-2.0814319,-4.2820253,0.18499073
-2.0803485,-4.2827263,0.18583965
-2.079265,-4.2834272,0.18668857
-2.0781617,-4.284143,0.1875557
-2.0770383,-4.2848735,0.18844104
-2.0759149,-4.285604,0.18932638
-2.0747914,-4.2863345,0.19021171
-2.073668,-4.287065,0.19109705
-2.0725446,-4.2877955,0.19198239
-2.0714211,-4.288526,0.19286773
-2.0702977,-4.2892566,0.19375306
-2.0691743,-4.289987,0.1946384
-2.0680509,-4.2907176,0.19552374
-2.0669274,-4.291448,0.19640908
-2.065804,-4.2921786,0.19729441
-2.0646806,-4.292909,0.19817975
-2.0635571,-4.2936397,0.19906509
-2.0626473,-4.2943244,0.19990754
-2.0617375,-4.295009,0.20075
-2.0608277,-4.295694,0.20159245
-2.059918,-4.2963786,0.2024349
-2.0590081,-4.2970634,0.20327735
-2.0580983,-4.297748,0.2041198
-2.0571885,-4.298433,0.20496225
-2.0562787,-4.2991176,0.2058047
-2.055369,-4.2998023,0.20664716
-2.054459,-4.300487,0.20748961
-2.0535493,-4.301172,0.20833206
-2.0526395,-4.3018565,0.20917451
-2.0517297,-4.3025413,0.21001697
-2.0508199,-4.303226,0.21085942
-2.04991,-4.3039107,0.21170187
-2.0490003,-4.3045955,0.21254432
-2.0480905,-4.30528,0.21338677
-2.0471807,-4.305965,0.21422923
-2.0462708,-4.3066497,0.21507168
-2.045361,-4.3073344,0.21591413
-2.044468,-4.307979,0.2167037
-2.0435915,-4.3085837,0.21744038
-2.042715,-4.3091884,0.21817707
-2.0418386,-4.309793,0.21891375
-2.0409622,-4.3103976,0.21965043
-2.0400858,-4.3110023,0.22038712
-2.0392094,-4.311607,0.2211238
-2.038333,-4.3122115,0.22186048
-2.0374565,-4.312816,0.22259717
-2.03658,-4.313421,0.22333385
-2.0357037,-4.3140254,0.22407053
-2.0348272,-4.31463,0.22480722
-2.0339508,-4.3152347,0.2255439
-2.0330744,-4.3158393,0.22628058
-2.032198,-4.316444,0.22701727
-2.031527,-4.3169494,0.22764198
-2.0308561,-4.317455,0.2282667
-2.0301852,-4.3179603,0.22889142
-2.0295143,-4.3184657,0.22951613
-2.0288434,-4.318971,0.23014085
-2.0281725,-4.3194766,0.23076557
-2.0275016,-4.319982,0.23139028
-2.0268307,-4.3204875,0.232015
-2.0261598,-4.320993,0.23263972
-2.0254889,-4.3214984,0.23326443
-2.024818,-4.322004,0.23388915
-2.024147,-4.3225093,0.23451386
-2.0234761,-4.3230147,0.23513858
-2.0228052,-4.32352,0.2357633
-2.0221343,-4.3240256,0.23638801
-2.0214634,-4.324531,0.23701273
-2.0207925,-4.3250365,0.23763745
-2.0201216,-4.325542,0.23826216
-2.0193644,-4.326056,0.23889087
-2.0186071,-4.32657,0.23951958
-2.01785,-4.327084,0.24014829
-2.0170927,-4.327598,0.240777
-2.0163355,-4.328112,0.24140571
-2.0155783,-4.328626,0.24203442
-2.014821,-4.32914,0.24266313
-2.0140638,-4.329654,0.24329184
-2.0133066,-4.3301682,0.24392055
-2.0125494,-4.3306823,0.24454926
-2.0117922,-4.3311963,0.24517797
-2.011035,-4.3317103,0.24580668
-2.0102777,-4.3322244,0.24643539
-2.0095205,-4.3327384,0.2470641
-2.0087633,-4.3332524,0.24769281
-2.008006,-4.3337665,0.24832152
-2.0072489,-4.3342805,0.24895023
-2.0064602,-4.3348737,0.24968733
-2.0056715,-4.335467,0.2504244
-2.0048828,-4.33606,0.2511615
-2.0040941,-4.336653,0.25189856
-2.0033054,-4.3372464,0.25263563
-2.0025167,-4.3378396,0.2533727
-2.001728,-4.338433,0.25410977
-2.0009394,-4.339026,0.25484684
-2.0001507,-4.339619,0.2555839
-1.9993618,-4.3402123,0.25632098
-1.9985728,-4.3408055,0.25705805
-1.9977839,-4.3413987,0.25779513
-1.996995,-4.341992,0.2585322
-1.996206,-4.342585,0.25926927
-1.9954171,-4.3431783,0.26000634
-1.9946282,-4.3437715,0.2607434
-1.9938393,-4.3443646,0.26148048
-1.9931293,-4.3448987,0.26214293
-1.9924192,-4.3454328,0.26280537
-1.9917092,-4.345967,0.26346782
-1.9909992,-4.346501,0.26413026
-1.9902892,-4.347035,0.2647927
-1.9895792,-4.347569,0.26545516
-1.9888692,-4.348103,0.2661176
-1.9881592,-4.348637,0.26678005
-1.9874492,-4.349171,0.2674425
-1.9867392,-4.349705,0.26810494
-1.9860291,-4.3502393,0.2687674
-1.9853191,-4.3507733,0.26942983
-1.9846091,-4.3513074,0.27009228
-1.9838991,-4.3518414,0.27075472
-1.9831891,-4.3523755,0.27141717
-1.9824791,-4.3529096,0.27207962
-1.9817691,-4.3534436,0.27274206
-1.9810591,-4.3539777,0.2734045
-1.9801124,-4.35469,0.2742884
-1.9791658,-4.3554025,0.27517226
-1.9782192,-4.356115,0.27605614
-1.9772725,-4.3568273,0.27694002
-1.9763259,-4.3575397,0.2778239
-1.9753792,-4.358252,0.27870777
-1.9744326,-4.3589644,0.27959165
-1.973486,-4.359677,0.28047553
-1.9725393,-4.360389,0.2813594
-1.9715927,-4.3611016,0.28224328
-1.970646,-4.361814,0.28312716
-1.9698966,-4.3623776,0.2838271
-1.9692457,-4.362867,0.28443506
-1.9685948,-4.363356,0.28504303
-1.9679439,-4.3638453,0.285651
-1.967293,-4.3643346,0.28625897
-1.9666421,-4.364824,0.28686693
-1.9659913,-4.365313,0.2874749
-1.9653404,-4.3658023,0.28808287
-1.9646895,-4.3662915,0.28869084
-1.9640386,-4.3667808,0.2892988
-1.9633877,-4.36727,0.28990677
-1.9627368,-4.367759,0.29051474
-1.962039,-4.3682303,0.29108718
-1.9613177,-4.3686924,0.29164186
-1.9605963,-4.3691545,0.29219654
-1.959875,-4.3696165,0.29275122
-1.9591537,-4.3700786,0.2933059
-1.9584323,-4.3705406,0.29386058
-1.957711,-4.3710027,0.29441527
-1.9569896,-4.3714647,0.29496995
-1.9562683,-4.371927,0.29552463
-1.955547,-4.372389,0.2960793
-1.9548256,-4.372851,0.296634
-1.9539034,-4.3734355,0.29733774
-1.9530208,-4.3739886,0.29800567
-1.9521382,-4.3745418,0.2986736
-1.9512556,-4.375095,0.29934153
-1.9503729,-4.375648,0.30000946
-1.9494903,-4.376201,0.3006774
-1.9486077,-4.3767543,0.30134532
-1.947725,-4.3773074,0.30201325
-1.9468424,-4.3778605,0.30268118
-1.9460068,-4.3784337,0.30338392
-1.9452181,-4.379027,0.30412146
-1.9444294,-4.37962,0.304859
-1.9436407,-4.3802133,0.30559656
-1.942852,-4.3808064,0.3063341
-1.9420633,-4.3813996,0.30707166
-1.9412746,-4.381993,0.3078092
-1.9405339,-4.3824673,0.30838448
-1.9396279,-4.383011,0.30903596
-1.9387219,-4.3835545,0.30968744
-1.9378159,-4.384098,0.3103389
-1.9369099,-4.3846416,0.3109904
-1.9360039,-4.3851852,0.31164187
-1.9350979,-4.385729,0.31229335
-1.9343536,-4.3861785,0.31283313
-1.9335506,-4.3866725,0.3134287
-1.9327476,-4.3871665,0.31402427
-1.9319446,-4.3876605,0.31461984
-1.9311416,-4.3881545,0.3152154
-1.9303386,-4.3886485,0.31581098
-1.9295356,-4.3891425,0.31640655
-1.9287326,-4.3896365,0.31700212
-1.9279296,-4.3901305,0.3175977
-1.927127,-4.390626,0.3181929
-1.9263245,-4.391122,0.318788
-1.925522,-4.391618,0.31938308
-1.9247195,-4.3921137,0.31997818
-1.9239169,-4.3926096,0.32057327
-1.9231144,-4.3931055,0.32116836
-1.9223119,-4.3936014,0.32176346
-1.9215094,-4.3940973,0.32235855
-1.9207069,-4.3945932,0.32295364
-1.9199872,-4.395055,0.3235103
-1.9192086,-4.395561,0.3241221
-1.9184301,-4.3960676,0.3247339
-1.9176515,-4.396574,0.32534572
-1.916873,-4.3970804,0.32595754
-1.9160944,-4.397587,0.32656935
-1.9153159,-4.398093,0.32718116
-1.9145373,-4.3985996,0.32779297
-1.9137588,-4.399106,0.32840478
-1.9129802,-4.3996124,0.3290166
-1.9122016,-4.400119,0.3296284
-1.9114034,-4.4006395,0.3302592
-1.9105659,-4.401189,0.33092797
-1.9097283,-4.401738,0.33159673
-1.9088907,-4.4022875,0.3322655
-1.9080532,-4.402837,0.33293426
-1.9072156,-4.403386,0.33360302
-1.906378,-4.4039354,0.3342718
-1.9055405,-4.4044847,0.33494055
-1.9047029,-4.405034,0.33560932
-1.9038653,-4.4055834,0.33627808
-1.9030278,-4.4061327,0.33694685
-1.9021902,-4.406682,0.3376156
-1.9012825,-4.4072013,0.33823404
-1.9003749,-4.4077206,0.33885247
-1.8994672,-4.40824,0.3394709
-1.8985596,-4.408759,0.34008932
-1.8976519,-4.4092784,0.34070775
-1.8967443,-4.4097977,0.34132618
-1.8958366,-4.410317,0.3419446
-1.8949289,-4.410836,0.34256303
-1.8940213,-4.4113555,0.34318146
-1.8931136,-4.411875,0.3437999
-1.892206,-4.412394,0.34441832
-1.8912983,-4.4129133,0.34503675
-1.8904622,-4.413461,0.3457082
-1.889626,-4.414009,0.34637964
-1.8887899,-4.414557,0.34705108
-1.8879538,-4.415105,0.34772253
-1.8871176,-4.4156528,0.34839398
-1.8862815,-4.4162006,0.34906542
-1.8854454,-4.4167485,0.34973687
-1.8846092,-4.4172964,0.35040832
-1.8837731,-4.4178443,0.35107976
-1.882937,-4.418392,0.3517512
-1.8821008,-4.41894,0.35242265
-1.881257,-4.4194393,0.3530231
-1.8804095,-4.4199142,0.35358807
-1.8795619,-4.420389,0.35415304
-1.8787143,-4.420864,0.354718
-1.8778667,-4.421339,0.35528296
-1.8770192,-4.421814,0.35584792
-1.8761716,-4.422289,0.3564129
-1.875324,-4.422764,0.35697785
-1.8744764,-4.4232388,0.3575428
-1.8736289,-4.4237137,0.35810778
-1.8727813,-4.4241886,0.35867274
-1.8719337,-4.4246635,0.3592377
-1.8711729,-4.425129,0.3597995
-1.8704555,-4.4255896,0.36035973
-1.8697381,-4.42605,0.36091995
-1.8690207,-4.426511,0.36148018
-1.8683033,-4.4269714,0.3620404
-1.8675859,-4.427432,0.36260062
-1.8668685,-4.4278927,0.36316085
-1.8661511,-4.4283533,0.36372107
-1.8654337,-4.428814,0.3642813
-1.8645948,-4.4293394,0.36491713
-1.8637952,-4.4298353,0.36551592
-1.8629955,-4.430331,0.3661147
-1.8621958,-4.430827,0.3667135
-1.8613962,-4.431323,0.36731228
-1.8605965,-4.431819,0.36791107
-1.8597969,-4.432315,0.36850986
-1.8589972,-4.432811,0.36910865
-1.8581976,-4.4333067,0.36970744
-1.8575274,-4.4337883,0.3703014
-1.8567436,-4.4343843,0.37104183
-1.8559598,-4.4349804,0.37178227
-1.855176,-4.4355764,0.3725227
-1.8543922,-4.4361725,0.37326315
-1.8536084,-4.4367685,0.3740036
-1.8528246,-4.4373646,0.37474403
-1.8520677,-4.4378557,0.37534076
-1.8512676,-4.4383516,0.37593895
-1.8504674,-4.4388475,0.37653714
-1.8496673,-4.4393435,0.37713534
-1.8488672,-4.4398394,0.37773353
-1.848067,-4.4403353,0.37833172
-1.8472669,-4.440831,0.3789299
-1.8464668,-4.441327,0.3795281
-1.8456666,-4.441823,0.3801263
-1.8448075,-4.442362,0.38078073
-1.8439287,-4.442915,0.3814539
-1.8430499,-4.443468,0.38212708
-1.8421711,-4.444021,0.38280025
-1.8412923,-4.4445744,0.38347343
-1.8404135,-4.4451275,0.3841466
-1.8395346,-4.4456806,0.38481978
-1.8386558,-4.4462337,0.38549295
-1.8377768,-4.446787,0.38616613
-1.836897,-4.44734,0.3868393
-1.8360173,-4.447893,0.38751248
-1.8351375,-4.4484463,0.38818565
-1.8342577,-4.4489994,0.38885882
-1.833378,-4.4495525,0.389532
-1.8324982,-4.4501057,0.39020517
-1.8316184,-4.450659,0.39087835
-1.8307387,-4.451212,0.39155152
-1.8298628,-4.45179,0.3922601
-1.8292148,-4.452279,0.3928712
-1.8285668,-4.4527683,0.3934823
-1.8279188,-4.4532576,0.3940934
-1.8272707,-4.453747,0.3947045
-1.8266227,-4.454236,0.3953156
-1.8259747,-4.4547253,0.39592668
-1.8253267,-4.4552145,0.39653778
-1.8246787,-4.4557037,0.39714888
-1.8240306,-4.456193,0.39775997
-1.8233826,-4.456682,0.39837107
-1.8227346,-4.4571714,0.39898217
-1.8219571,-4.457675,0.39959845
-1.8211796,-4.4581785,0.40021473
-1.8204021,-4.458682,0.400831
-1.8196247,-4.4591856,0.4014473
-1.8188472,-4.459689,0.40206358
-1.8180697,-4.4601927,0.40267986
-1.8172922,-4.460696,0.40329614
-1.8165147,-4.4611998,0.40391243
-1.8157372,-4.4617033,0.4045287
-1.8149598,-4.462207,0.405145
-1.8141823,-4.4627104,0.40576127
-1.8134048,-4.463214,0.40637755
-1.8125565,-4.463686,0.40694368
-1.8117082,-4.464158,0.4075098
-1.8108599,-4.46463,0.40807593
-1.8100116,-4.465102,0.40864205
-1.8091633,-4.4655743,0.40920818
-1.808315,-4.4660463,0.4097743
-1.8074667,-4.4665184,0.41034043
-1.8066185,-4.4669905,0.41090655
-1.8057702,-4.4674625,0.41147268
-1.8049344,-4.468009,0.41214556
-1.8040986,-4.4685555,0.41281843
-1.8032628,-4.469102,0.4134913
-1.802427,-4.4696484,0.4141642
-1.8015913,-4.470195,0.41483706
-1.8007555,-4.4707413,0.41550994
-1.7999197,-4.4712877,0.41618282
-1.799084,-4.471834,0.4168557
-1.7982482,-4.4723806,0.41752857
-1.7974124,-4.472927,0.41820145
-1.7965766,-4.4734735,0.41887432
-1.7957408,-4.47402,0.4195472
-1.7948933,-4.474495,0.4201119
-1.7940457,-4.47497,0.4206766
-1.7931981,-4.475445,0.42124128
-1.7923505,-4.4759197,0.42180598
-1.791503,-4.4763947,0.42237067
-1.7906554,-4.4768696,0.42293537
-1.7898078,-4.4773445,0.42350006
-1.7889602,-4.4778194,0.42406476
-1.7881126,-4.4782944,0.42462945
-1.7872651,-4.4787693,0.42519414
-1.7864175,-4.479244,0.42575884
-1.7856411,-4.4797463,0.42637718
-1.7848647,-4.4802485,0.42699552
-1.7840883,-4.4807506,0.42761385
-1.7833118,-4.4812527,0.4282322
-1.7825354,-4.481755,0.42885053
-1.781759,-4.482257,0.42946887
-1.7809826,-4.482759,0.4300872
-1.7802062,-4.483261,0.43070555
-1.7794298,-4.483763,0.4313239
-1.7786534,-4.4842653,0.43194222
-1.777877,-4.4847674,0.43256056
-1.7770377,-4.485289,0.4331992
-1.7760729,-4.48585,0.43387842
-1.775108,-4.4864106,0.43455765
-1.7741431,-4.4869714,0.43523687
-1.7731782,-4.487532,0.4359161
-1.7722133,-4.488093,0.43659532
-1.7712485,-4.4886537,0.43727455
-1.7702836,-4.4892144,0.43795377
-1.7693187,-4.489775,0.438633
-1.7683538,-4.490336,0.43931222
-1.7673889,-4.4908967,0.43999144
-1.7664241,-4.4914575,0.44067067
-1.7654594,-4.49202,0.44134882
-1.7644949,-4.4925838,0.44202644
-1.7635304,-4.4931474,0.44270405
-1.7625659,-4.493711,0.44338167
-1.7616013,-4.4942746,0.44405928
-1.7606368,-4.494838,0.4447369
-1.7596723,-4.495402,0.4454145
-1.7587078,-4.4959655,0.44609213
-1.7577432,-4.496529,0.44676974
-1.7567787,-4.4970927,0.44744736
-1.7558142,-4.4976563,0.44812497
-1.7548695,-4.498205,0.44878423
-1.7539643,-4.4987245,0.44940677
-1.7530591,-4.4992437,0.4500293
-1.752154,-4.499763,0.45065185
-1.7512488,-4.5002823,0.4512744
-1.7503437,-4.5008016,0.45189694
-1.7494385,-4.501321,0.45251948
-1.7485334,-4.50184,0.45314202
-1.7476282,-4.5023594,0.45376456
-1.746723,-4.5028787,0.4543871
-1.7458179,-4.503398,0.45500964
-1.7449127,-4.503917,0.45563218
-1.7440706,-4.5044174,0.45623454
-1.7433547,-4.5048795,0.45679656
-1.7426387,-4.5053415,0.45735857
-1.7419227,-4.5058036,0.45792058
-1.7412068,-4.5062656,0.4584826
-1.7404908,-4.5067277,0.4590446
-1.7397748,-4.5071898,0.45960662
-1.7390589,-4.507652,0.46016863
-1.7383429,-4.508114,0.46073064
-1.7376269,-4.508576,0.46129265
-1.7369109,-4.509038,0.46185467
-1.736195,-4.5095,0.46241668
-1.7352997,-4.5100718,0.46311015
-1.7344242,-4.5106287,0.463785
-1.7335488,-4.5111856,0.46445984
-1.7326733,-4.5117426,0.46513468
-1.7317978,-4.5122995,0.46580952
-1.7309223,-4.5128565,0.46648437
-1.7300469,-4.5134134,0.4671592
-1.7291714,-4.5139704,0.46783406
-1.7282959,-4.5145273,0.4685089
-1.7273965,-4.515071,0.46916857
-1.726497,-4.5156145,0.46982825
-1.7255976,-4.516158,0.47048792
-1.7246982,-4.5167017,0.4711476
-1.7237988,-4.5172453,0.47180727
-1.7229382,-4.5177603,0.47242934
-1.7221359,-4.5182323,0.47299498
-1.7213336,-4.5187044,0.47356063
-1.7205313,-4.5191765,0.47412628
-1.7197291,-4.5196486,0.47469193
-1.7189268,-4.5201206,0.47525758
-1.7181245,-4.5205927,0.47582322
-1.7173306,-4.5211134,0.47645986
-1.7165492,-4.521707,0.47720298
-1.7157677,-4.5223007,0.4779461
-1.7149863,-4.5228944,0.47868922
-1.7142049,-4.523488,0.47943234
-1.7134235,-4.5240817,0.48017547
-1.7126421,-4.5246754,0.4809186
-1.7118132,-4.52525,0.4816276
-1.7109132,-4.525796,0.4822855
-1.7100132,-4.526342,0.4829434
-1.7091131,-4.526888,0.48360127
-1.7082131,-4.527434,0.48425916
-1.7073131,-4.52798,0.48491704
-1.706413,-4.528526,0.48557493
-1.7056305,-4.528983,0.48612148
-1.7047819,-4.529437,0.48665282
-1.7039332,-4.529891,0.48718417
-1.7030846,-4.530345,0.4877155
-1.7022359,-4.530799,0.48824686
-1.7014781,-4.5312653,0.48881084
-1.7008154,-4.531768,0.48944312
-1.7001528,-4.532273,0.49007526
-1.6994901,-4.5327835,0.49070704
-1.6987088,-4.533244,0.49125418
-1.6977682,-4.5335445,0.49155772
-1.6968318,-4.5338693,0.49189693
-1.696188,-4.534357,0.49251193
-1.6955441,-4.534845,0.49312693
-1.6947857,-4.5353093,0.49369234
-1.6939713,-4.535706,0.49415225
-1.6931568,-4.536103,0.49461216
-1.6923424,-4.5364995,0.49507207
-1.691528,-4.536896,0.49553198
-1.6906793,-4.537347,0.49606478
-1.6898307,-4.5377975,0.4965976
-1.688982,-4.538248,0.4971304
-1.6881334,-4.5386987,0.4976632
-1.6873279,-4.5391445,0.49819434
-1.6866251,-4.539681,0.49886435
-1.6859224,-4.5402174,0.49953437
-1.6852196,-4.540754,0.5002044
-1.6845084,-4.54124,0.50080305
-1.683659,-4.541691,0.501335
-1.6828095,-4.5421414,0.501867
-1.68196,-4.542592,0.50239897
-1.6811105,-4.5430427,0.50293094
-1.6802611,-4.5434937,0.5034629
-1.6794125,-4.5439477,0.5039949
-1.6785638,-4.5444016,0.50452685
-1.6777152,-4.5448556,0.5050588
-1.6768665,-4.5453095,0.5055908
-1.6760136,-4.545738,0.5060872
-1.6751088,-4.546121,0.506514
-1.674204,-4.546504,0.50694084
-1.6732992,-4.546887,0.5073677
-1.6723944,-4.54727,0.5077945
-1.6714896,-4.5476527,0.5082213
-1.6705848,-4.5480356,0.50864816
-1.6699172,-4.5485187,0.50924426
-1.6692734,-4.5490117,0.5098573
-1.6686295,-4.5495048,0.51047033
-1.6679276,-4.5500417,0.5111392
-1.667226,-4.550578,0.51180816
-1.6665243,-4.5511146,0.5124771
-1.6657146,-4.551537,0.51297086
-1.6648098,-4.55192,0.5133964
-1.663905,-4.552303,0.5138219
-1.6630002,-4.5526876,0.5142472
-1.6620954,-4.553076,0.51467204
-1.6611906,-4.553464,0.5150969
-1.6603767,-4.5538664,0.51555467
-1.659714,-4.554377,0.51618695
-1.6590723,-4.554874,0.51680064
