3.766605,4.1571403,-0.665411,-103.4571470483431,34756.4697265625,-104.54932879657152,110955.810546875,-100.70996009715611,35375.9765625,-103.35921681698062,39263.916015625,166977
3.7682092,4.1572227,-0.6652336,-101.67125801752975,35781.8603515625,-106.36471072756889,107836.9140625,-100.47466482199043,35119.62890625,-103.73431838770678,116210.9375,169515
3.7729461,4.1590843,-0.66476655,-102.82931561678382,35162.353515625,-105.60477853856675,36401.3671875,-102.20610366551716,35354.6142578125,-101.32820290492404,38516.2353515625,169587
3.7887123,4.166314,-0.6632899,-102.53988114531887,34457.3974609375,-107.31684213468392,109759.521484375,-100.16753366953593,35226.4404296875,-101.44932789429217,38708.49609375,169623
3.8169398,4.1838007,-0.661049,-103.26821697124419,35034.1796875,-103.5825812166957,107388.3056640625,-102.46330236057199,35290.52734375,-104.81640295265834,117001.3427734375,169659
3.8395708,4.2002196,-0.6592484,-102.09830721158812,33474.7314453125,-103.6938821668767,107131.9580078125,-100.25850707551031,35760.498046875,-102.10154599685367,38580.322265625,169695
3.8481514,4.2062883,-0.65849966,-102.63103575324675,33987.4267578125,-104.47637814105346,105401.611328125,-101.18965444693302,34820.556640625,-101.90257645299579,116766.357421875,169731
3.8489184,4.207134,-0.6584406,-101.36601593074879,33602.9052734375,-103.61172646751467,36080.9326171875,-102.6400401501752,34906.005859375,-102.06551446025806,116275.0244140625,169803
3.8574877,4.213216,-0.6576688,-105.45164537627033,35034.1796875,-103.2576469705935,104910.2783203125,-102.2670566943188,34222.412109375,-104.7620247839731,115997.314453125,169821
3.8801486,4.2280846,-0.65583456,-101.84105491403265,34884.6435546875,-106.6802842167789,73208.6181640625,-102.48535402856275,35034.1796875,-102.89326401946839,117129.5166015625,169839
3.8987443,4.2435684,-0.6543517,-104.62394737938679,69769.287109375,-106.5584840382603,101364.1357421875,-100.66644660270165,34863.28125,-101.62309087629359,116574.0966796875,169893
3.933471,4.27373,-0.651746,-102.28745236922529,34906.005859375,-104.02758776180477,107516.4794921875,-104.7928509407002,35055.5419921875,-102.44716838857019,38793.9453125,169965
3.965821,4.3014164,-0.6489778,-106.52404951213023,70239.2578125,-103.56009343487176,68466.1865234375,-101.06016195359942,34265.13671875,-101.71519137296542,116574.0966796875,170001
3.997372,4.328286,-0.6461583,-105.60269854438724,35226.4404296875,-104.93167228890627,107815.5517578125,-101.85802933095829,35162.353515625,-102.13485398818119,116296.38671875,170019
4.0273585,4.3535023,-0.64342415,-106.42759240864622,3973.388671875,-106.48194864094903,36871.337890625,-100.82545328749279,35247.802734375,-101.81511452936792,39050.29296875,170037
4.043399,4.368233,-0.6418637,-105.49319094412085,34756.4697265625,-106.0341350390553,102133.1787109375,-100.77000269618705,34841.9189453125,-103.04857576378511,38815.3076171875,170073
4.0578303,4.3828716,-0.6404737,-105.80235395292988,71093.75,-105.14733245129804,36828.61328125,-99.96075614331596,35397.3388671875,-101.24490093686563,116659.5458984375,170091
4.075939,4.403402,-0.6387707,-101.88137280876356,35333.251953125,-102.24452543536881,107238.76953125,-100.30143483053259,35055.5419921875,-99.96146416413924,116616.8212890625,170109
13.943542,15.63941,0.23609668,-103.65667973460701,34756.4697265625,-105.5619107591896,69021.6064453125,-101.33276015349524,35205.078125,-104.15820863801196,38644.4091796875,170181
13.971719,15.678452,0.23868945,-101.78795099485684,1965.33203125,-103.6093767393291,102474.9755859375,-102.05602962676448,35247.802734375,-102.49232334112578,116659.5458984375,170199
13.979131,15.688634,0.23954298,-102.34847213078464,34606.93359375,-106.61294915350112,73529.052734375,-103.50404146759683,35034.1796875,-101.73896764406459,39050.29296875,170235
13.982892,15.692907,0.24003848,-104.70359554641297,35333.251953125,-104.65700209470201,107751.46484375,-99.70483417724283,35247.802734375,-103.91821699315838,116445.9228515625,170433
14.023372,15.734702,0.24416755,-103.42700271638007,33944.7021484375,-103.0518106256628,105187.98828125,-101.1738443503381,34756.4697265625,-102.51427427692494,116104.1259765625,170469
14.0500555,15.76283,0.24699087,-104.7028367503944,35568.2373046875,-104.60133758792864,36508.1787109375,-102.88595909326696,35119.62890625,-102.06983749840941,38281.25,170523
14.073819,15.7843685,0.24966066,-102.32055388922956,69641.11328125,-103.85128954457555,105187.98828125,-100.74762577702131,35311.8896484375,-103.29076290808933,38836.669921875,170559
14.110666,15.815581,0.25402898,-102.37831361079239,35098.2666015625,-105.0110116212639,105166.6259765625,-100.33095462410319,35397.3388671875,-101.36970334709329,117086.7919921875,170577
14.133742,15.8330965,0.2571418,-103.53906357237376,35183.7158203125,-103.00331117217168,108029.1748046875,-99.88044334173752,35269.1650390625,-102.31141261185184,39263.916015625,170631
14.137599,15.835743,0.25771502,-103.88634658407419,70666.50390625,-104.71970460294655,108007.8125,-99.97613282250185,35803.22265625,-103.79105882689616,38986.2060546875,170667
14.138352,15.836595,0.257832,-103.53546859259242,35546.875,-103.72111407273701,38024.90234375,-100.37923093760023,34265.13671875,-103.11589852304428,38665.771484375,170703
14.14295,15.8401,0.2585621,-104.94977947729181,34906.005859375,-104.89361447061162,107901.0009765625,-100.82042377566758,34713.7451171875,-102.9619188939128,38986.2060546875,170775
14.164136,15.859269,0.26199645,-102.52320755894121,69619.7509765625,-103.89318521366084,106747.4365234375,-101.25550207471235,34735.107421875,-105.20939625614268,116552.734375,170793
14.20536,15.900186,0.26867223,-102.69032432210393,34606.93359375,-103.97780466387049,105145.263671875,-101.16846241969532,34500.1220703125,-102.64633277415457,39135.7421875,170811
14.249592,15.95207,0.27599493,-103.02094623930572,1922.607421875,-105.46987199338686,112472.5341796875,-99.30824917062705,35140.9912109375,-102.70418131884384,117214.9658203125,170847
14.282018,15.990095,0.2815912,-103.93753124357826,35183.7158203125,-105.19457995418207,110614.013671875,-100.13372131862769,35418.701171875,-101.57829682389894,116787.7197265625,170883
14.317515,16.01936,0.28769955,-104.585790363817,35546.875,-104.86018548088298,35610.9619140625,-103.96411012472024,34521.484375,-101.05606868891583,116979.98046875,170955
14.358208,16.05468,0.29446843,-102.42753556955125,34436.03515625,-103.60657912930958,103137.20703125,-101.60237013689598,34542.8466796875,-101.32740701741898,116296.38671875,170991
14.402978,16.100021,0.30200183,-104.81499204736903,34628.2958984375,-107.01440882308543,13116.455078125,-100.93618456975588,35354.6142578125,-102.05382443705633,116403.1982421875,171027
14.446704,16.147781,0.3094728,-102.78606608184161,34906.005859375,-105.1991743397505,109759.521484375,-99.37683253826506,34521.484375,-102.08268034111791,39050.29296875,171063
14.485981,16.19036,0.31631973,-103.58971055486576,35140.9912109375,-103.50785512421047,104183.9599609375,-99.50767328455115,35226.4404296875,-104.01408167478527,38558.9599609375,171099
14.525237,16.232924,0.32336462,-102.0338035559042,34478.759765625,-104.65168068273866,104931.640625,-100.97924275484642,35098.2666015625,-102.56406225519187,38494.873046875,171117
24.166304,27.560236,2.0910332,-102.59142841904975,6878.662109375,-102.3354702751037,100723.2666015625,-101.38812208838328,35354.6142578125,-102.84413046054712,39071.6552734375,171135
24.207317,27.608753,2.0987785,-102.31215914522278,36572.265625,-103.11306438525585,107708.740234375,-102.85103047568455,35546.875,-101.11609705152895,116189.5751953125,171171
24.250547,27.66732,2.107256,-104.62237962296021,13735.9619140625,-103.88883111611891,107559.2041015625,-105.58091575329408,104760.7421875,-101.72927453912334,38537.59765625,171207
22.95636,28.85228,1.922804,-105.42540788852541,34436.03515625,-103.70488189765389,104632.568359375,-99.3646948156465,35781.8603515625,-104.58425908801019,38986.2060546875,171261
23.206184,28.710548,1.9614121,-103.10970129898563,70132.4462890625,-104.7437201473038,35034.1796875,-104.55720104596003,34970.0927734375,-101.05363667986252,116744.9951171875,171297
23.236757,28.760294,1.9686177,-100.97739542121515,34991.455078125,-104.14924639291085,107516.4794921875,-101.07386270394042,34906.005859375,-101.61595973315868,116659.5458984375,171333
23.271423,28.815388,1.9770192,-102.1505620954864,34970.0927734375,-105.61285466022517,102069.091796875,-102.52644658396662,35290.52734375,-103.0994144630421,116595.458984375,171369
23.304348,28.86303,1.9850374,-103.25800168201154,35739.1357421875,-105.13521976201633,108200.0732421875,-102.06518963661333,35205.078125,-99.51754116807669,116894.53125,171405
23.341091,28.90444,1.9937732,-101.61829882831852,35525.5126953125,-102.48196297968525,107794.189453125,-102.43604982669852,34927.3681640625,-102.05800269324024,116809.08203125,171441
23.388044,28.949034,2.0044718,-103.99231266366387,34606.93359375,-104.69665040192422,70645.1416015625,-103.32431212893526,34927.3681640625,-99.8311987665783,116616.8212890625,171477
23.439428,29.00616,2.0166118,-102.33236843412357,34243.7744140625,-106.05785066386508,105102.5390625,-104.7277665609997,35140.9912109375,-102.47670856005652,116937.255859375,171513
23.48703,29.076876,2.0286238,-105.19144619647527,105102.5390625,-104.14791558633192,104589.84375,-102.44421074917751,34799.1943359375,-100.47280243229814,116424.560546875,171549
23.519287,29.114464,2.0373764,-102.53701272485385,34970.0927734375,-101.92264953683213,105081.1767578125,-100.09610572923195,34756.4697265625,-100.61938037760552,117428.5888671875,171621
23.551779,29.148855,2.0461717,-102.8798952980286,34713.7451171875,-105.81817873785333,36444.091796875,-101.59393659290375,35311.8896484375,-103.115810769323,116873.1689453125,171657
23.583008,29.187185,2.055343,-104.62964518046617,69512.939453125,-105.43217315056103,100445.556640625,-102.56609865038199,35098.2666015625,-104.83476167800761,39862.060546875,171693
23.610287,29.216988,2.0634446,-103.13839664076272,34841.9189453125,-104.46151200275833,107003.7841796875,-103.23178653570912,34820.556640625,-101.48244685710765,116958.6181640625,171729
23.640831,29.24545,2.0722575,-102.68720177013162,33944.7021484375,-105.33894982313164,73144.53125,-101.69294081636565,35055.5419921875,-101.544586678256,117150.87890625,171765
23.672379,29.271553,2.0812082,-103.44024506924823,35311.8896484375,-104.1498001900031,35760.498046875,-99.23475088338131,35183.7158203125,-102.88620085414946,116189.5751953125,171801
23.702122,29.29184,2.0892525,-102.38971021146064,35845.947265625,-104.89433453316302,71008.30078125,-101.3946846808078,35247.802734375,-103.19883823319886,38409.423828125,171837
23.739744,29.320251,2.0994241,-104.04579227042397,34991.455078125,-104.39772019641318,73379.5166015625,-101.31518886163953,34906.005859375,-103.82359111554946,116168.212890625,171873
23.778702,29.35041,2.1103046,-103.2305022491424,104910.2783203125,-103.75678362612773,107345.5810546875,-101.9824504169093,34735.107421875,-101.23302257321757,116296.38671875,171909
23.808678,29.37486,2.1191063,-104.93455955201485,105679.3212890625,-102.29432676398415,104696.6552734375,-101.16711683741124,34927.3681640625,-100.99591751121686,116680.908203125,171945
23.83579,29.39583,2.1271446,-104.07007500843005,34906.005859375,-103.59240752789717,104718.017578125,-100.11164587982641,35418.701171875,-101.86230780573788,116445.9228515625,171981
23.860909,29.419876,2.1353264,-102.18084689503222,34649.658203125,-103.30954510644094,107858.2763671875,-101.08038613753608,35076.904296875,-102.14338358249108,116638.18359375,172017
23.887396,29.445646,2.1441376,-102.68701928446704,6024.169921875,-104.50829728041171,104525.7568359375,-100.94098237423721,34991.455078125,-102.27360472200468,38452.1484375,172053
23.912348,29.471235,2.1526115,-102.87370550649425,34030.1513671875,-103.726961467611,107388.3056640625,-103.04598248402291,35610.9619140625,-102.35845261023488,116552.734375,172125
23.939564,29.497824,2.1617289,-105.1801972825499,34265.13671875,-103.85439804449256,104760.7421875,-101.33102248669479,34991.455078125,-101.33816542419716,38537.59765625,172143
23.96802,29.527678,2.1716735,-102.00570097422545,34606.93359375,-105.02167232343238,104269.4091796875,-103.72306357473013,35140.9912109375,-101.17460254788456,38580.322265625,172179
24.001078,29.559507,2.1827264,-103.71558964885864,36016.845703125,-104.93326809210959,35739.1357421875,-101.76658123564117,34521.484375,-103.11258273558765,116638.18359375,172215
24.0335,29.590408,2.1935103,-104.60718502939613,70602.4169921875,-104.38331343430731,102966.30859375,-100.62488462888247,35140.9912109375,-102.50939175734678,116317.7490234375,172251
24.062572,29.624146,2.2038913,-105.82001896866669,34457.3974609375,-104.65487034293572,36679.0771484375,-101.19277747900013,35461.42578125,-101.4384268166691,116595.458984375,172305
24.083672,29.642597,2.2110734,-103.24817263114193,35290.52734375,-103.56479666338939,104483.0322265625,-102.96024460964293,35803.22265625,-102.24593106082894,38516.2353515625,172359
24.10566,29.660252,2.218411,-101.25938592860533,35568.2373046875,-101.67523188500792,105166.6259765625,-102.04265981225097,35333.251953125,-101.3335991923353,117642.2119140625,172395
24.128927,29.6812,2.2264562,-104.10789825863216,35226.4404296875,-104.16350915515036,36935.4248046875,-98.9701793095209,34735.107421875,-104.61588985588557,39755.2490234375,172413
29.193499,35.828552,4.2744317,-105.64188646265285,104696.6552734375,-104.36588563844029,105102.5390625,-100.17714479716503,35333.251953125,-102.06582691832494,39071.6552734375,172503
29.214012,35.85175,4.282579,-103.97863688445983,34628.2958984375,-107.69361267524376,73742.67578125,-100.21712194831694,34329.2236328125,-99.88124227924858,39520.263671875,172521
29.236877,35.881653,4.292279,-106.354384768829,16128.5400390625,-105.29555389922477,35205.078125,-103.83431797658402,35076.904296875,-100.62143812174426,117022.705078125,172575
29.26094,35.9133,4.302934,-104.60511042887666,33773.8037109375,-104.17423451405912,107516.4794921875,-101.27674343367823,36145.01953125,-101.58711569007174,39797.9736328125,172629
29.283686,35.94165,4.3129997,-102.65393291732482,35012.8173828125,-102.5825329186197,105529.78515625,-99.88953764331941,34777.83203125,-103.73067439284726,38601.6845703125,172665
29.3009,35.963116,4.3207035,-103.63303613385028,34713.7451171875,-105.04771535167617,36593.6279296875,-101.96939389226631,35140.9912109375,-102.42295445473162,116146.8505859375,172683
29.30745,35.9676,4.323191,-103.07956831418282,34243.7744140625,-104.37793740661272,37384.033203125,-102.20841454040679,35076.904296875,-103.61234416029758,116381.8359375,172737
29.325447,35.98246,4.330415,-102.58871240931428,35867.3095703125,-105.38502884402953,36807.2509765625,-100.31308494337908,34799.1943359375,-99.93256608637155,116082.763671875,172773
29.354124,36.00836,4.34222,-101.6631142091863,34991.455078125,-106.63069314839854,110891.7236328125,-101.0058454623882,34948.73046875,-100.15304709693692,116659.5458984375,172809
29.385891,36.04324,4.356168,-101.56176412849291,34628.2958984375,-102.69072815099499,102432.2509765625,-102.32712416308021,34799.1943359375,-101.67287975151513,116958.6181640625,172845
29.418087,36.082096,4.3709054,-100.93256441709443,34841.9189453125,-104.90317314954366,105508.4228515625,-101.47601602241865,35290.52734375,-103.40707754968746,116339.111328125,172881
29.44764,36.117386,4.3845224,-103.6638091769561,34799.1943359375,-102.25929246753802,107238.76953125,-103.90339611477124,34884.6435546875,-103.21852593149285,117022.705078125,172935
29.46988,36.138504,4.3942776,-103.52666075623932,35119.62890625,-106.79389631149544,36978.1494140625,-98.09822506918236,34756.4697265625,-102.9632323557116,116403.1982421875,172989
29.492718,36.162,4.4046283,-103.17551121647129,35269.1650390625,-105.176885509479,107580.56640625,-102.05639236521463,34799.1943359375,-105.02232123155918,116638.18359375,173025
29.50988,36.178787,4.4124393,-103.10902620679116,34991.455078125,-104.66848435670707,104995.7275390625,-100.31600459464588,35760.498046875,-100.26023164012834,116659.5458984375,173061
29.519835,36.18883,4.4171367,-103.11680688007776,70281.982421875,-105.06643254189467,35397.3388671875,-102.91519867977122,103713.9892578125,-101.27628207228084,117407.2265625,173097
29.527662,36.19637,4.4208503,-103.24003939944889,34713.7451171875,-105.08946821682011,36166.3818359375,-104.49862325248998,34991.455078125,-100.78608367378634,38879.39453125,173133
29.532541,36.20217,4.423403,-103.90119102427437,35375.9765625,-105.67010100212858,109011.8408203125,-99.87459871963443,36123.6572265625,-102.26212805454198,39071.6552734375,173169
29.543123,36.213028,4.4286394,-105.28946373398935,34585.5712890625,-104.39955896658736,107153.3203125,-101.22576541819187,36059.5703125,-102.45900748258101,117044.0673828125,173205
29.559248,36.230534,4.4368243,-106.29340210435677,4421.9970703125,-105.61248410984223,101385.498046875,-104.28595067124652,35034.1796875,-102.78497381968003,116531.3720703125,173277
29.57329,36.24551,4.443989,-103.58140968869012,70239.2578125,-103.27748894849348,35440.0634765625,-99.25743617376253,34927.3681640625,-101.07913490856275,38494.873046875,173331
29.584393,36.258766,4.4499364,-103.57006272271622,34692.3828125,-104.0076560248466,107730.1025390625,-100.44400322014219,34927.3681640625,-102.17902151668092,38922.119140625,173367
29.601196,36.2771,4.458521,-102.10382496472555,33517.4560546875,-105.27689650664303,102389.5263671875,-100.8160546694987,34585.5712890625,-99.87775587566529,116403.1982421875,173403
29.617125,36.29619,4.4670596,-102.8063828368012,34991.455078125,-104.12054617099923,36465.4541015625,-100.23993075400836,34841.9189453125,-104.0701109489757,38601.6845703125,173421
29.631107,36.311184,4.474297,-101.64978604875174,35269.1650390625,-101.7631205557543,104995.7275390625,-99.01690205469122,34051.513671875,-103.98635522057232,117172.2412109375,173439
29.643013,36.323685,4.480433,-105.00338401982219,34906.005859375,-102.36081971085352,105166.6259765625,-102.09520851748889,34777.83203125,-101.42664921277543,116958.6181640625,173475
29.657845,36.337902,4.4878235,-101.87237595153792,34970.0927734375,-104.32702935482178,108200.0732421875,-101.45761241596618,34948.73046875,-101.03319401968422,116445.9228515625,173493
29.671995,36.351257,4.4948792,-103.79182168930515,70538.330078125,-103.63726827979114,105230.712890625,-101.14742198044873,34927.3681640625,-102.96161787345773,38067.626953125,173529
29.680279,36.36114,4.4995413,-103.7537318754051,70516.9677734375,-103.74325349796096,37384.033203125,-101.87120359481078,35504.150390625,-100.35677209223756,38687.1337890625,173601
29.690638,36.37349,4.505382,-103.96277174840972,35162.353515625,-106.36960686216446,109866.3330078125,-99.92318353633068,35910.0341796875,-101.81510165391883,38900.7568359375,173637
29.703732,36.389103,4.5128865,-103.85916207242248,35162.353515625,-104.8272566366989,73870.849609375,-102.47132699037293,34863.28125,-101.44209992991229,116830.4443359375,173673
29.711985,36.398926,4.51773,-101.38223741037173,34436.03515625,-104.45137896944912,36849.9755859375,-102.53648314628806,34350.5859375,-101.28423988924172,116638.18359375,173709
29.714592,36.403778,4.519627,-103.33858052736826,35119.62890625,-103.32614633068678,105401.611328125,-103.38133493520431,35440.0634765625,-100.92740616980586,38751.220703125,173745
29.723011,36.411983,4.5242276,-102.81583110150856,34542.8466796875,-105.13703325284928,107324.21875,-100.75563999464049,35183.7158203125,-101.94920082921861,38964.84375,173781
29.727156,36.416866,4.526676,-102.81924711526366,35375.9765625,-103.95832815025821,107046.5087890625,-99.42995260054863,34628.2958984375,-102.13575934294482,116595.458984375,173817
29.728537,36.41849,4.527501,-104.05758485731086,35333.251953125,-104.4828684386712,107431.0302734375,-101.03724371966854,34970.0927734375,-100.93284826097309,38665.771484375,173835
29.729921,36.420113,4.5283246,-103.05750987529404,33944.7021484375,-106.9625843548809,110165.4052734375,-101.31098166416328,34606.93359375,-101.24652681636776,116424.560546875,173853
29.731874,36.42413,4.529831,-102.72932986570973,34970.0927734375,-102.21242903028107,105294.7998046875,-101.71312797330563,34884.6435546875,-102.19056640165968,116360.4736328125,173889
29.732437,36.42652,4.5305295,-104.28403958809918,35269.1650390625,-105.80192605601896,108349.609375,-100.05867438163499,35461.42578125,-102.8802919690284,38024.90234375,173925
29.731613,36.4273,4.530397,-102.44394884440624,34436.03515625,-104.12021288885258,100573.73046875,-101.03701465872702,34628.2958984375,-102.92916699158579,39242.5537109375,174339
29.732439,36.42652,4.530531,-102.77468817723974,35461.42578125,-104.74057256386742,72033.69140625,-100.44981262163274,34628.2958984375,-101.42191905877439,38452.1484375,174411
29.73257,36.42494,4.530243,-105.70879861180603,104653.9306640625,-102.72559607392901,102304.0771484375,-102.98648050069716,34927.3681640625,-101.27821217294569,38729.8583984375,174537
29.731882,36.424133,4.5298095,-105.88060809428043,70303.3447265625,-101.98130833938319,104974.365234375,-100.48542470040087,35290.52734375,-102.49825534494674,117471.3134765625,175293
29.732704,36.42335,4.5299516,-103.21492778613532,34799.1943359375,-104.08569226625497,104461.669921875,-101.71529272200007,34991.455078125,-103.05293020958125,39221.19140625,175383
29.733526,36.42257,4.530094,-103.50367572430443,34884.6435546875,-103.84886358543605,104995.7275390625,-101.0728815814227,35247.802734375,-103.08523037061293,38815.3076171875,175527
29.732838,36.42177,4.52966,-103.89616949416931,34414.6728515625,-104.56415327761802,108200.0732421875,-100.04848095383576,35119.62890625,-102.59018466234076,116296.38671875,175743
29.733658,36.420986,4.5298057,-101.79935211378913,34179.6875,-105.16724756102919,105038.4521484375,-104.51239960698551,34051.513671875,-99.80480242231835,39541.6259765625,176139
