1.0091405,20.225105
1.0091405,20.225105
1.0091405,20.225105
1.0091405,20.225105
1.0091405,20.225105
1.0091405,20.225105
1.0091405,20.225105
1.0091405,20.225105
1.0091405,20.225105
1.0091405,20.225105
1.0091405,20.225105
1.0091405,20.225105
1.0091405,20.225105
1.0091405,20.225105
1.0091405,20.225105
1.0091405,20.225105
1.0091405,20.225105
1.0091405,20.225105
1.0091405,20.225105
1.0091405,20.225105
1.0091405,20.225105
1.0091405,20.225105
1.0091405,20.225105
1.0091405,20.225105
1.0091405,20.225105
1.0091405,20.225105
1.0091405,20.225105
1.0091405,20.225105
1.0091405,20.225105
1.0091405,20.225105
1.0091405,20.225105
1.0091405,20.225105
1.0091405,20.225105
1.0091405,20.225105
1.0091405,20.225105
1.0091405,20.225105
1.0091405,20.225105
1.0091405,20.225105
1.0091405,20.225105
1.0091405,20.225105
1.0091405,20.225105
1.0091405,20.225105
1.0091405,20.225105
1.0091405,20.225105
1.0091405,20.225105
1.0091405,20.225105
1.0091405,20.225105
1.0091405,20.225105
1.0091405,20.225105
1.0091405,20.225105
1.0091405,20.225105
1.0091405,20.225105
1.0091405,20.225105
1.0091405,20.225105
1.0091405,20.225105
1.0091405,20.225105
1.0091405,20.225105
1.0091405,20.225105
1.0091405,20.225105
1.0091405,20.225105
1.0091405,20.225105
1.0091405,20.225105
1.0091405,20.225105
1.0091405,20.225105
1.0091405,20.225105
1.0091405,20.225105
1.0091405,20.225105
1.0091405,20.225105
1.0091405,20.225105
1.0091405,20.225105
1.0091405,20.225105
1.0091405,20.225105
1.0091405,20.225105
1.0091405,20.225105
1.0091405,20.225105
1.0091405,20.225105
1.0091405,20.225105
1.0091405,20.225105
1.0091405,20.225105
1.0091405,20.225105
1.0091405,20.225105
1.0091405,20.225105
1.0091405,20.225105
1.0091405,20.225105
1.0091405,20.225105
1.0091405,20.225105
1.0091405,20.225105
1.0091405,20.225105
1.0091405,20.225105
1.0091405,20.225105
1.0091405,20.225105
1.0091405,20.225105
1.0091405,20.225105
1.0091405,20.226248
1.0091405,20.226248
1.0102834,20.22739
1.0102834,20.229675
1.0114262,20.230818
1.0137119,20.234247
1.0159976,20.239962
1.0194262,20.250248
1.0239977,20.265104
1.0285691,20.284533
1.0331405,20.30396
1.037712,20.324532
1.0411406,20.34396
1.0434263,20.362246
1.0468549,20.379389
1.0491406,20.394245
1.0502834,20.406816
1.0514263,20.415958
1.0525692,20.4251
1.053712,20.4331
1.053712,20.443386
1.0548549,20.451385
1.0559977,20.461672
1.0571406,20.477673
1.0582834,20.507387
1.0582834,20.558815
1.0605692,20.626244
1.0674263,20.699387
1.0799978,20.767958
1.0959978,20.821672
1.1097121,20.853672
1.1165693,20.868528
1.1165693,20.8731
1.1165693,20.874243
1.1165693,20.875385
1.1165693,20.875385
1.1165693,20.87767
1.1131407,20.906242
1.110855,20.964527
1.1131407,21.03767
1.1257122,21.102814
1.1405693,21.158813
1.1588551,21.210241
1.1771408,21.26167
1.1954266,21.307383
1.2125695,21.343954
1.2251409,21.374811
1.2354267,21.399954
1.241141,21.421669
1.2434267,21.436525
1.2445695,21.449097
1.2445695,21.46281
1.2445695,21.478811
1.2445695,21.49824
1.2445695,21.523382
1.2468553,21.553097
1.2502838,21.585096
1.2548553,21.61481
1.2582839,21.639954
1.2617124,21.65824
1.2628553,21.67081
1.2639982,21.679953
1.2639982,21.689095
1.2628553,21.697094
1.2628553,21.705093
1.2617124,21.71195
1.2617124,21.722237
1.2617124,21.733665
1.2617124,21.746237
1.2628553,21.761093
1.265141,21.77595
1.2674267,21.793093
1.2685696,21.80795
1.2697124,21.82052
1.2708553,21.830807
1.2708553,21.839949
1.2719982,21.850235
1.2719982,21.860521
1.2719982,21.874235
1.273141,21.891378
1.2742839,21.910807
1.2777125,21.931377
1.2799982,21.953093
1.2822839,21.979378
1.2857125,22.009092
1.2879982,22.03995
1.2914268,22.070807
1.2937125,22.103949
1.2971411,22.135948
1.2994268,22.165663
1.3039982,22.19309
1.3085697,22.22509
1.3165697,22.260519
1.3268554,22.301662
1.338284,22.34509
1.3519983,22.393091
1.3668555,22.443377
1.3805698,22.495949
1.395427,22.548521
1.4091413,22.598806
1.4228556,22.64795
1.4365699,22.69595
1.4479985,22.741663
1.4594271,22.785091
1.4708557,22.829662
1.4834272,22.877663
1.4982843,22.930235
1.5119987,22.98395
1.5268558,23.03995
1.5428559,23.098234
1.5622845,23.162233
1.5828558,23.230804
1.60457,23.300518
1.6262842,23.371376
1.6525699,23.444519
1.6811413,23.519947
1.7119983,23.596518
1.7439983,23.674232
1.7748554,23.75309
1.7988553,23.815947
1.8159982,23.858232
1.8239982,23.879948
1.834284,23.907375
1.842284,23.931376
1.8479983,23.946232
1.8594269,23.98166
1.8719983,24.020517
1.8765697,24.035374
1.8799983,24.04223
1.8982841,24.083374
1.9314269,24.158802
1.9657125,24.242231
1.9942839,24.318802
2.0194268,24.391945
2.0388553,24.461658
2.0548553,24.523373
2.065141,24.57023
2.0697124,24.596516
2.0708551,24.605658
2.0708551,24.6068
2.0708551,24.607943
2.0708551,24.607943
2.0708551,24.607943
2.0708551,24.607943
2.0708551,24.607943
2.0708551,24.609085
2.0708551,24.609085
2.0708551,24.609085
2.0708551,24.609085
2.0708551,24.609085
2.0708551,24.609085
2.0708551,24.609085
2.0708551,24.609085
2.0708551,24.610228
2.0697124,24.639942
2.065141,24.717657
2.0639982,24.829657
2.0742838,24.938229
2.0914266,25.029657
2.1097124,25.100515
2.1234267,25.153088
2.1302838,25.187374
2.1325696,25.201088
2.1325696,25.203373
2.1325696,25.203373
2.1325696,25.203373
2.1325696,25.204515
2.1325696,25.205658
2.1325696,25.205658
2.1325696,25.2068
2.1325696,25.2068
2.1325696,25.2068
2.1325696,25.2068
2.1325696,25.2068
2.1325696,25.2068
2.1325696,25.2068
2.1325696,25.2068
2.1325696,25.2068
2.1325696,25.2068
2.1325696,25.2068
2.1325696,25.2068
2.1325696,25.2068
2.1325696,25.2068
2.1325696,25.2068
2.1325696,25.2068
2.1325696,25.2068
2.1325696,25.2068
2.1325696,25.2068
2.1325696,25.2068
2.1325696,25.2068
2.1325696,25.207943
2.1325696,25.207943
2.1325696,25.207943
2.1325696,25.207943
2.1325696,25.207943
2.1325696,25.207943
2.1325696,25.207943
2.1325696,25.207943
2.1325696,25.207943
2.1325696,25.207943
2.1325696,25.207943
2.1325696,25.207943
2.1325696,25.207943
2.1325696,25.207943
2.1325696,25.207943
2.1325696,25.207943
2.1325696,25.207943
2.1325696,25.207943
2.1325696,25.207943
2.1325696,25.207943
2.1325696,25.207943
2.1325696,25.207943
2.1325696,25.207943
2.1325696,25.207943
2.1325696,25.213657
2.1325696,25.229658
2.1337123,25.265087
2.134855,25.3108
2.1359978,25.3508
2.1371405,25.372515
2.1371405,25.379372
2.1371405,25.382801
2.1371405,25.385086
2.1371405,25.387371
2.1371405,25.388514
2.1371405,25.389656
2.1371405,25.390799
2.1371405,25.39537
2.1371405,25.4068
2.1348548,25.436514
2.1314263,25.491371
2.1314263,25.565657
2.1348548,25.633085
2.140569,25.676514
2.1439974,25.695942
2.1439974,25.702799
2.1417117,25.706228
2.139426,25.709658
2.1382833,25.711943
2.1371405,25.713085
2.1371405,25.721085
2.1348548,25.7508
2.1314263,25.807941
2.1279979,25.8788
2.1257122,25.948513
2.1257122,26.01137
2.1291406,26.063942
2.1314263,26.1108
2.1359978,26.157658
2.1382835,26.202229
2.1405692,26.2388
2.141712,26.2708
2.141712,26.300514
2.141712,26.329086
2.1394262,26.365658
2.133712,26.4228
2.1279979,26.495943
2.1234264,26.575943
2.119998,26.667372
2.1142838,26.779371
2.111998,26.903942
2.111998,27.0148
2.1154265,27.092514
2.1165693,27.145086
2.1165693,27.19423
2.1131408,27.244514
2.105141,27.297087
2.095998,27.350801
2.0879982,27.398802
2.0845697,27.435373
2.082284,27.46623
2.0799983,27.49823
2.0765698,27.531372
2.0731413,27.564514
2.0708556,27.5988
2.06857,27.629658
2.0674272,27.661657
2.0639987,27.697086
2.061713,27.737085
2.0594273,27.7748
2.0582845,27.802227
2.0582845,27.81594
2.0582845,27.81937
2.0582845,27.81937
2.0582845,27.81937
2.0582845,27.81937
2.0582845,27.81937
2.0582845,27.81937
2.0582845,27.81937
2.0582845,27.820513
2.0582845,27.822798
2.0582845,27.82737
2.0582845,27.833084
2.0582845,27.836514
2.0582845,27.837656
2.0582845,27.837656
2.0582845,27.837656
2.0582845,27.837656
2.0582845,27.837656
2.0582845,27.837656
2.0582845,27.837656
2.0582845,27.837656
2.0582845,27.837656
2.0582845,27.837656
2.0582845,27.837656
2.0582845,27.838799
2.0582845,27.841084
2.0582845,27.843369
2.0582845,27.846798
2.0582845,27.849083
2.0582845,27.849083
2.0582845,27.849083
2.0582845,27.849083
2.0582845,27.849083
2.0582845,27.849083
2.0582845,27.849083
2.0582845,27.849083
2.0582845,27.849083
2.0582845,27.849083
2.0582845,27.849083
2.0582845,27.849083
2.0582845,27.849083
2.0582845,27.849083
2.0582845,27.849083
2.0582845,27.849083
2.0582845,27.849083
2.0582845,27.849083
2.0582845,27.849083
2.0582845,27.849083
2.0582845,27.849083
2.0582845,27.849083
2.0582845,27.849083
2.0582845,27.849083
2.0582845,27.849083
2.0582845,27.849083
2.0582845,27.849083
2.0582845,27.849083
2.0582845,27.849083
2.0582845,27.849083
2.0582845,27.849083
2.0582845,27.849083
2.0582845,27.849083
2.0582845,27.849083
2.0582845,27.849083
2.0582845,27.849083
2.0582845,27.849083
2.0582845,27.849083
2.0582845,27.849083
2.0582845,27.849083
2.0582845,27.849083
2.0582845,27.849083
2.0582845,27.849083
2.0582845,27.849083
2.0582845,27.849083
2.0582845,27.849083
2.0582845,27.849083
2.0582845,27.849083
2.0582845,27.849083
2.0582845,27.849083
2.0582845,27.849083
2.0582845,27.849083
2.0582845,27.849083
2.0582845,27.849083
2.0582845,27.849083
2.0582845,27.849083
2.0582845,27.849083
2.0582845,27.849083
2.0582845,27.849083
2.0582845,27.849083
2.0582845,27.849083
2.0582845,27.849083
2.0582845,27.849083
2.0582845,27.849083
2.0582845,27.849083
2.0582845,27.849083
2.0582845,27.849083
2.0582845,27.849083
2.0582845,27.849083
2.0582845,27.849083
2.0582845,27.849083
2.0582845,27.849083
2.0582845,27.849083
2.0582845,27.849083
2.0582845,27.849083
2.0582845,27.849083
2.0582845,27.849083
2.0582845,27.849083
2.0582845,27.849083
2.0582845,27.849083
2.0582845,27.849083
2.0582845,27.849083
2.0582845,27.849083
2.0582845,27.849083
2.0582845,27.849083
2.0582845,27.849083
2.0582845,27.849083
2.0582845,27.849083
2.0582845,27.849083
2.0582845,27.849083
