-0.044412162,-0.1943482,-0.5516946,-101.83965580968024,34906.005859375,-103.62368831192671,104397.5830078125,-100.76285789705554,35162.353515625,-103.63106864816665,38729.8583984375,354394215
-0.049823478,-0.19024988,-0.55293965,-103.05124942431414,35675.048828125,-102.2018519891954,104461.669921875,-98.98182137498962,35717.7734375,-101.99283141828515,117257.6904296875,354395915
-0.069893286,-0.17684683,-0.5570301,-105.8819005449132,34884.6435546875,-104.75912431805725,104760.7421875,-101.12464583742101,35482.7880859375,-105.18443842145618,38729.8583984375,354395935
-0.09198485,-0.16119754,-0.56176883,-103.10447601653543,34606.93359375,-102.580425215559,104910.2783203125,-101.76090328324405,35140.9912109375,-101.6805178834489,116937.255859375,354395955
-0.115425475,-0.14587966,-0.56633246,-105.67419194794343,34628.2958984375,-102.69762411113345,105999.755859375,-100.57761768170232,34350.5859375,-102.02354756541531,38900.7568359375,354395975
-0.13854599,-0.13190766,-0.5705748,-101.9104810058139,35098.2666015625,-102.07985221918722,104675.29296875,-100.95329750696884,35034.1796875,-102.91946128298483,39242.5537109375,354395995
-0.1603567,-0.117639065,-0.5749266,-105.22352561193559,69961.5478515625,-103.78718197931008,105123.9013671875,-100.051968309276,34970.0927734375,-102.96494521761375,39221.19140625,354396015
-0.18473363,-0.10201235,-0.5796911,-103.64682173071546,35140.9912109375,-103.6768958831582,104995.7275390625,-102.35776736884688,35076.904296875,-100.7216962945856,116595.458984375,354396035
-0.22519183,-0.07751432,-0.5870345,-100.19231662595801,34820.556640625,-103.98067502440568,104675.29296875,-102.64986640987024,35183.7158203125,-101.3787296094521,116702.2705078125,354396055
-0.26515222,-0.05220354,-0.594666,-104.357724865068,35162.353515625,-102.31222711305375,105081.1767578125,-103.78354115636802,34265.13671875,-101.24394790662973,116488.6474609375,354396075
-0.30361074,-0.024441795,-0.60313094,-101.24372516022221,34564.208984375,-104.99835185370304,104547.119140625,-101.24961321762463,34243.7744140625,-101.03731528419812,38836.669921875,354396095
-0.34205797,0.0033154823,-0.61166155,-101.12291611899539,34585.5712890625,-101.79550513684107,105380.2490234375,-102.05469881634819,34649.658203125,-104.48577236082804,38879.39453125,354396115
-0.3809707,0.03035912,-0.6197482,-103.79393602100612,36465.4541015625,-105.50590113232346,104504.39453125,-98.35372443891954,34991.455078125,-102.05634458245918,117150.87890625,354396135
-0.42035162,0.0566129,-0.6276384,-102.04172950388319,35119.62890625,-103.74946724807589,69555.6640625,-101.03058183555984,34671.0205078125,-101.00428737486256,117129.5166015625,354396155
-0.45922038,0.083708495,-0.6357623,-103.0034580004029,34820.556640625,-102.51408372687537,104269.4091796875,-102.21895132403574,35397.3388671875,-103.11425323943324,39541.6259765625,354396175
-0.4985591,0.10999409,-0.6437565,-105.57548449442774,70388.7939453125,-104.94885048204182,104611.2060546875,-102.63191120571769,35034.1796875,-103.87424829126542,117300.4150390625,354396195
-0.5369088,0.13789481,-0.6522581,-103.78635640427296,35205.078125,-103.65395260117876,105294.7998046875,-101.6561205728928,34649.658203125,-103.29979576048274,38238.525390625,354396215
-0.5757919,0.16493744,-0.66048914,-105.30577466601585,69427.490234375,-105.15898034653003,104782.1044921875,-100.44834559233294,35119.62890625,-101.74328208896034,116253.662109375,354396235
-0.61471504,0.19189543,-0.66880804,-102.90614178696147,34243.7744140625,-103.97675870717963,104440.3076171875,-103.65597297252252,35162.353515625,-103.04737980433836,38665.771484375,354396255
-0.6531777,0.21965353,-0.6772663,-104.49126261302531,35162.353515625,-104.5199109310563,35739.1357421875,-101.04086764259898,35632.32421875,-100.95717465851854,39541.6259765625,354396275
-0.6911407,0.24823284,-0.6859752,-102.40892345189917,70687.8662109375,-102.58386600774692,105059.814453125,-101.46506738543239,34393.310546875,-100.43567266165346,116744.9951171875,354396295
-0.7286011,0.2776716,-0.6948171,-105.36428607653902,70025.634765625,-103.81118339485772,105337.5244140625,-101.28795623750405,35739.1357421875,-103.46442249568398,116616.8212890625,354396315
-0.76703393,0.30546927,-0.703281,-103.22731051235684,35546.875,-102.5118131557224,105273.4375,-101.31055272641996,34948.73046875,-101.2571530403474,116445.9228515625,354396335
-0.8059522,0.3324776,-0.7114583,-106.46443396538949,35226.4404296875,-102.43880516287759,104119.873046875,-101.72893634548679,35375.9765625,-102.86207259259908,117065.4296875,354396355
-0.84487426,0.35942715,-0.7198095,-102.33093586257925,34692.3828125,-103.52182293288634,105017.08984375,-101.21789846468172,35012.8173828125,-101.00546387376471,116638.18359375,354396375
-0.88333046,0.38716078,-0.7283765,-100.25500980583459,33987.4267578125,-103.03901033611561,104995.7275390625,-100.0284827821693,34884.6435546875,-101.67554546913036,38815.3076171875,354396395
-0.9223132,0.41406026,-0.73660535,-102.78247421205764,35034.1796875,-104.74815839364156,104739.3798828125,-100.23561807118107,35247.802734375,-101.19670112016011,116830.4443359375,354396415
-0.96133673,0.4409231,-0.7447602,-102.30646824554917,34564.208984375,-105.24731977927799,104846.19140625,-102.44589020563527,35290.52734375,-102.25106695230237,38858.0322265625,354396435
-0.99989635,0.46856147,-0.75316864,-101.72500068864034,34735.107421875,-104.25527228891153,35247.802734375,-102.08120109557683,35076.904296875,-101.12904047834562,38815.3076171875,354396455
-1.0384585,0.49620333,-0.76155436,-102.7953053935177,34735.107421875,-102.07764286605493,104888.916015625,-99.4723142583956,35418.701171875,-103.77899730487627,38836.669921875,354396475
-1.0779922,0.5222114,-0.7694942,-100.9314513622763,35140.9912109375,-102.93757424539115,103948.974609375,-100.64265406436293,35012.8173828125,-101.23154310027687,117279.052734375,354396495
-1.1170382,0.5490689,-0.7775583,-102.56741987394874,34094.23828125,-102.58938815671534,104782.1044921875,-100.56656055263367,35183.7158203125,-103.16386545845829,39819.3359375,354396515
-1.156603,0.57504475,-0.78544915,-104.00608727014136,70068.359375,-102.5738658415614,105145.263671875,-101.46699947498206,34991.455078125,-102.56292168660102,116702.2705078125,354396535
-1.1961786,0.60101414,-0.79330647,-101.62755864635784,34948.73046875,-103.60217876889686,69854.736328125,-99.9593117589026,34478.759765625,-100.15675116055351,116488.6474609375,354396555
-1.2357402,0.62705034,-0.80101156,-100.6656523366774,35098.2666015625,-101.73981324814108,104974.365234375,-99.47511318674776,35098.2666015625,-102.28348423157159,117150.87890625,354396575
-1.2761383,0.6536083,-0.8087152,-102.96383305278908,34329.2236328125,-103.1551256975064,105166.6259765625,-104.70974887403361,34884.6435546875,-101.8839831092982,116445.9228515625,354396595
-1.3200356,0.67993957,-0.81641525,-103.50416183201474,34799.1943359375,-103.92898970977411,104632.568359375,-103.46265699305148,34692.3828125,-104.27417961332279,38601.6845703125,354396615
-1.3648,0.7066978,-0.82426816,-102.40262055467036,34286.4990234375,-101.11659468427712,105337.5244140625,-102.37008015111459,34521.484375,-101.24680321342123,117001.3427734375,354396635
-1.4092299,0.732156,-0.83165795,-105.57229630109875,34030.1513671875,-106.10065541209053,34457.3974609375,-100.76525683144749,35076.904296875,-100.11162576749535,116574.0966796875,354396655
-1.453317,0.7563171,-0.8386101,-105.4280432235801,68978.8818359375,-103.41457560752465,104974.365234375,-99.90933828545862,34671.0205078125,-101.34306860042707,39413.4521484375,354396675
-1.4952135,0.78039026,-0.8455069,-103.37202277732219,33966.064453125,-102.60995137104415,105252.0751953125,-101.62658752639362,34799.1943359375,-102.19593144334414,39093.017578125,354396695
-1.5362477,0.80402285,-0.8522727,-99.86867136347456,34521.484375,-104.79644112247215,105187.98828125,-101.55829055459273,35183.7158203125,-100.95226755953061,116595.458984375,354396715
-1.5768051,0.8284593,-0.85926557,-100.97878019019554,34863.28125,-102.85152716690597,104888.916015625,-100.92038057884905,35247.802734375,-104.71554309109443,38986.2060546875,354396735
-1.6168578,0.8537272,-0.8665473,-103.23725308769005,34756.4697265625,-102.04053733805962,105380.2490234375,-99.75230679531633,34628.2958984375,-101.71527926227026,116723.6328125,354396755
-1.6572616,0.88029724,-0.87417907,-104.57012542316102,69577.0263671875,-103.49722252201587,105444.3359375,-100.86137684031809,34585.5712890625,-101.91141638751319,116744.9951171875,354396775
-1.6967897,0.9063823,-0.881891,-103.81963713750648,4080.2001953125,-102.6984394064936,105764.7705078125,-103.03022880096907,35504.150390625,-101.40638149055479,116445.9228515625,354396795
-1.7388535,0.9339343,-0.88979954,-101.78918694233172,34841.9189453125,-101.58926256001396,104418.9453125,-99.61278183711558,35440.0634765625,-103.33919756650431,39114.3798828125,354396815
-1.7821202,0.96325755,-0.8981453,-103.30171524569957,34585.5712890625,-106.52610393385552,69342.041015625,-101.8548326767453,35760.498046875,-101.26507411009453,39605.712890625,354396835
-1.8273846,0.99489397,-0.907061,-105.57565987749757,69384.765625,-103.26931096779114,104910.2783203125,-101.74593986249022,35440.0634765625,-103.89575588429025,38858.0322265625,354396855
-1.8783894,1.031934,-0.9176512,-105.61334860550903,34777.83203125,-103.08699332554978,105230.712890625,-101.99753895081781,35333.251953125,-101.94728143513755,38879.39453125,354396875
-1.9563919,1.0839273,-0.9330151,-103.92090682562015,35568.2373046875,-102.46058158377267,105038.4521484375,-102.58318908898676,35119.62890625,-103.02556965809967,38858.0322265625,354396895
-2.0179994,1.1257948,-0.94510394,-104.8140490817334,34307.861328125,-101.8458948951328,104995.7275390625,-100.40253521557746,34948.73046875,-103.65802956906249,116510.009765625,354396915
-2.0963428,1.1773176,-0.9598411,-103.07648271910725,34692.3828125,-102.95243192339183,104846.19140625,-101.99626937218567,35504.150390625,-99.98875755912826,116616.8212890625,354396935
-2.157464,1.2216833,-0.9728221,-100.43693857146478,35205.078125,-104.70619847333703,104632.568359375,-102.18139687122039,34692.3828125,-103.94628964985573,39071.6552734375,354396955
-2.2339811,1.2761151,-0.9883255,-103.76641119723888,35739.1357421875,-104.21466722100128,35461.42578125,-101.46978038555864,34991.455078125,-103.98572802811364,38793.9453125,354396975
-2.3093681,1.3324325,-1.0039812,-103.77584715261052,35824.5849609375,-105.47304327791795,104888.916015625,-102.21699410215196,34350.5859375,-101.62752341974381,38858.0322265625,354396995
-2.3668592,1.3806924,-1.0181344,-103.19105994623833,69747.9248046875,-102.70966920708872,105465.6982421875,-100.35882684871342,35119.62890625,-101.52345383124549,116851.806640625,354397015
-2.440915,1.4387459,-1.0353098,-104.30975242751144,2841.1865234375,-102.7594200863087,35974.12109375,-103.66249912206109,35354.6142578125,-101.88442166616859,116552.734375,354397035
-2.4862652,1.4825171,-1.0484649,-102.7302625506856,34606.93359375,-104.43737323930333,104483.0322265625,-102.66585965213807,34777.83203125,-103.78544980528928,38345.3369140625,354397055
-2.5240533,1.5254172,-1.0615201,-104.08904036742717,34136.962890625,-101.6625532897668,105978.3935546875,-100.20413404747565,35183.7158203125,-100.40898753555594,116744.9951171875,354397075
-2.556919,1.5668466,-1.074179,-103.81144523598854,35739.1357421875,-102.8044067872083,104995.7275390625,-101.2435462967662,35226.4404296875,-102.81638264400213,117449.951171875,354397095
-2.5879176,1.6074498,-1.0865464,-106.8867209780594,36572.265625,-102.21919787816836,104589.84375,-98.85510558208742,35589.599609375,-100.90791752545564,116040.0390625,354397115
-2.6163654,1.6499852,-1.0996805,-103.0082881095769,35290.52734375,-102.5657127223331,104568.4814453125,-99.82114204902007,35418.701171875,-101.77487808964344,115847.7783203125,354397135
-2.6456783,1.6910132,-1.1125133,-103.66767337212943,35205.078125,-103.62188910724917,105102.5390625,-99.97226960138151,34735.107421875,-101.53936214729087,116766.357421875,354397155
-2.6747916,1.7321619,-1.125414,-105.33676563462078,33880.615234375,-103.99229024310722,105657.958984375,-102.34160390186594,35546.875,-102.73380480174117,116574.0966796875,354397175
-2.701981,1.7758536,-1.13911,-99.62583556384448,35012.8173828125,-103.769045073033,69662.4755859375,-101.76298602545016,35290.52734375,-102.23011215729346,116531.3720703125,354397195
-2.7284064,1.8204644,-1.1530414,-103.20669362633167,34799.1943359375,-103.85373505277758,104696.6552734375,-101.0434976202381,35140.9912109375,-103.60268335863688,38452.1484375,354397215
-2.7546492,1.8651608,-1.1670429,-104.34547531130355,34115.6005859375,-101.18137033770012,106021.1181640625,-102.20937087867355,35824.5849609375,-100.33835084884603,116488.6474609375,354397235
-2.7813177,1.9091663,-1.1807588,-104.79305493620416,35504.150390625,-100.76173463062096,104632.568359375,-102.79092501938287,104547.119140625,-100.54417056748981,116339.111328125,354397255
-2.8084137,1.9524219,-1.19439,-102.18237303805634,35226.4404296875,-101.89570302493904,104611.2060546875,-100.62429191616874,3503.41796875,-103.60560613317602,116210.9375,354397275
-2.8349051,1.9965055,-1.2081978,-104.83450140217147,33624.267578125,-103.01340150301925,105252.0751953125,-102.66687734043175,34799.1943359375,-101.07298376569553,38687.1337890625,354397295
-2.8624015,2.0391042,-1.2215197,-105.03070266830872,35739.1357421875,-103.0468133543721,104888.916015625,-102.27779405574175,35119.62890625,-102.19647630180766,117407.2265625,354397315
-2.889316,2.0825698,-1.2348388,-101.42591866512076,34756.4697265625,-103.25420787065966,105358.88671875,-97.6124203886424,34564.208984375,-101.77966207719234,116659.5458984375,354397335
-2.9022357,2.1158679,-1.244879,-105.34165239302972,35290.52734375,-102.09015470520421,105017.08984375,-99.99033345101645,34414.6728515625,-103.02695645550864,38964.84375,354397355
-2.9127448,2.1509602,-1.2554038,-104.54243426358917,70837.40234375,-101.22058504165295,104803.466796875,-102.38592186991397,34585.5712890625,-103.53374754199463,116510.009765625,354397375
-2.9240825,2.1865792,-1.2660586,-106.06671706405231,71371.4599609375,-104.85789864924973,36401.3671875,-101.88373354297141,34094.23828125,-104.34040528679697,39498.9013671875,354397395
-2.9444425,2.2394257,-1.2817677,-103.67196626030021,35055.5419921875,-104.91383849987882,104696.6552734375,-102.77138157611951,34500.1220703125,-102.31746853265875,39627.0751953125,354397415
-2.962012,2.2962356,-1.298357,-106.21023424465001,35546.875,-101.7076324754141,104653.9306640625,-101.45124523008121,35354.6142578125,-101.42966758621597,117129.5166015625,354397435
-2.9795356,2.3530428,-1.3150038,-103.79308681619216,35333.251953125,-102.34146260924098,105252.0751953125,-101.39780503752284,35098.2666015625,-101.59855871739705,116510.009765625,354397455
-2.996499,2.4106154,-1.3319169,-101.90381397022995,35440.0634765625,-101.56465279026436,104803.466796875,-101.95752548132431,33987.4267578125,-100.31216058350977,116723.6328125,354397475
-2.9978247,2.460278,-1.3463606,-102.67236583078966,35461.42578125,-102.96155087559548,104675.29296875,-99.1497809434725,35226.4404296875,-103.9555765716284,38281.25,354397495
-2.998538,2.510728,-1.3609861,-104.36832778120527,70217.8955078125,-103.44795368566834,104354.8583984375,-103.17398093544551,34991.455078125,-103.3902514945616,39392.08984375,354397515
-2.999743,2.560419,-1.375341,-104.22645223286557,36145.01953125,-102.07857836479043,104803.466796875,-103.29403769234771,34863.28125,-102.24643987180336,117471.3134765625,354397535
-3.001294,2.6046512,-1.3881259,-101.7433248514984,34906.005859375,-103.65546505003124,104910.2783203125,-101.22699448530639,35290.52734375,-102.31097903157882,39477.5390625,354397555
-3.0015726,2.645774,-1.3999046,-104.59211217735464,70111.083984375,-104.35553932445322,105102.5390625,-101.71946817612935,35269.1650390625,-100.67750996920094,116574.0966796875,354397575
-3.0035694,2.684561,-1.411053,-105.91097490047888,34927.3681640625,-100.46960501227804,105615.234375,-100.05768176849743,35140.9912109375,-102.98749708310076,38217.1630859375,354397595
-3.007255,2.7210128,-1.4215585,-103.66751361268305,34863.28125,-105.06939161842641,105166.6259765625,-105.56471850207652,35119.62890625,-102.05544317811153,116232.2998046875,354397615
-3.0039923,2.7506633,-1.4300059,-103.08782502944169,6301.8798828125,-103.3469053297879,104974.365234375,-100.73073435859806,34948.73046875,-102.22007052491436,116830.4443359375,354397635
-3.000791,2.77693,-1.4374998,-104.79305999931216,34393.310546875,-103.7513904692299,105487.060546875,-100.61170902712246,35226.4404296875,-103.54398735463256,39328.0029296875,354397655
-2.9981816,2.802419,-1.4447919,-101.70268753659786,34713.7451171875,-104.00769657466316,104376.220703125,-100.00799566170996,35034.1796875,-100.4517536588503,38751.220703125,354397675
-2.9929452,2.8216667,-1.450252,-102.60266184985551,35888.671875,-104.04009333234251,104568.4814453125,-102.95316340638074,35546.875,-102.34885741862912,38858.0322265625,354397695
-2.985309,2.8393614,-1.4552373,-107.68057748271676,34030.1513671875,-103.97208807394858,105465.6982421875,-101.38960935017265,34265.13671875,-100.78711260148924,116979.98046875,354397715
-2.9766097,2.8586283,-1.46066,-101.24765228033382,35012.8173828125,-104.10897734308958,105273.4375,-102.22486537612846,34542.8466796875,-103.08595581147631,116296.38671875,354397735
-2.9679348,2.877908,-1.4660754,-103.43040235749184,35440.0634765625,-104.60492544289681,105166.6259765625,-102.1927205034816,34948.73046875,-103.85153470613396,116766.357421875,354397755
-2.9576738,2.8961678,-1.4711885,-101.92125196492754,35055.5419921875,-102.58555449330983,105123.9013671875,-101.37731100370287,35482.7880859375,-100.11659516847695,117129.5166015625,354397775
-2.9466393,2.9139335,-1.47615,-102.55565345509666,35461.42578125,-104.00972290052187,104589.84375,-104.53631231918328,34906.005859375,-100.54975320695524,116467.28515625,354397795
-2.9356425,2.9317143,-1.4811409,-105.81352125926765,35333.251953125,-102.87760634363056,104290.771484375,-101.83289793030673,35290.52734375,-101.13055543743332,116680.908203125,354397815
-2.9252055,2.9487238,-1.485914,-106.25114493242151,33944.7021484375,-100.51494559443817,105337.5244140625,-101.1023831492458,33987.4267578125,-100.79009077956938,116680.908203125,354397835
-2.9142478,2.966525,-1.4909183,-101.02335917782335,35119.62890625,-103.43757449254532,104333.49609375,-104.89020973690492,34500.1220703125,-102.99100368382197,116851.806640625,354397855
-2.9008706,2.9861705,-1.4964383,-105.3560473186424,35055.5419921875,-104.27708061923396,105978.3935546875,-100.42142140401312,34948.73046875,-102.75482894183457,38558.9599609375,354397875
-2.8858912,3.0081775,-1.5026137,-105.1437118104985,35354.6142578125,-101.97517953438768,104974.365234375,-99.76985003997837,34179.6875,-103.8108333548781,38793.9453125,354397895
-2.871726,3.030704,-1.5089128,-102.64862660462343,35055.5419921875,-104.28470369719855,105743.408203125,-100.94085220111049,35183.7158203125,-100.68767098320713,116531.3720703125,354397915
-2.8591661,3.0508707,-1.5145581,-103.15396517367861,34884.6435546875,-102.29831525766946,104867.5537109375,-101.90671402715716,34521.484375,-101.44242281387247,38580.322265625,354397935
-2.8442073,3.0762608,-1.5216864,-102.09160340035243,34756.4697265625,-104.60499445592697,105230.712890625,-99.51935457707711,35717.7734375,-102.58748140465227,38644.4091796875,354397955
-2.8270893,3.1047833,-1.5296959,-103.47531208957952,34991.455078125,-101.28550188128757,104525.7568359375,-100.59360059314626,36209.1064453125,-100.37778362791317,116552.734375,354397975
-2.8094156,3.137447,-1.5389059,-102.71972576788795,35589.599609375,-105.04753869108684,69683.837890625,-101.52891302725193,34841.9189453125,-101.27976290738088,117257.6904296875,354397995
-2.7879083,3.1755595,-1.5496652,-104.07085621295971,70025.634765625,-102.67855741906091,104888.916015625,-101.69322147348564,35205.078125,-102.62046601326904,117236.328125,354398015
-2.7636073,3.2175233,-1.5615557,-103.47056999097768,34756.4697265625,-103.61835488514043,105743.408203125,-104.06075638443357,34948.73046875,-101.09554201802915,116894.53125,354398035
-2.734332,3.2664635,-1.5754244,-105.54987033150162,34265.13671875,-102.27081562771689,104483.0322265625,-102.86705387690341,35247.802734375,-101.83968082454123,117236.328125,354398055
-2.7016866,3.3166394,-1.58961,-104.57330284076116,34735.107421875,-104.06235700373867,104547.119140625,-100.9588413705738,35098.2666015625,-101.88126168763718,116915.8935546875,354398075
-2.667769,3.371647,-1.6052217,-103.14708890623619,35525.5126953125,-103.90485185559018,35781.8603515625,-101.61098320995998,34692.3828125,-101.48721558804083,116851.806640625,354398095
-2.6314707,3.4296412,-1.621729,-105.39890050786823,34927.3681640625,-103.8385730250863,34948.73046875,-99.40404438323569,35397.3388671875,-102.2189251365827,39349.365234375,354398115
-2.5911918,3.4895866,-1.6387597,-101.00876167594339,34948.73046875,-105.27648777247174,104504.39453125,-102.15641771295378,35760.498046875,-102.9528361792722,117214.9658203125,354398135
-2.549651,3.55101,-1.6561042,-102.70738805082846,35653.6865234375,-104.27927616351204,105401.611328125,-99.53392009066462,34500.1220703125,-101.74368382154074,38537.59765625,354398155
-2.5087864,3.6094632,-1.6726118,-103.33502590053918,37512.20703125,-103.36631048879626,104888.916015625,-101.82085466238757,34777.83203125,-100.96555885288046,115655.517578125,354398175
-2.4685867,3.6649652,-1.6881572,-103.669000193363,105017.08984375,-103.16740365670174,105337.5244140625,-102.26228186306011,35269.1650390625,-101.42830869737503,117022.705078125,354398195
-2.4287133,3.7195404,-1.7034414,-101.06427209884899,34863.28125,-103.99534458711103,105465.6982421875,-102.78489999194294,35675.048828125,-101.87409711477619,116104.1259765625,354398215
-2.3866725,3.7749534,-1.718908,-102.61310015063441,34521.484375,-105.29749103878325,104803.466796875,-101.9174191570952,34329.2236328125,-103.70847770722574,38153.076171875,354398235
-2.3447428,3.8281434,-1.7336886,-103.01037622848669,36166.3818359375,-102.17812773920869,105487.060546875,-99.11159797739305,34243.7744140625,-101.42637430200053,117172.2412109375,354398255
-2.3035402,3.8783624,-1.7476057,-103.38345857891562,35055.5419921875,-104.12264242680614,104974.365234375,-102.41702186771849,35375.9765625,-100.79563162320439,116659.5458984375,354398275
-2.2658174,3.925227,-1.7604629,-102.69847153305386,35760.498046875,-103.55594329549817,104974.365234375,-101.13338992441922,35226.4404296875,-100.88895035113569,117022.705078125,354398295
-2.2321632,3.9679484,-1.7722161,-101.06175664470754,35269.1650390625,-103.9912916321613,34457.3974609375,-99.48777663675756,35140.9912109375,-104.25108124588789,116937.255859375,354398315
-2.198329,4.0105405,-1.7839224,-103.76237149172987,35354.6142578125,-102.51512571778251,70773.3154296875,-100.23765282144913,34606.93359375,-105.0856107803055,116403.1982421875,354398335
-2.1617906,4.0547137,-1.7960377,-105.05657869034098,34564.208984375,-104.27759361132573,71072.3876953125,-102.95512843442515,35311.8896484375,-102.59376533891462,39050.29296875,354398355
-2.1260102,4.095906,-1.8072834,-103.9708003831843,70153.80859375,-103.65827234140804,104333.49609375,-101.49579739203978,35269.1650390625,-101.26442248006313,38558.9599609375,354398375
-2.0892332,4.136384,-1.8181978,-102.01330313108164,35589.599609375,-103.21316120187262,35931.396484375,-102.75017123976086,105401.611328125,-102.03451275401137,117001.3427734375,354398395
-2.0504868,4.178956,-1.8296369,-105.46637955265825,34756.4697265625,-102.60083059856697,105273.4375,-103.22145474647766,34564.208984375,-101.71864815768073,38836.669921875,354398415
-2.0118346,4.218027,-1.8400618,-105.23214454823206,34286.4990234375,-102.86100154742996,105422.9736328125,-101.41948982045861,35589.599609375,-100.16341014212982,116702.2705078125,354398435
-1.9735713,4.250256,-1.848435,-102.97387987044333,70089.7216796875,-103.15009854756197,104867.5537109375,-101.84117707599268,34436.03515625,-102.64423199360259,115975.9521484375,354398455
-1.9354645,4.2789865,-1.8558078,-104.93314747868456,34863.28125,-104.95672495269646,104824.8291015625,-103.14785066424372,34628.2958984375,-100.92593938494169,116360.4736328125,354398475
-1.8956779,4.3063784,-1.8627458,-103.76447721275575,34072.8759765625,-103.55686225115774,104098.5107421875,-101.62917640575881,35183.7158203125,-103.69172056876329,39050.29296875,354398495
-1.8566364,4.3354387,-1.8701993,-102.37701386740173,34863.28125,-102.37140625440107,34179.6875,-104.3544045640102,34564.208984375,-100.34840203676819,116189.5751953125,354398515
-1.8168261,4.3650384,-1.8777899,-103.81580853255957,35119.62890625,-102.48978647241344,104611.2060546875,-104.1001953841025,35269.1650390625,-104.04388047079024,39498.9013671875,354398535
-1.7787291,4.3922844,-1.8846948,-103.47531940523574,33752.44140625,-103.58540318485481,104953.0029296875,-101.68533860425137,34927.3681640625,-101.79720247797322,116146.8505859375,354398555
-1.7429802,4.4164658,-1.8906757,-104.07344639829448,35205.078125,-103.08152531576341,105850.2197265625,-105.388723234808,34863.28125,-100.40550986126958,116275.0244140625,354398575
-1.7096113,4.437606,-1.8957404,-103.06124662026072,34927.3681640625,-103.88477085934178,104461.669921875,-101.76443296567975,35076.904296875,-100.46607666512014,116979.98046875,354398595
-1.6746404,4.4573803,-1.9003865,-103.48311810543088,34393.310546875,-103.83165825289134,105209.3505859375,-104.69150236884714,35119.62890625,-101.91988614158107,116702.2705078125,354398615
-1.639981,4.4736032,-1.9041202,-102.41385852455136,35098.2666015625,-102.7022737846167,104953.0029296875,-100.77803450626541,35034.1796875,-100.17442934352802,116723.6328125,354398635
-1.6038868,4.4898386,-1.9077247,-104.51963648883499,34692.3828125,-102.165390637076,105252.0751953125,-99.03303984945785,34628.2958984375,-102.9547167560857,116296.38671875,354398655
-1.5675483,4.5033264,-1.9106185,-103.33440566472133,70068.359375,-103.7503853040716,104632.568359375,-103.00325356466053,35546.875,-101.82192538300384,38922.119140625,354398675
-1.529061,4.516226,-1.9132572,-104.17984869084093,34649.658203125,-103.25660603152025,104226.6845703125,-100.5854443487456,35183.7158203125,-102.3869797265489,38687.1337890625,354398695
-1.4885404,4.529907,-1.9159901,-101.87481594592846,35012.8173828125,-101.65224663110523,105572.509765625,-100.75252584716354,34564.208984375,-102.29950716878758,38943.4814453125,354398715
-1.4466178,4.54363,-1.918628,-103.2388922079947,35119.62890625,-104.12656656464499,70046.9970703125,-101.14076094154419,34991.455078125,-100.52165344736075,117364.501953125,354398735
-1.4025546,4.556755,-1.9210052,-103.29380318536487,35354.6142578125,-102.39332239740989,104760.7421875,-102.91852540388291,35418.701171875,-101.4990255532875,116638.18359375,354398755
-1.3501968,4.5703526,-1.9232079,-101.10836263240147,34777.83203125,-104.22682203207071,105017.08984375,-102.3908085959221,34286.4990234375,-100.7594862327413,116915.8935546875,354398775
-1.2916218,4.584807,-1.9253502,-103.55123334232348,35418.701171875,-101.81077976609879,105166.6259765625,-99.61548110435265,35098.2666015625,-102.15820597074661,116317.7490234375,354398795
-1.2300527,4.5963764,-1.9267331,-102.91486421315633,34030.1513671875,-103.88631828920842,70068.359375,-102.28943063908474,34692.3828125,-102.98214413132298,38772.5830078125,354398815
-1.1563188,4.614805,-1.9298364,-103.15726345009634,34713.7451171875,-102.20093788964355,105615.234375,-102.31639661062908,35205.078125,-102.67710087676673,39349.365234375,354398835
-1.0798622,4.636839,-1.9339453,-102.11151531519592,35461.42578125,-101.32834235969642,104995.7275390625,-101.90552694858943,35290.52734375,-102.68931294669619,116339.111328125,354398855
-0.9991523,4.659831,-1.9381598,-101.30471036785147,34799.1943359375,-101.51132278269849,105401.611328125,-102.89519564019969,35226.4404296875,-100.56568877053054,116638.18359375,354398875
-0.91550905,4.6823487,-1.941966,-102.20654159446475,35504.150390625,-102.7540243860208,105081.1767578125,-101.04796233994976,35290.52734375,-101.5131170778077,116680.908203125,354398895
-0.82481086,4.705693,-1.9458985,-102.87273461669625,35226.4404296875,-103.71323768936314,105252.0751953125,-100.25173875996742,34777.83203125,-100.39369162750162,116851.806640625,354398915
-0.732503,4.7282157,-1.9493526,-104.42237633613131,34371.9482421875,-103.70126034187935,104910.2783203125,-99.88619620683244,35140.9912109375,-100.9133293327825,116873.1689453125,354398935
-0.6385054,4.7522435,-1.9530674,-102.49341626694986,35995.4833984375,-103.95368903597063,104995.7275390625,-99.38512356404243,35525.5126953125,-101.68836735760615,117022.705078125,354398955
-0.5441864,4.7765093,-1.9565727,-101.98984228389892,35461.42578125,-101.75459173179222,104525.7568359375,-99.98210333203504,35632.32421875,-102.23252023928224,116381.8359375,354398975
-0.45444492,4.799294,-1.9588671,-103.93941646257788,35888.671875,-102.13363620479463,104974.365234375,-101.47450205063353,35140.9912109375,-102.18819981729158,39007.568359375,354398995
-0.37405574,4.821296,-1.9609702,-104.6775493953936,35717.7734375,-101.6727721258779,105209.3505859375,-100.85387001613458,34713.7451171875,-99.56701764957499,115954.58984375,354399015
-0.29844734,4.847559,-1.964306,-99.27649284547739,35311.8896484375,-100.90237249051302,104931.640625,-99.77761115338703,34906.005859375,-103.08023462263634,116381.8359375,354399035
-0.22219236,4.8824763,-1.9699768,-101.1219556768468,35012.8173828125,-104.08032733694668,104931.640625,-104.07423742867846,35504.150390625,-102.67967455029697,39242.5537109375,354399055
-0.15126163,4.9201717,-1.9764267,-107.25950347656492,34436.03515625,-103.18194030092769,104846.19140625,-100.17416804389357,35995.4833984375,-103.14483616720337,39242.5537109375,354399075
-0.08460704,4.9521723,-1.9813989,-105.09802780332515,34628.2958984375,-103.38295318493545,104803.466796875,-100.85819350405637,34542.8466796875,-101.78100717151045,39028.9306640625,354399095
-0.02715059,4.973744,-1.9839625,-105.87659999101166,34756.4697265625,-105.48664889216198,105017.08984375,-102.51214673722674,35183.7158203125,-102.69877799009797,117065.4296875,354399115
0.027060248,4.994369,-1.9864116,-102.96322041209356,35311.8896484375,-102.37389633717615,105508.4228515625,-102.47018257180697,35354.6142578125,-102.6085551077672,116766.357421875,354399135
0.07981539,5.0164967,-1.9893934,-103.46028779427064,70410.15625,-104.85747821225132,105444.3359375,-100.89660450037172,34906.005859375,-99.35472872190763,116723.6328125,354399155
0.13610245,5.0449514,-1.9937645,-103.29708462800752,70794.677734375,-103.69882757484947,104974.365234375,-101.67888795689603,34478.759765625,-102.36227361965815,116809.08203125,354399175
0.19138226,5.072941,-1.998085,-101.4256978895225,34777.83203125,-104.1647891374896,104910.2783203125,-102.66752341222833,34863.28125,-104.12475637669102,38836.669921875,354399195
0.24190803,5.0957417,-2.0012164,-103.15049799403627,35034.1796875,-103.69081051706135,104824.8291015625,-101.96799386019575,34649.658203125,-102.2521028190508,116445.9228515625,354399215
0.29408857,5.1176505,-2.003934,-102.98744716352205,69384.765625,-102.3437943064643,105273.4375,-102.06926976961125,34735.107421875,-102.12256983038083,38964.84375,354399235
0.34809345,5.141715,-2.007222,-104.52967409644856,35995.4833984375,-102.99895993662528,105764.7705078125,-102.61765435901427,34542.8466796875,-101.72053259783607,38430.7861328125,354399255
0.4064207,5.169581,-2.0114095,-101.53742047006999,34307.861328125,-101.55640039028123,105230.712890625,-99.13309750806744,34692.3828125,-103.08355773059084,38986.2060546875,354399275
0.46411842,5.1983337,-2.0155902,-102.89600799286845,34606.93359375,-103.63996440587557,105038.4521484375,-102.10271835575784,34500.1220703125,-101.69031461539586,117044.0673828125,354399295
0.5166313,5.2242923,-2.0192058,-103.63402054755463,35226.4404296875,-103.18096438049714,104953.0029296875,-100.95883562634003,34906.005859375,-101.12876310579951,116744.9951171875,354399315
0.5669248,5.248185,-2.0223439,-103.54644380159098,105978.3935546875,-103.27819492075889,71243.2861328125,-99.03043186779198,35034.1796875,-101.55186516172611,116680.908203125,354399335
0.6165818,5.273101,-2.0258236,-104.53646192161123,34756.4697265625,-102.39844561943531,105145.263671875,-101.16754235873324,34970.0927734375,-101.63300596612208,116616.8212890625,354399355
0.6696366,5.2978563,-2.0290167,-101.70448493364178,34030.1513671875,-101.78199997817765,105145.263671875,-101.8018773121701,35247.802734375,-102.63142588452965,116574.0966796875,354399375
0.72475713,5.3228087,-2.0320802,-104.96846864661768,68551.6357421875,-101.64341287393297,105273.4375,-99.72145156122366,35183.7158203125,-101.75434110984898,116766.357421875,354399395
0.7783888,5.346362,-2.0346744,-104.69122791324489,16085.8154296875,-102.1332910172169,104696.6552734375,-99.67323292109586,35034.1796875,-102.47668666168497,116873.1689453125,354399415
0.82962704,5.36812,-2.0368469,-104.04510496599306,34991.455078125,-103.53019450827745,70538.330078125,-100.11965406958952,34158.3251953125,-101.42497605245498,116873.1689453125,354399435
0.8766236,5.385189,-2.0380464,-102.22703032518632,34713.7451171875,-105.91263815705985,104696.6552734375,-99.88128525199188,35076.904296875,-103.91381298924682,116488.6474609375,354399455
0.92420274,5.4009213,-2.0388606,-103.50979842705718,34265.13671875,-103.77310508527941,35375.9765625,-100.35102333576263,34777.83203125,-100.54864681317136,39434.814453125,354399475
0.9715592,5.4169817,-2.039805,-101.76912725438373,34542.8466796875,-103.2686321307395,104653.9306640625,-100.52801043963326,34542.8466796875,-101.86805190582623,39413.4521484375,354399495
1.0239314,5.4336615,-2.0405219,-101.25879197497503,34286.4990234375,-104.63130600313636,70623.779296875,-102.0317020159768,34948.73046875,-101.6634263701402,116574.0966796875,354399515
1.0777242,5.449402,-2.0409217,-104.05149338434221,35034.1796875,-103.77677023930865,105230.712890625,-103.8920914859867,34799.1943359375,-103.15149021245966,39990.234375,354399535
1.1266128,5.461586,-2.0406566,-101.98957326923774,33709.716796875,-102.99911360434514,104376.220703125,-99.61931878990418,34713.7451171875,-102.21065984365394,116061.4013671875,354399555
1.1759671,5.4724765,-2.0400589,-102.7514668086252,35696.4111328125,-103.42657646719988,35205.078125,-99.17837524338188,34799.1943359375,-101.90154981501524,38815.3076171875,354399575
1.2310064,5.482149,-2.0388074,-105.13175322715128,35269.1650390625,-104.83721436417368,70944.2138671875,-102.89342841952939,34606.93359375,-101.4263342881621,116317.7490234375,354399595
1.2870289,5.491723,-2.037426,-101.85574461697941,34649.658203125,-101.68652861589621,104888.916015625,-99.84358984940837,34521.484375,-101.7727752880816,116531.3720703125,354399615
1.3431396,5.5007463,-2.0359225,-105.53055058891998,35525.5126953125,-102.50049370010971,105551.1474609375,-100.91932051146058,34820.556640625,-102.4200484964136,116574.0966796875,354399635
1.3993274,5.5092525,-2.0342886,-101.07154914156519,35162.353515625,-103.55995020104153,105123.9013671875,-102.01139134241146,34158.3251953125,-101.81450511976608,38687.1337890625,354399655
1.4497392,5.5162416,-2.0326433,-102.4629119012092,34521.484375,-102.91935702535875,69320.6787109375,-101.12106508287818,35418.701171875,-102.68011068306589,39562.98828125,354399675
1.4995891,5.521652,-2.0305643,-103.1679944260005,35076.904296875,-105.0837202704531,105294.7998046875,-101.20994096253955,34393.310546875,-100.61524818088152,116744.9951171875,354399695
1.5494828,5.526622,-2.0284343,-102.91134254068714,69085.693359375,-101.64222240568898,104910.2783203125,-101.52639682107252,35482.7880859375,-102.43470614100983,116296.38671875,354399715
1.5994188,5.5311103,-2.0262277,-104.18956433274433,35717.7734375,-104.10439163567571,104568.4814453125,-102.20095368636294,35803.22265625,-101.54254020662034,117001.3427734375,354399735
1.6472279,5.535524,-2.0240366,-103.10139252500352,69961.5478515625,-101.72039856018947,105358.88671875,-99.446294220441,34991.455078125,-101.06429426535192,117257.6904296875,354399755
1.694403,5.5384207,-2.0212934,-100.96855590306168,34777.83203125,-103.38643531807372,104824.8291015625,-101.44233561298813,35226.4404296875,-104.00833033335374,39263.916015625,354399775
1.7345035,5.540803,-2.018915,-101.40726892460656,34564.208984375,-104.01742789605231,35845.947265625,-103.92317233208587,33901.9775390625,-103.00055770240894,116830.4443359375,354399795
1.7672548,5.543679,-2.017151,-103.62345522443049,35632.32421875,-102.66079413422509,105017.08984375,-99.28957215852071,35055.5419921875,-101.44275123858209,117001.3427734375,354399815
1.8009613,5.546596,-2.0153563,-100.49995016631583,35482.7880859375,-101.56294930161438,104739.3798828125,-102.91332843615437,103842.1630859375,-103.68471828008829,116830.4443359375,354399835
1.8444192,5.547121,-2.0122561,-103.1205280648095,35333.251953125,-103.85895525155915,104846.19140625,-100.2806152315257,35546.875,-100.28259476123829,116702.2705078125,354399855
1.894078,5.543157,-2.0076022,-104.71227229770035,35226.4404296875,-103.3571359224453,104611.2060546875,-102.70179510521208,34564.208984375,-102.94754981383869,38088.9892578125,354399875
1.9474969,5.5358934,-2.0019135,-105.4557561308018,12368.7744140625,-104.34541137234292,105850.2197265625,-102.1904246767974,35354.6142578125,-101.73152189977942,39114.3798828125,354399895
2.0015652,5.525466,-1.9955194,-103.10433222321336,35440.0634765625,-102.24848040259998,104183.9599609375,-99.87330042427594,34799.1943359375,-103.8933510225685,38665.771484375,354399915
2.0566602,5.5100126,-1.9877274,-102.52527180966409,34393.310546875,-104.0544230995136,36080.9326171875,-102.7801770199669,34927.3681640625,-102.08507947924728,38558.9599609375,354399935
2.1183577,5.490819,-1.9784077,-101.8711868284212,34478.759765625,-102.5101038697185,106768.798828125,-101.52636247396272,34307.861328125,-101.954685268637,116531.3720703125,354399955
2.1880426,5.4699574,-1.96797,-104.40993757672814,34713.7451171875,-103.17161825359682,69854.736328125,-99.76356852264388,35183.7158203125,-102.15691469207235,38644.4091796875,354399975
2.259807,5.4470134,-1.9568489,-105.1030976321237,34884.6435546875,-104.90184921534691,34649.658203125,-103.90691181987054,34692.3828125,-101.76531857267608,38601.6845703125,354399995
2.3294353,5.42308,-1.9455414,-103.23675268445376,5105.5908203125,-102.79374870964489,104846.19140625,-101.20751974264527,34521.484375,-101.81181414008286,38836.669921875,354400015
2.3969586,5.3982477,-1.9341886,-103.22605345513325,34500.1220703125,-103.52529358984043,103607.177734375,-100.6704890903727,35098.2666015625,-103.46859863977232,38687.1337890625,354400035
2.464986,5.3691444,-1.9219319,-102.04155029027923,34478.759765625,-103.82211040369212,35183.7158203125,-101.20608028217582,34051.513671875,-100.4017224848114,117364.501953125,354400055
2.533073,5.3375554,-1.9091749,-102.76200483789525,34777.83203125,-103.9083160173881,69128.41796875,-101.71567851596751,34906.005859375,-101.95767351784119,115997.314453125,354400075
2.6013336,5.3026276,-1.8954474,-103.47304522740635,69683.837890625,-102.87300301008023,105935.6689453125,-101.28125842883195,34564.208984375,-102.29248452494552,39114.3798828125,354400095
2.669056,5.2680526,-1.8815264,-100.59157068311762,34970.0927734375,-104.86058052033442,71371.4599609375,-102.49342010129996,105508.4228515625,-100.45716601072766,116766.357421875,354400115
2.7363179,5.2327166,-1.8672891,-101.06454504578826,35098.2666015625,-104.12967690840472,104974.365234375,-101.15336940422914,35781.8603515625,-101.62938139897037,116488.6474609375,354400135
2.8039994,5.1977096,-1.8531574,-101.32974982978013,35226.4404296875,-103.66280662650185,104440.3076171875,-102.59287350845021,34756.4697265625,-101.62810985845672,39285.2783203125,354400155
2.8673372,5.162466,-1.8393327,-101.20322344330553,35995.4833984375,-103.48951737465818,105038.4521484375,-100.92563666135385,35269.1650390625,-101.15558145211857,116552.734375,354400175
2.9301064,5.1285315,-1.8258449,-101.99718545160164,35247.802734375,-105.9238183218227,104226.6845703125,-101.33250613808192,35290.52734375,-101.7504157056738,116894.53125,354400195
2.992499,5.093897,-1.812389,-103.03123886180323,35525.5126953125,-102.29972497921152,104504.39453125,-99.87889297067707,34414.6728515625,-101.9546868444072,116510.009765625,354400215
3.0517795,5.056361,-1.7986969,-104.98840683284376,70196.533203125,-104.38893526359065,104995.7275390625,-103.06987778836829,34735.107421875,-101.50468652457802,116253.662109375,354400235
3.109805,5.017293,-1.7846175,-102.12855470261937,35803.22265625,-103.10973942492001,105935.6689453125,-101.99979993301247,34628.2958984375,-102.15033382804307,116146.8505859375,354400255
3.1675906,4.974892,-1.7693956,-102.58275011761586,69876.0986328125,-104.1900223639392,102944.9462890625,-102.66992381711857,35333.251953125,-104.84190833967713,39007.568359375,354400275
3.2257872,4.93097,-1.753377,-104.1561017451562,70217.8955078125,-102.51684710562131,105444.3359375,-100.97034140148821,34927.3681640625,-101.23023036773857,39306.640625,354400295
3.283447,4.881496,-1.7357743,-101.41177426707051,35589.599609375,-104.08962324724456,106085.205078125,-99.53101732772421,35183.7158203125,-101.38727253178466,39926.1474609375,354400315
3.3400178,4.8357253,-1.7191193,-104.29556249922564,34350.5859375,-104.56011518732731,70132.4462890625,-101.78375533736754,34884.6435546875,-101.5848373480807,116958.6181640625,354400335
3.4003935,4.78926,-1.7008145,-105.47393066247866,104483.0322265625,-103.47228098527323,104632.568359375,-98.75467347270731,35333.251953125,-101.86508366601522,116488.6474609375,354400355
3.463542,4.7369723,-1.6804436,-103.49895596439767,34243.7744140625,-102.91466488444004,105743.408203125,-100.07850545047614,35162.353515625,-103.51401461891685,38195.80078125,354400375
3.526779,4.6882915,-1.6608216,-102.42428906883008,104675.29296875,-103.18843651775929,103628.5400390625,-102.71676211194264,35098.2666015625,-103.32983559138425,117065.4296875,354400395
3.5862849,4.638745,-1.6412371,-105.22042438155367,70196.533203125,-102.47959670646264,104034.423828125,-100.62082056699123,34564.208984375,-101.86303164200649,116467.28515625,354400415
3.6411445,4.5884557,-1.6220446,-103.31089902482171,34585.5712890625,-105.24237650249425,106277.4658203125,-100.32629385398819,34820.556640625,-102.56684971269243,117044.0673828125,354400435
3.6925101,4.5402317,-1.6039983,-102.90350005260699,35461.42578125,-101.8201012641048,105187.98828125,-100.3613763300801,34820.556640625,-101.2774418130674,116403.1982421875,354400455
3.7458868,4.4910173,-1.5852133,-104.81586587908119,35482.7880859375,-103.79461929188795,104718.017578125,-101.61775629423202,34927.3681640625,-99.71942066356078,116979.98046875,354400475
3.7960067,4.4451156,-1.5673219,-100.71243005915494,35012.8173828125,-105.87452133941129,70645.1416015625,-103.12612007063859,34329.2236328125,-102.37591790024219,38687.1337890625,354400495
3.840198,4.4028773,-1.5510482,-102.42911595632968,34799.1943359375,-103.80191439942206,103500.3662109375,-102.73192670889787,34393.310546875,-99.79095441135402,116723.6328125,354400515
3.8819375,4.3669534,-1.536928,-102.40635189765713,5084.228515625,-102.82409225261705,104119.873046875,-100.6248901052704,35098.2666015625,-100.61955783019677,116915.8935546875,354400535
3.9197023,4.3328986,-1.5237485,-102.86766693337121,34735.107421875,-103.8422220212032,105444.3359375,-102.15534710289137,35162.353515625,-101.66341174248154,39605.712890625,354400555
3.9558032,4.2974563,-1.5104327,-107.3006837603654,104739.3798828125,-102.3679653576709,104824.8291015625,-102.24643783669916,35440.0634765625,-101.97408980674564,116937.255859375,354400575
3.995474,4.2578154,-1.4957197,-101.87510603783434,34542.8466796875,-103.7995377935114,33880.615234375,-102.40293869346985,34500.1220703125,-101.37836587817581,116616.8212890625,354400595
4.0370207,4.216028,-1.4802303,-102.030557303365,34927.3681640625,-104.64207177473382,105487.060546875,-104.18038502250897,34136.962890625,-101.78604895649279,116232.2998046875,354400615
4.073203,4.178534,-1.4664676,-102.72786309873707,35504.150390625,-102.83759661448175,104418.9453125,-100.11893853126564,34500.1220703125,-104.15093518700436,38708.49609375,354400635
4.1001024,4.149248,-1.4557296,-103.71529935598434,35610.9619140625,-105.46586781831463,71051.025390625,-100.51620062466068,35653.6865234375,-102.42410832159172,116275.0244140625,354400655
4.1212187,4.1216965,-1.4462155,-104.94031772296081,35140.9912109375,-102.24554367163171,105850.2197265625,-100.0512398684232,35098.2666015625,-102.54434848079381,116467.28515625,354400675
4.142928,4.089798,-1.4354765,-101.58934108473956,34564.208984375,-106.0173142830929,71051.025390625,-101.69935449875672,34585.5712890625,-102.1479348777379,117108.154296875,354400695
4.166341,4.0542407,-1.4236315,-103.54894926134585,35311.8896484375,-105.24919981331118,34393.310546875,-100.80664457161168,35610.9619140625,-103.5240529676893,116018.6767578125,354400715
4.1882973,4.021661,-1.4127367,-104.77994346272868,69897.4609375,-104.84178313851332,106427.001953125,-103.47784471351999,35183.7158203125,-102.65304818297162,116317.7490234375,354400735
4.209826,3.9919188,-1.4025091,-102.50227040671894,34072.8759765625,-103.78853286395822,104803.466796875,-101.75731774452855,34136.962890625,-101.321195491404,116339.111328125,354400755
4.225669,3.9603834,-1.3926755,-103.54102806909077,36315.91796875,-104.62907322535573,103201.2939453125,-100.6982037582961,35205.078125,-102.73667831853884,38601.6845703125,354400775
4.2440596,3.9279945,-1.3823615,-102.355617973027,35781.8603515625,-102.86142985956367,104846.19140625,-102.36563909637509,34906.005859375,-101.62909197092118,116339.111328125,354400795
4.2613106,3.8927183,-1.3713961,-103.22003857168755,34671.0205078125,-102.93338024309706,105465.6982421875,-102.088323679162,34735.107421875,-104.15413260220076,39093.017578125,354400815
4.281222,3.8573995,-1.3600442,-101.4222080157839,34906.005859375,-103.74630869209041,71350.09765625,-102.78059252443605,34970.0927734375,-101.00044275990804,39093.017578125,354400835
4.3004913,3.8209722,-1.3485296,-107.22675842038251,104888.916015625,-104.07337377308595,106640.625,-102.25970867102407,35205.078125,-100.80043635480348,116766.357421875,354400855
4.318566,3.7846656,-1.3372214,-101.52779883468652,35375.9765625,-105.43337662292058,35589.599609375,-103.25201761848378,33709.716796875,-103.50136064392927,38986.2060546875,354400875
4.335988,3.747319,-1.3256258,-102.44430129377243,34671.0205078125,-107.00991748992294,106704.7119140625,-101.74799551373607,35333.251953125,-102.74970065022487,116744.9951171875,354400895
4.3542185,3.707432,-1.3132443,-102.29479804969132,69021.6064453125,-104.91222246077453,105166.6259765625,-102.3756745602119,35076.904296875,-101.13971819952036,38687.1337890625,354400915
4.3735304,3.6658847,-1.3002462,-103.31314124297408,34457.3974609375,-104.2642971247826,36273.193359375,-103.94255112950405,35375.9765625,-101.10642816377992,117214.9658203125,354400935
4.392921,3.6229453,-1.2867687,-102.24211607539003,35140.9912109375,-103.82109302792807,105081.1767578125,-102.17932201959292,34863.28125,-102.46509182572574,116702.2705078125,354400955
4.4121814,3.575582,-1.2721411,-102.05419139432406,34414.6728515625,-104.37254479671226,105679.3212890625,-102.1768103118664,35354.6142578125,-102.25907228250087,38922.119140625,354400975
4.4325666,3.5243974,-1.2563298,-104.03369282897341,72140.5029296875,-104.50758965263876,34863.28125,-104.03000928879366,34521.484375,-103.8997306532919,39071.6552734375,354400995
4.4524827,3.4751766,-1.241137,-104.86151143307512,35205.078125,-103.24085690329522,105487.060546875,-101.61069892402915,35076.904296875,-101.06770760670477,117150.87890625,354401015
4.46946,3.426893,-1.2264303,-103.85139889578039,104824.8291015625,-103.1740911642465,104183.9599609375,-100.53517468058224,34457.3974609375,-101.22866966040264,116723.6328125,354401035
4.484037,3.3783152,-1.2119653,-103.40147840349903,35781.8603515625,-103.43286930112889,106298.828125,-100.40981142719207,34521.484375,-102.71921679272214,116403.1982421875,354401055
4.498165,3.3245904,-1.1960653,-104.35653465688401,35247.802734375,-102.45840141031393,103671.2646484375,-99.35778179179835,35226.4404296875,-100.9253237450824,116296.38671875,354401075
4.5146155,3.267628,-1.1788632,-104.98786028692932,33474.7314453125,-103.13839262774367,105337.5244140625,-102.28473220699763,34564.208984375,-103.41893798199945,116787.7197265625,354401095
4.5330615,3.2073195,-1.160303,-104.193752659708,35632.32421875,-102.9549236696497,104782.1044921875,-100.93482316696466,34265.13671875,-104.57253424780377,116189.5751953125,354401115
4.5531654,3.1393437,-1.139055,-103.47457245095258,4443.359375,-103.93922456978068,105871.58203125,-99.94675668149355,35610.9619140625,-102.67473189885186,37939.453125,354401135
4.576645,3.059365,-1.1139388,-102.83522279507736,70516.9677734375,-105.48973472469406,104931.640625,-101.90193133814043,35183.7158203125,-102.49976232370997,116424.560546875,354401155
4.600611,2.9754748,-1.0875847,-101.87823474149172,35311.8896484375,-103.77814076124126,104098.5107421875,-101.45642814300754,35397.3388671875,-101.27606276834564,38409.423828125,354401175
4.622257,2.897171,-1.0628866,-102.80186628350066,35504.150390625,-104.08618237852235,104589.84375,-100.89078692694729,34286.4990234375,-103.76583887861145,38943.4814453125,354401195
4.641436,2.832552,-1.0425922,-107.23680638103698,69491.5771484375,-103.89574210313229,35461.42578125,-103.06887634943054,34884.6435546875,-101.83468967248604,116296.38671875,354401215
4.661857,2.7703683,-1.02288,-105.13841517298856,36209.1064453125,-103.1988775540549,105465.6982421875,-101.28502384388963,35845.947265625,-99.84001977670822,116510.009765625,354401235
4.6831093,2.7098615,-1.0033718,-104.01031754935784,70367.431640625,-105.53653381181414,34521.484375,-100.49125351891128,34649.658203125,-103.57890844508194,38024.90234375,354401255
4.7051654,2.6509602,-0.9842405,-103.36561043038245,34457.3974609375,-103.12110879000895,35653.6865234375,-101.51013044940771,35055.5419921875,-102.06255286757309,38858.0322265625,354401275
4.7232394,2.586112,-0.9636654,-106.06533208198778,106597.900390625,-102.44444118448718,105487.060546875,-104.5362899283814,35226.4404296875,-99.3788348987388,38558.9599609375,354401295
4.7380214,2.5169241,-0.9422306,-104.77466032840069,69961.5478515625,-104.94124050612078,104675.29296875,-101.55173742054092,35739.1357421875,-104.60232650534083,39221.19140625,354401315
4.752219,2.4476736,-0.920604,-106.50228333185007,36038.2080078125,-101.96660998283924,104760.7421875,-102.22696054996788,35290.52734375,-103.18100219706812,38601.6845703125,354401335
4.7675247,2.3827865,-0.90024424,-104.25303821627743,35269.1650390625,-104.61547465964497,104760.7421875,-104.31180652358186,34884.6435546875,-100.30837869937913,116638.18359375,354401355
4.7798963,2.3123786,-0.878744,-104.42098668218321,34671.0205078125,-102.31897741917845,105273.4375,-99.97098721179121,34649.658203125,-102.69521647654342,116317.7490234375,354401375
4.7978725,2.232545,-0.8537076,-106.49698686715038,105743.408203125,-101.65935912827605,104568.4814453125,-100.37246054925194,35183.7158203125,-99.60431155996991,117044.0673828125,354401395
4.813496,2.1501298,-0.8282131,-105.2978401265897,70602.4169921875,-102.52640110933184,105230.712890625,-100.72958178602298,35888.671875,-101.5024352451928,116445.9228515625,354401415
4.824339,2.070075,-0.80385715,-104.85074187983815,103649.90234375,-104.27011675012757,104953.0029296875,-101.52945588709807,34350.5859375,-103.14761000507211,39114.3798828125,354401435
4.830387,1.9937294,-0.78118217,-103.7063621341713,35504.150390625,-103.61706781747954,34713.7451171875,-102.63509980846513,35440.0634765625,-104.04235654388735,116766.357421875,354401455
4.8363295,1.9180937,-0.7587687,-103.42359913722733,35824.5849609375,-104.46229978125982,104974.365234375,-104.89457361064129,35183.7158203125,-104.72778791405162,39007.568359375,354401475
4.8440223,1.836241,-0.73403025,-103.43269535882871,34115.6005859375,-103.51394852370737,106192.0166015625,-101.48402549864227,35119.62890625,-101.1748711129685,116232.2998046875,354401495
4.8516927,1.7457442,-0.70667,-101.42428536499175,35482.7880859375,-102.02465479476072,105593.8720703125,-101.99760557189299,34564.208984375,-100.21453205126926,116210.9375,354401515
4.8555264,1.6479119,-0.67762023,-104.04521121475314,35397.3388671875,-101.78840413736253,105081.1767578125,-101.25169890977705,34521.484375,-102.73089918292288,37982.177734375,354401535
4.855602,1.5447761,-0.64780116,-99.82801611161003,34500.1220703125,-103.62673427190224,104418.9453125,-100.4160391230256,35311.8896484375,-102.74531946248729,39285.2783203125,354401555
4.8519,1.4412076,-0.6181788,-108.65582974037409,33987.4267578125,-102.0989972371178,104098.5107421875,-99.94779135825809,35119.62890625,-102.87974570786213,116851.806640625,354401575
4.8468795,1.342688,-0.59091717,-104.69177221092144,105017.08984375,-105.82452265364722,104675.29296875,-99.18441404471591,34841.9189453125,-102.06289836480866,116744.9951171875,354401595
4.8418193,1.2449859,-0.5637079,-102.53668180149202,34756.4697265625,-102.95866271577819,104867.5537109375,-101.76856526253401,35269.1650390625,-102.50750526240068,116723.6328125,354401615
4.8335137,1.1482083,-0.53715086,-104.20398875495322,34371.9482421875,-103.83579285962273,104931.640625,-100.44951145127172,35269.1650390625,-100.97775720950838,117193.603515625,354401635
4.8190455,1.0459661,-0.5099212,-102.47562964462512,35034.1796875,-101.98358790539052,105337.5244140625,-104.11191000922693,35610.9619140625,-101.59542940383753,116787.7197265625,354401655
4.7991242,0.9450049,-0.48410362,-103.84517145185629,35461.42578125,-104.18288025370109,105679.3212890625,-102.99996721594376,35290.52734375,-101.7707145526464,116317.7490234375,354401675
4.7764244,0.8435791,-0.45893994,-103.25747162465751,34884.6435546875,-102.23393613745498,105551.1474609375,-100.55982736984149,34735.107421875,-102.68767724867399,37683.10546875,354401695
4.753929,0.75273067,-0.43734783,-101.95740619614634,34521.484375,-102.80162496103225,104910.2783203125,-102.03044932403995,34841.9189453125,-99.99283135452458,116744.9951171875,354401715
4.7338,0.6709132,-0.4180417,-105.18971071855533,70538.330078125,-104.22366604520973,104290.771484375,-99.35997691466824,35375.9765625,-102.81052919707093,38473.5107421875,354401735
4.7154884,0.59737766,-0.40082145,-102.186870923694,35269.1650390625,-104.56123838926267,105529.78515625,-103.20214712772325,34115.6005859375,-102.0385620886448,116702.2705078125,354401755
4.700735,0.5296815,-0.38464844,-106.05529088721181,34564.208984375,-103.009209088342,105145.263671875,-100.68374741664422,34948.73046875,-102.00800927979219,116659.5458984375,354401775
4.6822476,0.4647811,-0.3698972,-103.65434516167731,34008.7890625,-101.7426767497072,104803.466796875,-102.25525870836142,35098.2666015625,-103.89176914349692,116125.48828125,354401795
4.661368,0.40287444,-0.3564051,-105.51360885783816,35076.904296875,-103.11915773823594,105102.5390625,-101.18531958275412,35012.8173828125,-99.8451907118395,116830.4443359375,354401815
4.6354356,0.34957007,-0.34629858,-104.19718486881551,35461.42578125,-102.43300297073384,105401.611328125,-99.832059470927,35269.1650390625,-101.96530526245513,116744.9951171875,354401835
4.6107574,0.30986804,-0.33968338,-105.42572620554552,104653.9306640625,-103.18674699917239,104931.640625,-102.47054154336317,34478.759765625,-100.58092657155639,116873.1689453125,354401855
4.5900483,0.27811775,-0.33447155,-106.0632209419297,36102.294921875,-103.4480956319569,104653.9306640625,-102.5175979371589,36273.193359375,-101.41247048360059,116360.4736328125,354401875
4.5736027,0.25165963,-0.32997853,-103.87228875432226,34863.28125,-102.27111704756803,105914.306640625,-101.5406374955268,34436.03515625,-101.73593504255308,116873.1689453125,354401895
4.5620494,0.23124507,-0.32627755,-105.71505712896516,34393.310546875,-104.77992107263634,69555.6640625,-101.40207246078957,34649.658203125,-102.12023891798881,117022.705078125,354401915
4.5511804,0.21758562,-0.32429832,-103.74813120975617,35247.802734375,-104.44077641637654,105081.1767578125,-103.75572450525888,35119.62890625,-104.9650422758328,38793.9453125,354401935
4.542145,0.20618339,-0.32266152,-101.68073586977653,35119.62890625,-102.46231870354394,35867.3095703125,-99.94809343014049,34841.9189453125,-101.2478725533399,116317.7490234375,354401955
4.5319223,0.19325721,-0.3207364,-106.11492326203671,70153.80859375,-102.45501678658614,105273.4375,-102.39195635076817,34991.455078125,-103.0654975712306,116275.0244140625,354401975
4.520516,0.17880279,-0.31853577,-102.50129221712449,34393.310546875,-102.60266324141055,104589.84375,-104.76029261859738,34414.6728515625,-101.03259784822065,116424.560546875,354401995
4.5085263,0.16357641,-0.31620297,-101.5574192925013,34542.8466796875,-105.3002139624472,104675.29296875,-104.44695769883965,5532.8369140625,-101.2557142123095,116958.6181640625,354402015
4.4958124,0.14887574,-0.31414512,-103.30617904055674,34414.6728515625,-105.0202878677172,69854.736328125,-103.9099555274239,34542.8466796875,-102.93894870951937,116574.0966796875,354402035
4.483141,0.13413458,-0.31211552,-102.00014993983979,34542.8466796875,-102.95843945570178,105529.78515625,-100.2712009718675,34884.6435546875,-101.6373303298605,39114.3798828125,354402055
4.4723067,0.12163828,-0.3104697,-102.7922833303245,34863.28125,-102.8067509639255,104846.19140625,-101.27598366384254,35397.3388671875,-102.85103483248977,116616.8212890625,354402075
4.4634676,0.11008765,-0.30880195,-103.30991077794573,35333.251953125,-103.12336808681307,104739.3798828125,-107.25000502121048,4528.80859375,-99.6202728118493,115975.9521484375,354402095
4.4564176,0.100832514,-0.3074568,-102.46941635330693,34371.9482421875,-103.04828625923092,104803.466796875,-101.72752887330677,35162.353515625,-99.70762977015637,116638.18359375,354402115
4.448623,0.09210458,-0.30636355,-104.26939454126784,35824.5849609375,-105.63671411996677,104953.0029296875,-101.45436805497778,35760.498046875,-103.06111216079509,38836.669921875,354402135
4.442198,0.08359569,-0.30510956,-104.66295207313689,34436.03515625,-104.28198222013069,105828.857421875,-101.0552867800758,35055.5419921875,-101.71320318612126,38473.5107421875,354402155
4.4371524,0.07530256,-0.30370274,-105.00055839051973,35183.7158203125,-102.12145081759596,105337.5244140625,-102.20710085734999,35440.0634765625,-105.19796277714167,38964.84375,354402175
4.4338756,0.06932609,-0.30261993,-105.04348133385923,34799.1943359375,-102.32210357756968,104888.916015625,-104.78003801042583,35183.7158203125,-101.76362959578567,116937.255859375,354402195
4.432337,0.06568152,-0.30188337,-104.32604861888989,35055.5419921875,-104.06695887355838,105230.712890625,-102.020623178509,34841.9189453125,-101.56073882622329,116360.4736328125,354402215
4.431172,0.06413499,-0.30163473,-102.22115612020445,35888.671875,-101.66639667522297,104718.017578125,-101.20497683318051,35076.904296875,-100.53082550761992,117150.87890625,354402695
4.431133,0.059431214,-0.30033576,-102.34870683526412,70410.15625,-102.37621550013175,105123.9013671875,-100.10150227071684,35012.8173828125,-102.42674203093217,38665.771484375,354402715
4.429701,0.049801953,-0.29784572,-101.31484049521754,34799.1943359375,-103.09444556400615,104611.2060546875,-103.73526597558403,34158.3251953125,-100.20647688883285,116702.2705078125,354402735
4.427236,0.032632187,-0.2933578,-102.14934822711813,34991.455078125,-102.6225816761314,34606.93359375,-101.30228615833937,35354.6142578125,-102.49633854968592,117129.5166015625,354402755
4.4220057,0.01032405,-0.28776363,-102.55517115544441,35568.2373046875,-103.81084420788423,105209.3505859375,-100.8888309662625,35012.8173828125,-102.42280851534667,116595.458984375,354402775
4.4157786,-0.0148287695,-0.281504,-104.14388702334035,34606.93359375,-102.73421108291222,105764.7705078125,-102.28665056124767,34521.484375,-102.6458791235369,39392.08984375,354402795
4.407012,-0.041742235,-0.2751095,-102.08607746592443,35269.1650390625,-102.8714000310351,104525.7568359375,-102.18933083917683,34927.3681640625,-101.37184475212268,38644.4091796875,354402815
4.3978434,-0.070736274,-0.2681915,-106.15947552828214,34179.6875,-103.23954694349729,104931.640625,-100.10766155050882,34863.28125,-101.70037832430963,117001.3427734375,354402835
4.389441,-0.10028109,-0.26105067,-105.69649867756826,35717.7734375,-104.47246043492818,105059.814453125,-102.30420788402657,34542.8466796875,-102.64025481409624,116424.560546875,354402855
4.380463,-0.13061732,-0.25386015,-102.44355227011141,34457.3974609375,-104.11782922346133,104333.49609375,-100.3088402517331,35162.353515625,-100.98583922970334,117086.7919921875,354402875
4.3720407,-0.16017267,-0.24678673,-103.68181705380307,2349.853515625,-104.5773545597221,69235.2294921875,-103.48997344925334,35397.3388671875,-103.83057191957508,38772.5830078125,354402895
4.360274,-0.19091432,-0.23977908,-103.45054480340158,35397.3388671875,-102.95370244457686,104995.7275390625,-98.33635865422144,34970.0927734375,-100.32432336537104,116915.8935546875,354402915
4.3446054,-0.22361518,-0.23269384,-104.10259364753934,35461.42578125,-105.06156280672002,104547.119140625,-102.22142527889899,34970.0927734375,-102.12659086105333,116445.9228515625,354402935
4.3269925,-0.25732553,-0.22569776,-102.18121691175259,34970.0927734375,-101.66760155958343,104376.220703125,-101.63248407120443,34457.3974609375,-102.57014589419961,38793.9453125,354402955
4.3066607,-0.2914892,-0.21902302,-102.2454353887473,33261.1083984375,-102.54031295832723,105081.1767578125,-99.93686330506432,34756.4697265625,-101.57352703107522,116830.4443359375,354402975
4.2864995,-0.32696134,-0.21195912,-103.4780529210026,34201.0498046875,-103.39242884756297,34970.0927734375,-100.12011280396209,35205.078125,-103.08634452643985,38964.84375,354402995
4.2633924,-0.36627114,-0.2042567,-100.53660266023606,35162.353515625,-105.10436169782183,35696.4111328125,-100.63251188902689,35354.6142578125,-102.10072111236448,117022.705078125,354403015
4.2387247,-0.40921903,-0.1958125,-103.85104358705604,34158.3251953125,-102.68653382228372,105422.9736328125,-101.24206222796946,34371.9482421875,-101.22541882474113,38024.90234375,354403035
4.212542,-0.45109296,-0.18790567,-102.97672085297495,70816.0400390625,-102.14331308415473,105187.98828125,-105.93235860235765,104953.0029296875,-102.07244843628082,116680.908203125,354403055
4.1820607,-0.49702698,-0.17947342,-103.99985337170094,35269.1650390625,-102.42053305688967,104675.29296875,-101.2757729846773,34671.0205078125,-102.56744728003524,116809.08203125,354403075
4.1493216,-0.54136163,-0.1718271,-103.37158650799515,69683.837890625,-100.62533065042766,105401.611328125,-103.52470204940225,35397.3388671875,-102.65967543492623,39263.916015625,354403095
4.115839,-0.5851846,-0.16452157,-103.10753619149904,34457.3974609375,-104.732235524597,35119.62890625,-100.5540170691492,34820.556640625,-102.50121380947768,38601.6845703125,354403115
4.086665,-0.6249387,-0.15765789,-101.25561082035566,34884.6435546875,-103.54301601704938,105123.9013671875,-100.95596138696845,35098.2666015625,-101.79207482805151,39306.640625,354403135
4.056791,-0.66421664,-0.15114424,-101.45842371842397,105230.712890625,-104.28309127151894,69982.91015625,-100.04407239203374,35012.8173828125,-100.64542017179134,117279.052734375,354403155
4.0262513,-0.7030545,-0.14501643,-104.46869804920068,104589.84375,-102.31220987371762,105636.5966796875,-100.51206506620272,35632.32421875,-101.49747899662806,116424.560546875,354403175
3.9940956,-0.73487204,-0.14101927,-102.33217044581599,70516.9677734375,-103.7127212845621,69812.01171875,-101.22932896594904,35034.1796875,-102.7743394117299,116488.6474609375,354403195
3.9641352,-0.76233786,-0.13781808,-103.27676389824506,35183.7158203125,-104.0859721936607,104867.5537109375,-99.20398587685612,35076.904296875,-101.43897689229142,117428.5888671875,354403215
3.9320915,-0.7848597,-0.13624407,-104.18422237588018,33816.5283203125,-103.84127781794675,69085.693359375,-102.86003277594916,35952.7587890625,-99.98510803958249,116510.009765625,354403235
3.8991036,-0.8055793,-0.13528822,-104.22520261660686,35140.9912109375,-104.85584575839148,105102.5390625,-101.32302012111492,35525.5126953125,-102.22973847827782,39028.9306640625,354403255
3.858976,-0.8202946,-0.1370532,-102.7790631608061,35568.2373046875,-103.76871578730656,104718.017578125,-99.89831434606978,34542.8466796875,-101.79592801983512,39904.78515625,354403275
3.8211792,-0.8319831,-0.13941501,-101.8982227726278,35247.802734375,-103.34717955445471,104376.220703125,-99.75558887744874,35119.62890625,-101.56787081795562,38281.25,354403295
3.7944057,-0.84300995,-0.14031477,-105.66782498299528,103692.626953125,-100.0406418387106,105252.0751953125,-100.51241193385144,35098.2666015625,-102.52813825120742,39221.19140625,354403315
3.7611973,-0.8485241,-0.14360657,-102.628583420451,34735.107421875,-103.72333727670252,104461.669921875,-101.13520093429445,35034.1796875,-103.20022766193597,116915.8935546875,354403335
3.7274253,-0.85487443,-0.14674537,-101.00404195557223,34500.1220703125,-103.8222761897492,104162.59765625,-102.41517716295084,35162.353515625,-101.9218557161355,117044.0673828125,354403355
3.6896162,-0.86206335,-0.15027049,-104.60991829354523,35205.078125,-103.46894035833822,105551.1474609375,-101.16611360814048,35012.8173828125,-102.09733272154494,116146.8505859375,354403375
3.6308517,-0.8646256,-0.15813506,-106.1317218021035,34671.0205078125,-103.1963449235769,104611.2060546875,-100.56698988471636,35504.150390625,-101.52800670718541,116488.6474609375,354403395
3.5692608,-0.87126446,-0.16526857,-105.93582877708492,70303.3447265625,-104.47188708976887,105187.98828125,-102.32459257660699,34158.3251953125,-102.54300908806962,39093.017578125,354403415
3.5049002,-0.8820977,-0.17183584,-103.62347616804996,35247.802734375,-104.09821064649499,35354.6142578125,-104.46585577753767,34649.658203125,-101.65214648194878,116488.6474609375,354403435
3.4383373,-0.89627975,-0.17790422,-102.03094915147396,34863.28125,-102.18595376564261,105572.509765625,-101.60343756585357,34756.4697265625,-103.0735733496595,115676.8798828125,354403455
3.371238,-0.9114133,-0.18368644,-101.25452277083873,34564.208984375,-103.81534422791533,69683.837890625,-103.01976299338997,35482.7880859375,-103.2257668695989,39007.568359375,354403475
3.301417,-0.93075997,-0.18870446,-102.42508428972455,35034.1796875,-104.31040429838349,104269.4091796875,-100.5255969059783,35568.2373046875,-102.02058213216023,117065.4296875,354403495
3.2310972,-0.95114243,-0.19336714,-103.37758134964055,35333.251953125,-103.29094937460016,105145.263671875,-100.07549809370813,34777.83203125,-100.32246694506797,116232.2998046875,354403515
3.1608455,-0.97178954,-0.19788866,-100.81538499970598,34799.1943359375,-102.45300579934083,35482.7880859375,-100.23865410233427,34863.28125,-101.68217220817802,116787.7197265625,354403535
3.0939622,-0.9880269,-0.20315628,-105.05606882019073,35354.6142578125,-103.36673142887454,71243.2861328125,-104.9614900874664,35034.1796875,-102.20417201203644,39370.7275390625,354403555
3.0271025,-1.004451,-0.2081379,-103.24907945484576,35226.4404296875,-102.924740571549,104953.0029296875,-105.46670898315068,35140.9912109375,-102.38319950935194,38879.39453125,354403575
2.9624658,-1.0179393,-0.21375254,-103.88798956449006,34948.73046875,-101.61776577612629,105123.9013671875,-103.07137766972053,34692.3828125,-101.89201499407278,38729.8583984375,354403595
2.9010715,-1.0268615,-0.22004268,-100.60509529827388,34628.2958984375,-101.72356457622271,104440.3076171875,-103.07903640161163,35119.62890625,-103.5651015918184,116937.255859375,354403615
2.841295,-1.0336609,-0.22661507,-100.83027882758805,34841.9189453125,-101.89631662178641,105017.08984375,-103.48143053400983,35375.9765625,-101.84236620689126,116680.908203125,354403635
2.7831123,-1.038343,-0.23346297,-103.62854399069802,34051.513671875,-104.08376953232633,104611.2060546875,-101.05850015039543,35012.8173828125,-105.30993375622229,39306.640625,354403655
2.7409396,-1.0515695,-0.23570496,-101.27687958573362,33966.064453125,-106.6690372659213,34991.455078125,-101.8675924790411,34671.0205078125,-102.92288424607862,116189.5751953125,354403675
2.704156,-1.0636119,-0.23749399,-103.70989899639945,35803.22265625,-106.25552932350462,105252.0751953125,-101.50650134589586,34692.3828125,-103.44980885215163,38943.4814453125,354403695
2.66925,-1.0745963,-0.23925595,-104.10848382518324,34628.2958984375,-105.2563548299685,104953.0029296875,-101.37895315497617,35482.7880859375,-103.72837922734887,39242.5537109375,354403715
2.635903,-1.0831958,-0.24143358,-103.82963652227554,35226.4404296875,-103.0204069684645,105935.6689453125,-101.59412850000888,34222.412109375,-102.97606769536542,39498.9013671875,354403735
2.6010537,-1.094355,-0.24321924,-104.0337183404538,35675.048828125,-103.49140155574732,34051.513671875,-102.86370856756191,34713.7451171875,-102.97485603741865,39114.3798828125,354403755
2.5669467,-1.10271,-0.24570952,-104.02836952077357,69470.21484375,-104.54139965988782,105209.3505859375,-101.44177869382602,35034.1796875,-101.2318968586802,116531.3720703125,354403775
2.5312266,-1.1102942,-0.24866444,-101.67119846686033,35269.1650390625,-103.68605797833352,104888.916015625,-98.09666171046898,35034.1796875,-102.07135206376358,116488.6474609375,354403795
2.491356,-1.1211768,-0.25121894,-103.30150309172716,35781.8603515625,-102.10894388535147,105102.5390625,-102.71496634571301,34649.658203125,-100.59127956950721,116744.9951171875,354403815
2.434769,-1.1251074,-0.25793025,-103.11435607910644,36294.5556640625,-104.66849761982095,105764.7705078125,-104.20069628703565,35546.875,-103.09885149365195,115933.2275390625,354403835
2.376699,-1.1316699,-0.2641635,-102.99306033734536,35717.7734375,-103.98791243285329,104824.8291015625,-101.13277347799246,35183.7158203125,-100.27061130593853,116552.734375,354403855
2.318646,-1.1383977,-0.2703794,-103.29370792980042,34265.13671875,-103.88090150782078,70880.126953125,-99.26239212895422,35162.353515625,-102.2885767778263,116851.806640625,354403875
2.2620857,-1.1428483,-0.27698967,-104.12188089685066,36166.3818359375,-102.33773319458865,104953.0029296875,-100.7624860670417,34735.107421875,-102.0240520539009,38366.69921875,354403895
2.20407,-1.1500584,-0.28301072,-104.85036237973992,4400.634765625,-103.93953290726691,104568.4814453125,-106.15850603394286,35653.6865234375,-100.29756503461284,116723.6328125,354403915
2.144643,-1.1600748,-0.28855598,-103.06887953009763,35739.1357421875,-102.82786458307699,104995.7275390625,-100.92639093913829,35269.1650390625,-100.95239224029804,116723.6328125,354403935
2.0817544,-1.1706322,-0.29433843,-103.64383876841103,35076.904296875,-103.25680703817049,104718.017578125,-100.61136000854766,35418.701171875,-102.88953002920458,38708.49609375,354403955
2.0188687,-1.181294,-0.29995924,-101.57242881051673,34713.7451171875,-103.32731646758752,105593.8720703125,-101.10159931011677,34713.7451171875,-101.05862691132195,116424.560546875,354403975
1.958636,-1.1913055,-0.30532163,-103.38736867159389,35205.078125,-104.48403552899802,104910.2783203125,-101.11190055347302,35290.52734375,-101.33335263379963,39093.017578125,354403995
1.897332,-1.1977195,-0.311906,-102.8038982639132,35333.251953125,-103.62123071997345,69769.287109375,-102.67054692747433,36166.3818359375,-101.1559874840571,116830.4443359375,354404015
1.8347309,-1.2048078,-0.31847233,-100.75683900691163,34094.23828125,-102.47193033075114,103799.4384765625,-101.89503033773869,35162.353515625,-101.42841658991111,117514.0380859375,354404035
1.7717767,-1.2108936,-0.32541353,-102.3771895319118,34521.484375,-102.36576558526758,35803.22265625,-103.04822372647257,34841.9189453125,-101.73843166847217,117236.328125,354404055
1.7096776,-1.217604,-0.3319929,-101.42243420775543,35076.904296875,-102.78927558213766,104974.365234375,-98.64703497402326,35162.353515625,-102.62473300085782,117129.5166015625,354404075
1.6454979,-1.2224187,-0.33933386,-103.1691857423077,69769.287109375,-104.64366117067303,106042.48046875,-101.05225339345941,35055.5419921875,-102.66456036110411,116958.6181640625,354404095
1.5830913,-1.2261683,-0.34668666,-104.45165687808063,34585.5712890625,-100.79249806116115,104653.9306640625,-100.99570833550479,34671.0205078125,-101.96044663342731,39178.466796875,354404115
1.5224504,-1.228819,-0.35407072,-103.91040915867826,4528.80859375,-102.62168785263017,104995.7275390625,-103.9032698791007,34564.208984375,-103.74049799523951,38943.4814453125,354404135
1.4670081,-1.2320172,-0.3607177,-105.66135204821408,34948.73046875,-105.8723777759219,34777.83203125,-100.12543624664266,34927.3681640625,-101.0113885220588,116210.9375,354404155
1.4128997,-1.2327461,-0.36768565,-102.92117092179461,33987.4267578125,-104.48874624533362,104525.7568359375,-103.90653988722705,34564.208984375,-102.86867524465114,39862.060546875,354404175
1.3614361,-1.2305939,-0.3750395,-105.01067120031637,34457.3974609375,-101.44133130767375,104397.5830078125,-103.54175886885587,35269.1650390625,-103.33087684670902,116723.6328125,354404195
1.3121703,-1.224365,-0.38310623,-106.65390787141645,69235.2294921875,-103.16334338948764,105615.234375,-101.56319095752842,35461.42578125,-104.4511535279521,38964.84375,354404215
1.2633243,-1.2175341,-0.39140534,-104.56912949482773,35974.12109375,-102.58925344461565,104931.640625,-102.2791022324358,35119.62890625,-101.04664225880529,38879.39453125,354404235
1.2140044,-1.2096705,-0.3999998,-104.73563041561715,35290.52734375,-102.3286443350392,105444.3359375,-102.55053490427278,35632.32421875,-100.12790161207846,116552.734375,354404255
1.1663795,-1.200602,-0.40859824,-101.64135258255818,36016.845703125,-104.69388505301823,70217.8955078125,-99.94480679908418,34307.861328125,-102.5577599521306,38473.5107421875,354404275
1.1200395,-1.1890094,-0.417682,-102.35337126549872,34436.03515625,-103.2766481488953,70559.6923828125,-100.25110086102751,35055.5419921875,-101.23677012832316,116787.7197265625,354404295
1.0749875,-1.1748807,-0.4272806,-103.9081230425249,35183.7158203125,-105.90894518779731,33410.64453125,-103.14376589226468,34863.28125,-102.4931322057177,38772.5830078125,354404315
1.0303506,-1.1599543,-0.4370631,-104.07647621078353,35696.4111328125,-105.42193507267947,103158.5693359375,-98.69609367545206,34970.0927734375,-100.41451703448921,116360.4736328125,354404335
0.98611385,-1.1442282,-0.4469717,-104.46106338189607,34692.3828125,-103.42191499833989,104675.29296875,-101.57181215489359,35375.9765625,-101.42580840771444,116061.4013671875,354404355
0.9418536,-1.1286039,-0.45693615,-104.90202113900287,35034.1796875,-105.80899692034892,105957.03125,-102.9544640328853,35012.8173828125,-102.03169706211494,116744.9951171875,354404375
0.89797914,-1.112198,-0.46701518,-100.53007359134901,35803.22265625,-104.8829346661764,70751.953125,-100.6948938389977,35311.8896484375,-101.34382139190262,115847.7783203125,354404395
0.8540701,-1.0958879,-0.4770994,-105.39269686984193,35162.353515625,-101.95196503041275,104205.322265625,-102.5426064896172,35183.7158203125,-100.3851991818272,116894.53125,354404415
0.8105779,-1.0787896,-0.48744443,-101.76305924543519,35845.947265625,-107.14524657928942,72653.1982421875,-104.14192108200976,35375.9765625,-101.90113257689121,38195.80078125,354404435
0.7666458,-1.0625596,-0.49755707,-106.88288705367783,34863.28125,-103.13058519843871,70602.4169921875,-100.39088692195405,34094.23828125,-101.94020740622413,39114.3798828125,354404455
0.7227046,-1.0463462,-0.5076567,-104.44531342468579,34201.0498046875,-104.74365123781547,71051.025390625,-102.36932140549737,35803.22265625,-102.40195419683643,38879.39453125,354404475
0.67960495,-1.0284201,-0.51810473,-103.73368075445308,34649.658203125,-103.21186684569861,105593.8720703125,-101.41789249494862,34671.0205078125,-101.23124299035501,116595.458984375,354404495
0.6364996,-1.0105327,-0.52859575,-103.8955331944552,35034.1796875,-103.40259598476575,106576.5380859375,-100.60733678298024,35012.8173828125,-105.23607421121304,38708.49609375,354404515
0.59380716,-0.9918179,-0.5392844,-102.86966256361185,34585.5712890625,-105.32885070680045,34671.0205078125,-103.30137990763964,34970.0927734375,-102.51731999132443,116723.6328125,354404535
0.5510896,-0.9731072,-0.5498793,-102.47988153444533,34713.7451171875,-102.77805624955711,106234.7412109375,-100.70383247641446,34799.1943359375,-103.7643872021542,116488.6474609375,354404555
0.509199,-0.95267487,-0.5607719,-104.1535861117606,70730.5908203125,-103.51120235562581,105764.7705078125,-99.11545175275968,35568.2373046875,-101.52467753614957,116702.2705078125,354404575
0.48469606,-0.93776685,-0.56783694,-103.80920017095136,69363.4033203125,-102.30040705981024,105316.162109375,-101.81480259561071,35568.2373046875,-102.04408645835375,39028.9306640625,354404595
0.46580538,-0.922173,-0.57431847,-102.64687002402027,35034.1796875,-103.65415966557472,104675.29296875,-102.40171655567666,35397.3388671875,-102.06628908140434,38665.771484375,354404615
0.45477217,-0.9100151,-0.5788999,-103.9334022656579,70410.15625,-103.86321359437031,105017.08984375,-101.2328602464919,35525.5126953125,-100.71835781044491,116574.0966796875,354404635
0.44636512,-0.89899963,-0.582855,-104.21264634428952,103820.80078125,-103.91571239931852,104098.5107421875,-99.23975247044497,34991.455078125,-100.47514815933826,116403.1982421875,354404655
0.43796107,-0.88798034,-0.58680576,-104.15676114663631,35034.1796875,-105.61427821238692,35119.62890625,-102.96794277177727,35140.9912109375,-101.63319406891733,116787.7197265625,354404675
0.42956784,-0.8769548,-0.5907622,-101.94492294528524,35418.701171875,-101.49561803821811,106256.103515625,-101.54601536173472,34820.556640625,-99.57248847627764,116552.734375,354404695
0.4237229,-0.86075056,-0.59578526,-99.7833752997135,35247.802734375,-105.85879130621088,35824.5849609375,-99.73051572914855,35375.9765625,-102.7559697010703,38473.5107421875,354404715
0.4183225,-0.843678,-0.6009865,-104.07280358676661,15423.583984375,-104.93872917880387,104589.84375,-100.841710648951,34906.005859375,-102.13953353439565,116552.734375,354404735
0.41584894,-0.8163522,-0.6085277,-99.82452231018966,35867.3095703125,-103.9547351465165,104824.8291015625,-103.89871061589199,35675.048828125,-102.3750919092954,116851.806640625,354404755
0.4046924,-0.7851766,-0.6182402,-101.06238658546124,35910.0341796875,-104.1777014048071,104183.9599609375,-100.14926347784433,35140.9912109375,-101.76232757926145,116210.9375,354404775
0.3893172,-0.76260483,-0.6262282,-105.43931872031945,34500.1220703125,-104.82725638093535,36657.71484375,-99.84750929784367,35034.1796875,-102.52540435584932,38067.626953125,354404795
0.3782295,-0.73141116,-0.6359616,-105.64727221177185,105038.4521484375,-103.54667068451903,105700.68359375,-101.10229175474011,35012.8173828125,-102.914163223088,115954.58984375,354404815
0.36717406,-0.70020336,-0.6456864,-103.95366715366066,70217.8955078125,-105.91082132750046,69790.6494140625,-102.04639729863487,34777.83203125,-103.49251655761599,116702.2705078125,354404835
0.35612264,-0.6689827,-0.6553743,-102.19824966094535,34970.0927734375,-103.51641704021353,104525.7568359375,-101.36974015715734,34841.9189453125,-102.76151023247962,38494.873046875,354404855
0.34509045,-0.6377665,-0.6650985,-103.99065943253797,35290.52734375,-102.53587579564113,104055.7861328125,-100.78659257921375,35375.9765625,-101.60445354947637,116104.1259765625,354404875
0.3340638,-0.6065569,-0.6748501,-102.72248214228173,35504.150390625,-103.65403267896662,105081.1767578125,-98.90301048789192,34970.0927734375,-102.37919522684065,39114.3798828125,354404895
0.32304588,-0.5753534,-0.684631,-103.65200133320009,34500.1220703125,-105.77143448222144,35632.32421875,-100.85490471602562,35119.62890625,-101.57730965906566,116510.009765625,354404915
0.32072535,-0.5480315,-0.692235,-102.45085611505218,34841.9189453125,-103.74830064915407,70346.0693359375,-100.72133025300444,34799.1943359375,-102.58644320145183,39263.916015625,354404935
0.31928664,-0.52111536,-0.699686,-100.67547227223038,34906.005859375,-102.261345778396,105551.1474609375,-101.01778707135692,35653.6865234375,-101.39806630079433,38366.69921875,354404955
0.31485128,-0.50232387,-0.7053474,-100.501186840956,34521.484375,-106.1954372581454,103585.8154296875,-101.81259593305724,35183.7158203125,-101.2687692575699,116595.458984375,354404975
0.30997065,-0.48439255,-0.71082115,-102.3846284601592,34628.2958984375,-102.31488595106441,104589.84375,-101.68670532684239,35269.1650390625,-101.49678363291449,116531.3720703125,354404995
0.3046581,-0.46732306,-0.71612203,-104.75628980734173,34457.3974609375,-102.6416936944143,105401.611328125,-103.75982312720679,35653.6865234375,-100.49430124894349,116104.1259765625,354405015
0.29891387,-0.4511188,-0.7212597,-105.52729073546514,69705.2001953125,-103.10542399797009,104824.8291015625,-99.72382155515834,34820.556640625,-102.8085742165153,116787.7197265625,354405035
0.2983879,-0.4372439,-0.72511613,-101.63243671374259,35354.6142578125,-104.10213968227356,35760.498046875,-101.17763498006286,14590.4541015625,-102.40653483556963,38366.69921875,354405055
0.2978638,-0.42336568,-0.7289609,-102.97315813875284,69683.837890625,-102.32633552231698,104483.0322265625,-101.34722416614451,34008.7890625,-100.66333995226374,38558.9599609375,354405075
0.2952038,-0.41377908,-0.7319041,-105.03612130148385,69769.287109375,-103.02213762588266,105102.5390625,-101.79878526122344,35375.9765625,-101.34694859261543,38665.771484375,354405095
0.29468304,-0.39990136,-0.73575115,-100.80079940861424,35119.62890625,-104.07733886689735,35675.048828125,-101.8603693790447,35653.6865234375,-101.9205653705208,39135.7421875,354405115
0.29416445,-0.38601965,-0.73958397,-104.83125693255879,35568.2373046875,-102.59706251137594,104568.4814453125,-102.55913440834512,34585.5712890625,-104.85748797016001,38687.1337890625,354405135
0.29366177,-0.3721342,-0.7434054,-104.62849272630591,69342.041015625,-103.09942834580339,34649.658203125,-102.24702808565615,34927.3681640625,-102.42386223738936,39114.3798828125,354405155
0.29360986,-0.35739014,-0.7474042,-101.0708883140341,34777.83203125,-104.3456449892988,36273.193359375,-97.6261388092709,35055.5419921875,-102.59272320765746,116937.255859375,354405175
0.29400733,-0.34178257,-0.75155777,-100.951354823699,33966.064453125,-100.56143045642925,105017.08984375,-101.47164991139051,35162.353515625,-103.41947790890246,38815.3076171875,354405195
0.29355013,-0.3278897,-0.75535786,-100.25918583053462,35375.9765625,-102.68571407388868,105401.611328125,-100.13750222877414,35247.802734375,-100.76276225102822,116510.009765625,354405215
0.29569224,-0.31517896,-0.758532,-101.3587743694596,34265.13671875,-103.44490795453979,105743.408203125,-102.46186526768764,35226.4404296875,-103.04491657667641,38729.8583984375,354405235
0.2978334,-0.30247253,-0.761724,-102.54410991142252,33795.166015625,-104.06013442639915,104867.5537109375,-101.29401085123433,34585.5712890625,-103.40467931584472,115997.314453125,354405255
0.29738545,-0.2949057,-0.7638358,-104.35383545704254,69876.0986328125,-103.55443979323111,106491.0888671875,-103.02567784904342,34457.3974609375,-102.94749764577244,116040.0390625,354405275
0.2995405,-0.2885151,-0.7653004,-103.20927718453964,34692.3828125,-106.08424985652431,105828.857421875,-100.543299538064,34841.9189453125,-99.55103648339343,116296.38671875,354405295
0.30082875,-0.2817328,-0.76698184,-102.37011585355809,34927.3681640625,-104.13449763843525,35867.3095703125,-103.25508145171968,35354.6142578125,-102.97982590929243,39028.9306640625,354405315
0.3025554,-0.27830607,-0.76770115,-105.56643947919812,16320.80078125,-106.31040449018344,104013.0615234375,-100.82035069820091,35269.1650390625,-103.56671108276572,116744.9951171875,354405335
0.3021189,-0.27705687,-0.76809406,-102.07980059609726,35290.52734375,-105.77427929037304,101940.91796875,-99.89530255270607,35012.8173828125,-103.0802061865053,39242.5537109375,354405415
0.303418,-0.27659228,-0.7680536,-103.99752347493632,34585.5712890625,-103.80486426271793,104483.0322265625,-100.78603466504113,35055.5419921875,-100.95095651006949,116125.48828125,354405755
0.31122947,-0.2717271,-0.76835424,-102.35803774357618,34756.4697265625,-102.66841664296214,105422.9736328125,-102.61696902305803,35012.8173828125,-100.6872426181775,39135.7421875,354405775
0.3238314,-0.2637963,-0.7688479,-103.8775563203908,35440.0634765625,-103.18708284546304,104525.7568359375,-101.66999478106105,33709.716796875,-100.33666627075831,116894.53125,354405795
0.3364406,-0.2558764,-0.7693316,-105.21307339072736,104888.916015625,-103.28712283866814,104611.2060546875,-104.62309147317397,35098.2666015625,-99.50832737945477,116339.111328125,354405815
0.34555456,-0.25268608,-0.7690003,-103.88844209779802,69726.5625,-103.05962881245412,35717.7734375,-103.73990242267047,34393.310546875,-100.7447712953301,116061.4013671875,354405835
0.3498999,-0.25046533,-0.76902896,-102.61962953228078,35824.5849609375,-103.94990565977207,67633.056640625,-100.73150516761834,34927.3681640625,-100.5588541260534,116552.734375,354405855
0.35424694,-0.24824798,-0.76905787,-103.76988730867734,34777.83203125,-105.22729804083534,105337.5244140625,-102.99946101395852,35247.802734375,-102.33393301667356,39007.568359375,354405875
0.35859534,-0.24603327,-0.76908565,-103.25506391595474,34863.28125,-103.75246265904529,105871.58203125,-101.36470774388971,34970.0927734375,-102.0418792440215,116467.28515625,354405895
0.3651286,-0.24165946,-0.769408,-104.53596717318122,70687.8662109375,-105.03646575745708,105252.0751953125,-100.93726213554086,34863.28125,-102.56083681312526,116574.0966796875,354405915
0.37338847,-0.2380915,-0.7692929,-105.02948390018851,35375.9765625,-102.50397934118027,104760.7421875,-102.25117104769163,35418.701171875,-100.82973165101798,116488.6474609375,354405935
0.38688657,-0.23061538,-0.7695226,-103.0709653895006,35696.4111328125,-103.72456607812032,105892.9443359375,-100.1367489260073,35397.3388671875,-104.4061152292505,39242.5537109375,354405955
0.40211418,-0.2239579,-0.7693108,-103.3651175852934,69085.693359375,-102.54913352102393,104290.771484375,-101.88091521364619,34521.484375,-101.57414747396533,38793.9453125,354405975
0.41865605,-0.21687396,-0.7690652,-102.58302266967874,4913.330078125,-103.97427250529567,105422.9736328125,-102.62010486102957,35461.42578125,-101.65180218442698,116638.18359375,354405995
0.43475714,-0.21064945,-0.7686575,-104.85674547651544,34136.962890625,-105.98886421619035,104995.7275390625,-102.02979974232294,34478.759765625,-103.45914184313781,38430.7861328125,354406015
0.44913775,-0.20361806,-0.7686926,-103.73861314019874,34927.3681640625,-104.96552840803362,104589.84375,-100.38086512188349,34457.3974609375,-103.93283444621079,38879.39453125,354406035
0.45913172,-0.20088837,-0.7681357,-103.35322137356974,34756.4697265625,-104.1289336586197,105209.3505859375,-101.62065697728835,35375.9765625,-103.06737513379457,39456.1767578125,354406055
0.46607116,-0.19990283,-0.76749796,-101.05059999036268,34542.8466796875,-104.80423809516594,104803.466796875,-100.4759087587662,34735.107421875,-102.56228706528383,116659.5458984375,354406075
0.46868,-0.19900581,-0.7673984,-104.35293626782783,70175.1708984375,-104.75761796539409,35034.1796875,-102.90679564705358,35226.4404296875,-100.69589302600589,117364.501953125,354406095
