65.0
67.0
64.0
68.0
61.0
66.0
68.0
67.0
65.0
68.0
64.0
65.0
67.0
68.0
73.0
73.0
75.0
67.0
76.0
69.0
76.0
73.0
63.0
68.0
66.0
74.0
74.0
74.0
75.0
71.0
70.0
76.0
52.0
35.0
48.0
44.0
50.0
44.0
60.0
55.0
55.0
47.0
51.0
53.0
41.0
49.0
56.0
55.0
46.0
53.0
49.0
58.0
50.0
62.0
56.0
54.0
47.0
49.0
60.0
43.0
48.0
65.0
59.0
60.0
69.0
64.0
62.0
68.0
56.0
65.0
62.0
51.0
45.0
55.0
47.0
45.0
54.0
52.0
45.0
62.0
47.0
61.0
49.0
47.0
47.0
45.0
57.0
48.0
47.0
50.0
66.0
59.0
56.0
60.0
52.0
45.0
53.0
59.0
55.0
59.0
43.0
40.0
45.0
48.0
54.0
46.0
46.0
47.0
49.0
61.0
47.0
70.0
46.0
63.0
67.0
58.0
58.0
65.0
62.0
73.0
66.0
64.0
55.0
51.0
58.0
55.0
55.0
56.0
55.0
52.0
61.0
45.0
32.0
49.0
42.0
37.0
38.0
42.0
55.0
49.0
57.0
56.0
63.0
55.0
49.0
60.0
65.0
67.0
73.0
64.0
74.0
69.0
52.0
48.0
52.0
61.0
61.0
49.0
57.0
53.0
59.0
52.0
48.0
48.0
60.0
54.0
39.0
47.0
55.0
43.0
49.0
48.0
52.0
50.0
47.0
49.0
43.0
57.0
61.0
45.0
56.0
59.0
53.0
67.0
65.0
43.0
56.0
60.0
48.0
56.0
54.0
44.0
59.0
59.0
52.0
54.0
51.0
52.0
51.0
56.0
57.0
38.0
52.0
48.0
35.0
58.0
48.0
60.0
60.0
58.0
67.0
66.0
74.0
59.0
59.0
62.0
57.0
66.0
68.0
62.0
69.0
61.0
44.0
45.0
45.0
51.0
52.0
57.0
54.0
51.0
44.0
55.0
54.0
54.0
56.0
48.0
52.0
54.0
65.0
55.0
62.0
57.0
69.0
51.0
61.0
56.0
61.0
56.0
67.0
66.0
64.0
61.0
50.0
61.0
57.0
54.0
58.0
47.0
56.0
59.0
61.0
61.0
52.0
67.0
53.0
49.0
53.0
62.0
63.0
63.0
41.0
56.0
54.0
49.0
60.0
63.0
64.0
66.0
69.0
63.0
73.0
67.0
67.0
73.0
64.0
61.0
61.0
51.0
62.0
56.0
57.0
50.0
48.0
52.0
48.0
47.0
45.0
51.0
58.0
56.0
51.0
59.0
62.0
57.0
45.0
47.0
50.0
50.0
49.0
50.0
44.0
49.0
46.0
49.0
53.0
63.0
51.0
50.0
58.0
53.0
52.0
59.0
56.0
55.0
52.0
61.0
53.0
52.0
60.0
68.0
66.0
73.0
60.0
47.0
60.0
51.0
60.0
58.0
57.0
64.0
67.0
55.0
59.0
48.0
48.0
50.0
61.0
55.0
42.0
47.0
43.0
48.0
52.0
49.0
46.0
50.0
48.0
38.0
49.0
48.0
41.0
59.0
63.0
57.0
58.0
55.0
56.0
54.0
65.0
63.0
56.0
61.0
60.0
68.0
67.0
61.0
62.0
63.0
65.0
57.0
59.0
58.0
56.0
57.0
60.0
59.0
59.0
58.0
56.0
58.0
54.0
59.0
65.0
58.0
67.0
64.0
56.0
58.0
67.0
61.0
61.0
54.0
60.0
62.0
58.0
63.0
55.0
56.0
68.0
63.0
61.0
64.0
66.0
69.0
67.0
63.0
64.0
