68.0
69.0
66.0
66.0
67.0
69.0
63.0
66.0
67.0
68.0
70.0
68.0
66.0
67.0
68.0
68.0
62.0
64.0
70.0
71.0
66.0
63.0
69.0
59.0
56.0
54.0
62.0
53.0
63.0
62.0
68.0
56.0
44.0
48.0
58.0
53.0
54.0
53.0
63.0
51.0
51.0
62.0
64.0
65.0
61.0
57.0
59.0
59.0
49.0
68.0
58.0
58.0
66.0
66.0
55.0
71.0
57.0
67.0
61.0
66.0
69.0
60.0
54.0
65.0
59.0
49.0
62.0
63.0
62.0
52.0
58.0
59.0
72.0
72.0
50.0
64.0
71.0
78.0
62.0
57.0
51.0
60.0
55.0
49.0
68.0
55.0
59.0
53.0
60.0
60.0
58.0
67.0
54.0
59.0
66.0
52.0
61.0
66.0
60.0
63.0
62.0
76.0
46.0
47.0
68.0
64.0
54.0
80.0
68.0
74.0
61.0
57.0
66.0
67.0
58.0
64.0
63.0
51.0
63.0
57.0
62.0
58.0
65.0
56.0
65.0
72.0
74.0
66.0
59.0
50.0
69.0
76.0
58.0
66.0
62.0
57.0
70.0
76.0
73.0
56.0
61.0
66.0
69.0
63.0
62.0
58.0
59.0
62.0
51.0
54.0
60.0
65.0
69.0
64.0
70.0
61.0
64.0
75.0
66.0
64.0
76.0
70.0
48.0
80.0
66.0
64.0
55.0
62.0
64.0
66.0
67.0
68.0
70.0
61.0
61.0
61.0
68.0
54.0
60.0
62.0
59.0
54.0
55.0
55.0
63.0
67.0
62.0
63.0
60.0
65.0
63.0
77.0
57.0
77.0
74.0
59.0
70.0
61.0
65.0
56.0
69.0
56.0
68.0
55.0
60.0
65.0
72.0
61.0
54.0
60.0
67.0
66.0
66.0
56.0
68.0
64.0
69.0
61.0
53.0
55.0
58.0
57.0
34.0
46.0
63.0
55.0
49.0
42.0
51.0
56.0
58.0
34.0
61.0
52.0
60.0
59.0
61.0
57.0
54.0
57.0
60.0
51.0
49.0
50.0
62.0
67.0
46.0
54.0
49.0
60.0
52.0
50.0
51.0
55.0
46.0
65.0
55.0
46.0
61.0
65.0
43.0
52.0
51.0
38.0
44.0
46.0
46.0
54.0
57.0
48.0
44.0
51.0
46.0
58.0
52.0
56.0
48.0
38.0
44.0
45.0
45.0
41.0
40.0
57.0
50.0
55.0
41.0
41.0
46.0
51.0
45.0
39.0
43.0
44.0
58.0
59.0
60.0
65.0
47.0
72.0
65.0
64.0
69.0
54.0
71.0
71.0
63.0
62.0
60.0
56.0
70.0
63.0
52.0
71.0
65.0
62.0
73.0
51.0
65.0
51.0
60.0
65.0
60.0
69.0
58.0
59.0
63.0
66.0
59.0
51.0
61.0
59.0
69.0
60.0
58.0
61.0
58.0
57.0
57.0
61.0
65.0
62.0
67.0
66.0
67.0
66.0
67.0
65.0
62.0
62.0
60.0
68.0
63.0
61.0
63.0
60.0
63.0
63.0
65.0
64.0
62.0
62.0
60.0
61.0
61.0
