78.0
69.0
70.0
66.0
69.0
73.0
67.0
64.0
61.0
69.0
68.0
71.0
74.0
73.0
74.0
73.0
74.0
60.0
72.0
82.0
66.0
77.0
72.0
61.0
81.0
77.0
70.0
74.0
73.0
75.0
78.0
72.0
74.0
70.0
74.0
60.0
64.0
68.0
70.0
79.0
63.0
70.0
73.0
58.0
71.0
62.0
53.0
59.0
75.0
67.0
70.0
66.0
66.0
68.0
63.0
70.0
84.0
75.0
76.0
64.0
73.0
74.0
73.0
68.0
71.0
75.0
69.0
66.0
74.0
75.0
72.0
76.0
72.0
69.0
74.0
73.0
69.0
68.0
66.0
65.0
69.0
61.0
75.0
68.0
75.0
81.0
74.0
69.0
75.0
67.0
64.0
81.0
77.0
78.0
75.0
63.0
70.0
64.0
69.0
60.0
71.0
82.0
69.0
79.0
70.0
74.0
63.0
72.0
68.0
63.0
64.0
59.0
68.0
60.0
61.0
66.0
78.0
63.0
64.0
69.0
57.0
67.0
65.0
66.0
76.0
67.0
69.0
66.0
77.0
64.0
80.0
71.0
65.0
65.0
68.0
56.0
67.0
62.0
74.0
58.0
67.0
61.0
65.0
73.0
71.0
79.0
78.0
63.0
69.0
72.0
71.0
78.0
71.0
68.0
64.0
76.0
74.0
77.0
70.0
62.0
75.0
76.0
64.0
72.0
56.0
64.0
55.0
69.0
70.0
64.0
64.0
64.0
76.0
66.0
65.0
73.0
79.0
68.0
75.0
69.0
74.0
67.0
76.0
68.0
73.0
68.0
74.0
79.0
67.0
78.0
74.0
64.0
66.0
75.0
69.0
69.0
70.0
70.0
73.0
75.0
72.0
73.0
67.0
72.0
65.0
70.0
72.0
62.0
61.0
63.0
69.0
63.0
70.0
71.0
74.0
66.0
59.0
69.0
75.0
68.0
75.0
68.0
73.0
77.0
81.0
69.0
69.0
61.0
62.0
78.0
75.0
69.0
66.0
68.0
73.0
68.0
76.0
78.0
68.0
67.0
78.0
64.0
68.0
70.0
89.0
67.0
71.0
71.0
57.0
68.0
68.0
63.0
72.0
67.0
76.0
67.0
70.0
82.0
73.0
58.0
72.0
68.0
62.0
73.0
79.0
77.0
78.0
73.0
74.0
70.0
74.0
77.0
75.0
64.0
75.0
72.0
71.0
71.0
78.0
62.0
73.0
78.0
68.0
57.0
66.0
60.0
