44.0
52.0
54.0
57.0
41.0
48.0
44.0
52.0
50.0
53.0
56.0
55.0
50.0
54.0
50.0
43.0
52.0
57.0
45.0
48.0
48.0
50.0
49.0
52.0
44.0
48.0
51.0
53.0
51.0
57.0
47.0
45.0
46.0
55.0
49.0
50.0
47.0
53.0
51.0
47.0
42.0
38.0
47.0
49.0
47.0
52.0
58.0
51.0
55.0
47.0
48.0
53.0
45.0
49.0
57.0
59.0
55.0
45.0
53.0
51.0
50.0
56.0
47.0
50.0
49.0
47.0
51.0
49.0
49.0
51.0
46.0
55.0
56.0
53.0
51.0
47.0
50.0
55.0
51.0
44.0
55.0
56.0
55.0
46.0
55.0
46.0
47.0
42.0
46.0
52.0
55.0
52.0
50.0
51.0
49.0
55.0
52.0
48.0
50.0
45.0
55.0
51.0
53.0
49.0
50.0
45.0
49.0
52.0
47.0
58.0
52.0
50.0
48.0
53.0
52.0
52.0
47.0
48.0
50.0
50.0
47.0
47.0
45.0
46.0
51.0
49.0
48.0
53.0
47.0
50.0
48.0
43.0
51.0
54.0
51.0
58.0
47.0
48.0
46.0
50.0
57.0
48.0
54.0
55.0
57.0
56.0
52.0
55.0
59.0
59.0
53.0
53.0
50.0
52.0
57.0
51.0
49.0
47.0
50.0
46.0
46.0
53.0
50.0
51.0
46.0
50.0
42.0
51.0
48.0
49.0
55.0
55.0
55.0
58.0
57.0
56.0
51.0
58.0
50.0
48.0
54.0
51.0
53.0
49.0
54.0
54.0
49.0
55.0
46.0
52.0
52.0
55.0
