83.0
86.0
53.0
94.0
79.0
65.0
84.0
84.0
73.0
76.0
83.0
83.0
100.0
79.0
66.0
75.0
71.0
70.0
82.0
86.0
85.0
87.0
83.0
80.0
83.0
78.0
78.0
76.0
80.0
77.0
63.0
78.0
104.0
67.0
88.0
75.0
63.0
78.0
90.0
92.0
62.0
71.0
64.0
100.0
92.0
95.0
92.0
91.0
88.0
84.0
90.0
79.0
84.0
67.0
92.0
72.0
81.0
61.0
72.0
68.0
56.0
76.0
73.0
93.0
75.0
86.0
88.0
84.0
83.0
83.0
70.0
84.0
83.0
86.0
86.0
98.0
58.0
86.0
78.0
82.0
75.0
76.0
70.0
67.0
71.0
60.0
50.0
42.0
59.0
60.0
78.0
70.0
80.0
77.0
76.0
88.0
83.0
80.0
73.0
82.0
88.0
81.0
66.0
76.0
81.0
83.0
99.0
74.0
81.0
78.0
76.0
78.0
91.0
84.0
69.0
88.0
84.0
69.0
97.0
71.0
94.0
74.0
87.0
87.0
78.0
84.0
101.0
85.0
84.0
82.0
68.0
75.0
76.0
75.0
74.0
85.0
89.0
65.0
62.0
71.0
72.0
76.0
68.0
85.0
97.0
72.0
69.0
64.0
71.0
55.0
74.0
83.0
81.0
71.0
74.0
75.0
73.0
69.0
80.0
85.0
89.0
95.0
91.0
90.0
84.0
83.0
84.0
93.0
84.0
67.0
46.0
76.0
71.0
73.0
61.0
75.0
92.0
86.0
80.0
86.0
79.0
79.0
87.0
83.0
80.0
91.0
71.0
76.0
84.0
76.0
71.0
86.0
89.0
78.0
86.0
89.0
83.0
85.0
74.0
87.0
92.0
84.0
86.0
72.0
99.0
94.0
88.0
73.0
90.0
83.0
84.0
86.0
76.0
85.0
92.0
75.0
77.0
68.0
73.0
89.0
76.0
67.0
73.0
75.0
74.0
71.0
95.0
84.0
72.0
70.0
73.0
89.0
81.0
78.0
82.0
83.0
76.0
65.0
74.0
66.0
83.0
93.0
82.0
96.0
85.0
74.0
75.0
71.0
69.0
74.0
70.0
71.0
