84.0
85.0
83.0
84.0
86.0
85.0
83.0
83.0
86.0
83.0
83.0
84.0
86.0
83.0
85.0
86.0
83.0
85.0
83.0
84.0
87.0
82.0
87.0
84.0
84.0
84.0
82.0
84.0
77.0
89.0
92.0
88.0
89.0
100.0
92.0
92.0
100.0
90.0
81.0
91.0
83.0
85.0
89.0
95.0
92.0
102.0
102.0
79.0
105.0
100.0
108.0
100.0
101.0
86.0
106.0
102.0
96.0
102.0
91.0
73.0
98.0
92.0
79.0
86.0
85.0
79.0
83.0
76.0
96.0
98.0
84.0
93.0
95.0
93.0
97.0
91.0
105.0
102.0
100.0
86.0
99.0
101.0
100.0
101.0
101.0
103.0
106.0
102.0
103.0
103.0
103.0
100.0
85.0
99.0
104.0
94.0
102.0
104.0
104.0
102.0
97.0
94.0
105.0
95.0
104.0
104.0
102.0
110.0
109.0
100.0
93.0
87.0
81.0
92.0
88.0
104.0
96.0
105.0
95.0
109.0
105.0
104.0
91.0
77.0
96.0
86.0
99.0
93.0
85.0
85.0
91.0
85.0
96.0
91.0
97.0
109.0
102.0
103.0
106.0
102.0
105.0
101.0
93.0
86.0
97.0
93.0
95.0
97.0
99.0
98.0
106.0
99.0
97.0
91.0
104.0
106.0
101.0
83.0
102.0
89.0
85.0
90.0
94.0
86.0
94.0
83.0
99.0
108.0
97.0
103.0
97.0
100.0
91.0
92.0
96.0
95.0
91.0
91.0
90.0
98.0
105.0
90.0
97.0
98.0
101.0
94.0
105.0
107.0
102.0
95.0
97.0
103.0
111.0
108.0
98.0
102.0
109.0
109.0
106.0
98.0
107.0
110.0
99.0
94.0
84.0
110.0
87.0
86.0
102.0
87.0
101.0
103.0
97.0
100.0
97.0
96.0
88.0
104.0
109.0
95.0
104.0
108.0
95.0
101.0
96.0
107.0
86.0
97.0
94.0
88.0
87.0
95.0
86.0
92.0
105.0
97.0
102.0
95.0
95.0
105.0
96.0
93.0
92.0
85.0
98.0
91.0
86.0
84.0
104.0
97.0
99.0
102.0
104.0
85.0
106.0
102.0
108.0
101.0
104.0
84.0
86.0
94.0
98.0
82.0
88.0
96.0
88.0
86.0
96.0
89.0
78.0
93.0
93.0
101.0
91.0
94.0
110.0
104.0
95.0
89.0
90.0
88.0
84.0
88.0
81.0
84.0
84.0
83.0
92.0
83.0
89.0
93.0
83.0
83.0
108.0
104.0
106.0
96.0
106.0
99.0
95.0
91.0
95.0
90.0
83.0
92.0
92.0
94.0
91.0
103.0
96.0
89.0
85.0
107.0
100.0
90.0
94.0
100.0
110.0
103.0
97.0
91.0
90.0
89.0
92.0
83.0
103.0
100.0
100.0
103.0
107.0
101.0
101.0
109.0
100.0
86.0
91.0
89.0
85.0
85.0
78.0
75.0
83.0
82.0
79.0
83.0
82.0
78.0
80.0
79.0
84.0
83.0
84.0
85.0
85.0
84.0
87.0
86.0
82.0
79.0
87.0
85.0
84.0
83.0
