53.0
50.0
52.0
54.0
52.0
53.0
50.0
54.0
52.0
49.0
46.0
50.0
51.0
51.0
55.0
58.0
55.0
51.0
50.0
41.0
61.0
52.0
50.0
55.0
52.0
50.0
62.0
60.0
54.0
67.0
58.0
59.0
75.0
64.0
67.0
69.0
54.0
55.0
39.0
59.0
68.0
63.0
62.0
68.0
50.0
59.0
51.0
50.0
56.0
57.0
53.0
47.0
48.0
60.0
58.0
55.0
47.0
54.0
46.0
52.0
45.0
45.0
42.0
50.0
39.0
48.0
76.0
73.0
45.0
45.0
52.0
53.0
50.0
40.0
46.0
50.0
52.0
58.0
63.0
37.0
47.0
49.0
60.0
59.0
65.0
52.0
46.0
53.0
56.0
74.0
63.0
66.0
56.0
51.0
52.0
69.0
49.0
62.0
49.0
50.0
55.0
54.0
49.0
56.0
46.0
51.0
52.0
61.0
52.0
61.0
55.0
58.0
43.0
58.0
69.0
48.0
46.0
65.0
40.0
43.0
49.0
46.0
43.0
75.0
42.0
42.0
85.0
39.0
50.0
50.0
87.0
60.0
67.0
56.0
49.0
61.0
61.0
56.0
53.0
68.0
63.0
56.0
59.0
67.0
53.0
53.0
58.0
52.0
66.0
50.0
47.0
56.0
48.0
67.0
57.0
56.0
40.0
44.0
59.0
52.0
46.0
58.0
47.0
58.0
48.0
57.0
44.0
53.0
50.0
61.0
63.0
70.0
54.0
58.0
78.0
43.0
53.0
64.0
74.0
58.0
68.0
43.0
59.0
54.0
51.0
54.0
51.0
52.0
67.0
46.0
59.0
52.0
64.0
53.0
55.0
69.0
55.0
49.0
58.0
58.0
67.0
68.0
69.0
68.0
61.0
65.0
76.0
67.0
59.0
53.0
53.0
57.0
56.0
68.0
48.0
56.0
45.0
61.0
51.0
48.0
58.0
38.0
56.0
64.0
63.0
59.0
45.0
59.0
52.0
58.0
58.0
60.0
58.0
68.0
57.0
