97.0
98.0
98.0
98.0
98.0
98.0
99.0
99.0
98.0
99.0
98.0
98.0
99.0
97.0
101.0
100.0
101.0
100.0
100.0
99.0
100.0
100.0
97.0
100.0
102.0
99.0
102.0
103.0
102.0
103.0
102.0
102.0
100.0
101.0
99.0
99.0
102.0
99.0
103.0
100.0
102.0
101.0
104.0
102.0
106.0
109.0
105.0
103.0
98.0
45.0
68.0
52.0
50.0
51.0
60.0
64.0
65.0
60.0
68.0
61.0
65.0
74.0
71.0
68.0
67.0
58.0
68.0
64.0
51.0
83.0
79.0
102.0
94.0
85.0
86.0
91.0
91.0
93.0
90.0
90.0
87.0
88.0
88.0
88.0
96.0
92.0
90.0
94.0
95.0
88.0
88.0
89.0
92.0
96.0
90.0
82.0
81.0
78.0
91.0
90.0
89.0
99.0
105.0
100.0
87.0
87.0
49.0
49.0
48.0
91.0
92.0
72.0
67.0
68.0
69.0
68.0
78.0
76.0
60.0
64.0
92.0
105.0
96.0
103.0
94.0
104.0
107.0
48.0
45.0
47.0
47.0
36.0
71.0
111.0
111.0
105.0
103.0
94.0
102.0
96.0
46.0
48.0
45.0
29.0
33.0
39.0
32.0
32.0
23.0
31.0
23.0
43.0
36.0
43.0
35.0
56.0
89.0
106.0
100.0
113.0
108.0
87.0
81.0
90.0
100.0
110.0
116.0
92.0
113.0
95.0
93.0
65.0
67.0
20.0
38.0
35.0
40.0
30.0
40.0
30.0
36.0
57.0
25.0
52.0
70.0
98.0
93.0
105.0
88.0
110.0
73.0
60.0
60.0
44.0
79.0
108.0
105.0
104.0
110.0
102.0
66.0
53.0
48.0
47.0
57.0
52.0
60.0
56.0
55.0
39.0
29.0
38.0
43.0
42.0
44.0
53.0
81.0
105.0
96.0
107.0
104.0
95.0
107.0
110.0
106.0
106.0
104.0
114.0
109.0
95.0
73.0
49.0
45.0
35.0
40.0
53.0
48.0
52.0
47.0
40.0
38.0
35.0
43.0
36.0
36.0
36.0
30.0
79.0
103.0
89.0
101.0
111.0
65.0
66.0
61.0
61.0
54.0
63.0
109.0
104.0
105.0
110.0
101.0
102.0
71.0
94.0
31.0
32.0
28.0
31.0
34.0
38.0
34.0
34.0
31.0
37.0
24.0
33.0
81.0
108.0
103.0
105.0
108.0
105.0
104.0
106.0
104.0
108.0
102.0
100.0
110.0
109.0
109.0
75.0
93.0
71.0
16.0
25.0
28.0
37.0
36.0
31.0
45.0
37.0
33.0
67.0
80.0
100.0
95.0
105.0
111.0
113.0
105.0
80.0
75.0
68.0
69.0
79.0
79.0
108.0
108.0
96.0
105.0
103.0
112.0
74.0
73.0
33.0
38.0
34.0
35.0
37.0
36.0
29.0
28.0
40.0
47.0
19.0
48.0
102.0
105.0
114.0
104.0
105.0
113.0
56.0
57.0
61.0
56.0
87.0
106.0
106.0
113.0
105.0
90.0
100.0
112.0
112.0
99.0
68.0
33.0
36.0
16.0
35.0
37.0
30.0
35.0
37.0
40.0
44.0
51.0
68.0
55.0
85.0
93.0
92.0
107.0
112.0
114.0
79.0
47.0
40.0
58.0
68.0
96.0
106.0
111.0
102.0
108.0
107.0
110.0
101.0
107.0
56.0
29.0
20.0
39.0
37.0
42.0
34.0
31.0
30.0
33.0
66.0
59.0
35.0
27.0
62.0
98.0
102.0
102.0
104.0
108.0
105.0
106.0
110.0
109.0
107.0
110.0
112.0
110.0
106.0
106.0
98.0
101.0
98.0
101.0
102.0
108.0
104.0
104.0
101.0
99.0
99.0
99.0
100.0
99.0
100.0
102.0
103.0
102.0
104.0
104.0
104.0
103.0
102.0
102.0
102.0
99.0
100.0
101.0
101.0
101.0
104.0
103.0
103.0
