3.4027934,-2.717515,-0.45124912,-105.18215535681469,23968.505859375,-44.38637829545388,20785.5224609375,
3.4019523,-2.7167447,-0.45117706,-102.44991299004072,69363.4033203125,-44.35919698670538,20785.5224609375,
3.4027257,-2.7159035,-0.45115578,-104.80115840946156,70111.083984375,-44.41148319284234,20785.5224609375,
3.402658,-2.7142913,-0.45106295,-102.82064939965474,69769.287109375,-44.40673889949668,20785.5224609375,
3.4018183,-2.7135196,-0.45098996,-103.42422197424618,23135.3759765625,-44.439717615399566,20785.5224609375,
3.4009786,-2.7127478,-0.4509171,-102.95076435804944,70046.9970703125,-44.42195715675311,20785.5224609375,
3.4009128,-2.7111356,-0.45082325,-103.5764794907677,23220.8251953125,-44.44347729184934,20785.5224609375,
3.401687,-2.7102952,-0.45080385,-103.54703955057742,69876.0986328125,-44.45205718803801,20785.5224609375,
3.4008472,-2.7095234,-0.45072854,-106.80585245868143,45394.8974609375,-44.44201006696994,20785.5224609375,
3.4016213,-2.708683,-0.4507097,-105.54550776360395,69384.765625,-44.45783567862825,20785.5224609375,
3.4007819,-2.7079117,-0.4506298,-102.86581221355662,23199.462890625,-44.396982786279466,20785.5224609375,
3.4015553,-2.7070706,-0.45060927,-104.15225218703476,69705.2001953125,-44.43974681390951,20785.5224609375,
3.4023287,-2.7062294,-0.45058817,-103.60829305091258,70153.80859375,-44.434286894339074,20785.5224609375,
3.4031034,-2.7053895,-0.4505689,-102.74981151247292,69577.0263671875,-44.40329716612875,20785.5224609375,
3.4009569,-2.6941893,-0.44982222,-104.77867551083241,23925.78125,-44.21005933901594,20785.5224609375,
3.3843548,-2.5856998,-0.45162815,-104.51469360110849,22921.7529296875,-44.31601335854432,20785.5224609375,
3.3557081,-2.4121718,-0.45857888,-104.09079254853478,70217.8955078125,-44.35290175143269,20785.5224609375,
3.330552,-2.2633996,-0.46637926,-103.6111577663671,69833.3740234375,-44.49903244614211,20785.5224609375,
3.2989066,-2.1527767,-0.47824854,-105.25933796854113,70410.15625,-44.48763866038091,20785.5224609375,
3.2506409,-2.02598,-0.48787585,-103.12125918303124,23840.33203125,-44.70057887765278,20785.5224609375,
3.205294,-1.947766,-0.4894379,-104.12265674595189,69641.11328125,-44.74064196795898,20785.5224609375,
3.182055,-1.9208058,-0.48926792,-103.15182121242572,23583.984375,-44.69565328488346,20785.5224609375,
3.1812325,-1.9200125,-0.4892568,-105.18217885554111,23242.1875,-44.694393275082774,20785.5224609375,
3.1836944,-1.9223986,-0.4892857,-102.78501097740518,23754.8828125,-44.75682601733003,20785.5224609375,
3.1811814,-1.916782,-0.48915657,-102.67780613172862,70004.2724609375,-44.750417243939864,20785.5224609375,
3.1778476,-1.9103732,-0.48891976,-104.14152411269482,69512.939453125,-44.85087479991969,20785.5224609375,
3.1761823,-1.9071693,-0.48876718,-102.98966572422228,22814.94140625,-44.85788344112891,20785.5224609375,
3.1737225,-1.9047877,-0.48858878,-103.91788889362529,23883.056640625,-45.023902881394335,20785.5224609375,
3.1688051,-1.9000255,-0.48818877,-103.55483480307916,69598.388671875,-45.07657786581861,20785.5224609375,
3.164685,-1.8944448,-0.48773387,-103.25194464901429,69897.4609375,-45.114509985206965,20785.5224609375,
3.163024,-1.8912446,-0.48748782,-103.0122908253292,70089.7216796875,-45.0978483597671,20785.5224609375,
3.1597147,-1.8864645,-0.48709014,-102.08389421495797,69705.2001953125,-45.13131019653656,20785.5224609375,
3.1571903,-1.8808709,-0.4866249,-105.37673464503527,22302.24609375,-45.15525841425959,20785.5224609375,
3.153043,-1.8753179,-0.48608685,-104.11128204833666,23263.5498046875,-45.0945519467136,20785.5224609375,
3.1505044,-1.8697327,-0.4855988,-104.0413934015743,70132.4462890625,-44.81929444332081,20785.5224609375,
3.1471725,-1.8649771,-0.48510742,-102.22599045987003,70303.3447265625,-44.71183709242901,20785.5224609375,
3.1454542,-1.8601823,-0.48468396,-104.34748787600397,70794.677734375,-44.72089509982355,20785.5224609375,
3.144559,-1.8561742,-0.48434752,-102.99633999904208,69427.490234375,-44.63247948498747,20785.5224609375,
3.1436973,-1.8537798,-0.48411325,-103.93971391495155,69577.0263671875,-44.60899505788022,20785.5224609375,
3.1436603,-1.8521689,-0.48398653,-103.97085149811689,70452.880859375,-44.62394057137836,20785.5224609375,
3.1444116,-1.8497304,-0.48384672,-101.61916089045688,70004.2724609375,-44.61523384752259,20785.5224609375,
3.1435506,-1.8473372,-0.48359722,-104.17101134229542,69406.1279296875,-44.58799710445345,20785.5224609375,
3.1434743,-1.8441166,-0.4833318,-103.19451854650927,69555.6640625,-44.5504343512128,20785.5224609375,
3.1433573,-1.8392862,-0.48292696,-104.35442000340313,22558.59375,-44.590995746766765,20785.5224609375,
3.1416252,-1.8345064,-0.4824014,-103.88297837920886,23178.1005859375,-44.545955134811415,20785.5224609375,
3.1406713,-1.8288975,-0.48187014,-104.67721725221709,70089.7216796875,-44.57771898744113,20785.5224609375,
3.1388795,-1.8225132,-0.48120722,-104.4797067841321,69555.6640625,-44.59241831298482,20785.5224609375,
3.136247,-1.8153566,-0.48041508,-104.38991659643378,23327.63671875,-44.54158895474011,20785.5224609375,
3.1319337,-1.8066558,-0.479397,-103.020653216903,70046.9970703125,-44.59850777484743,20785.5224609375,
3.127541,-1.7963552,-0.47825822,-107.50436587673155,70239.2578125,-44.62317040582683,20785.5224609375,
3.123126,-1.786062,-0.47713983,-103.52876010216738,23156.73828125,-44.602322627761836,20785.5224609375,
3.1202419,-1.7740939,-0.47601807,-105.06930454201635,23455.810546875,-44.61887998372595,20785.5224609375,
3.1165025,-1.7613571,-0.4748254,-105.67408937399566,69790.6494140625,-44.63279003701925,20785.5224609375,
3.1135178,-1.7477797,-0.47366077,-102.66351472966048,70645.1416015625,-44.67990829666888,20785.5224609375,
3.110514,-1.7342056,-0.47250706,-103.4889872226219,70132.4462890625,-44.66806671508593,20785.5224609375,
3.1067228,-1.7214772,-0.47139153,-104.09716440441598,23434.4482421875,-44.70254303908575,20785.5224609375,
3.1030605,-1.7119731,-0.4705267,-103.26327048015693,70068.359375,-44.71894610815546,20785.5224609375,
3.100309,-1.7048455,-0.46989304,-104.60697740382503,70004.2724609375,-44.734109713528184,20785.5224609375,
3.0984714,-1.7000942,-0.4694795,-103.97726638614996,70367.431640625,-44.77288349307821,20785.5224609375,
3.0975523,-1.6977181,-0.46927986,-103.7247850560355,22473.14453125,-44.75826397288034,20785.5224609375,
3.0966325,-1.695342,-0.46908498,-103.67473154940146,23498.53515625,-44.70547047540521,20785.5224609375,
3.0955591,-1.6897429,-0.46869576,-104.19372313504341,69940.185546875,-44.8014599306396,20785.5224609375,
3.093982,-1.6728543,-0.46772715,-104.67673076135334,23284.912109375,-45.01132661783373,20785.5224609375,
3.0952423,-1.6445112,-0.46675205,-104.4656679941204,23669.43359375,-45.02981810597564,20785.5224609375,
3.0990217,-1.6168932,-0.46556813,-102.01616942187803,70217.8955078125,-45.050392935390164,20785.5224609375,
3.1016576,-1.5990394,-0.46466097,-102.62887696020951,70196.533203125,-45.0768304384101,20785.5224609375,
3.1005213,-1.5869654,-0.4639405,-104.43549520236655,70837.40234375,-45.123297782582085,20785.5224609375,
3.096206,-1.5733434,-0.46300352,-102.64214255688796,69833.3740234375,-45.14275877266968,20785.5224609375,
3.0903702,-1.5580934,-0.46193823,-104.98457672064511,22686.767578125,-45.24181194696395,20785.5224609375,
3.0821893,-1.53879,-0.4605544,-103.58527765516847,69662.4755859375,-45.47623201960359,20785.5224609375,
3.0698647,-1.4977161,-0.4579914,-103.76427570640594,23327.63671875,-45.74213883976584,20785.5224609375,
3.0563912,-1.4414784,-0.4532032,-105.58445292951184,23861.6943359375,-46.01844913543046,20785.5224609375,
3.0395558,-1.3787295,-0.44952288,-104.27952305483528,23541.259765625,-46.282642277180884,20785.5224609375,
3.0258212,-1.3241178,-0.44554406,-102.88742505509164,70132.4462890625,-46.89487240304957,20785.5224609375,
3.011221,-1.2768312,-0.4419638,-104.77830711252594,70132.4462890625,-46.885186038892144,20785.5224609375,
2.995744,-1.2320284,-0.43839505,-106.17211709628873,70602.4169921875,-47.29091845947005,20785.5224609375,
2.981107,-1.1896338,-0.43498585,-104.42605218679535,70025.634765625,-47.6577918948528,20785.5224609375,
2.9665437,-1.1488421,-0.4316284,-102.31069694460183,23947.1435546875,-48.782513539652996,20785.5224609375,
2.9561694,-1.113595,-0.42873535,-104.64264019481669,23797.607421875,-48.95905566025445,20785.5224609375,
2.948286,-1.0790784,-0.4261183,-105.52620784842772,70281.982421875,-49.11233744700286,20785.5224609375,
2.9411237,-1.0405136,-0.42331022,-103.07855001640057,70004.2724609375,-49.41867688768109,20785.5224609375,
2.9313493,-0.99639124,-0.41981986,-102.86696866806207,70175.1708984375,-50.092091693745864,20785.5224609375,
2.9198103,-0.94578725,-0.41691723,-104.57997336495444,23135.3759765625,-50.781554455966244,20785.5224609375,
2.9046497,-0.88561535,-0.41350275,-104.46542328195682,69662.4755859375,-51.19636718224918,20785.5224609375,
2.8886576,-0.8295296,-0.4103107,-103.12858918386377,69982.91015625,-51.67382818635226,20785.5224609375,
2.875131,-0.782328,-0.407269,-104.32970674829618,69577.0263671875,-51.80589293432563,20785.5224609375,
2.8635447,-0.7496626,-0.40464687,-103.51213264596701,69662.4755859375,-52.159338658902364,20785.5224609375,
2.8546767,-0.72741354,-0.4027401,-102.2076013064638,70153.80859375,-52.28487067257814,20785.5224609375,
2.845733,-0.703558,-0.40074623,-103.04246689463918,69940.185546875,-52.48534024430995,20806.884765625,
2.8400085,-0.6795782,-0.39888722,-104.5934429277817,23413.0859375,-52.95459941455286,20785.5224609375,
2.8325884,-0.65406436,-0.3967641,-103.28629284448475,70346.0693359375,-53.10330379706343,20785.5224609375,
2.827788,-0.63409114,-0.39517877,-105.93700302812215,93609.619140625,-53.08132697651554,20785.5224609375,
2.8232946,-0.6221836,-0.39404595,-102.50475092608443,70431.5185546875,-53.090952137541564,20785.5224609375,
2.8231118,-0.61735404,-0.39365646,-103.56638527688199,23413.0859375,-53.079151026159494,20806.884765625,
2.8238277,-0.6149058,-0.3935015,-102.68791199447334,70452.880859375,-53.048929063575166,20764.16015625,
2.8237686,-0.6132963,-0.3933665,-105.64469831521983,69897.4609375,-53.144855197489,20785.5224609375,
2.82371,-0.6116869,-0.39322978,-102.29658441074031,70004.2724609375,-53.17963949629214,20785.5224609375,
2.8236513,-0.6100777,-0.39309117,-103.99352280551895,70175.1708984375,-53.217692660819324,20785.5224609375,
2.8235922,-0.60846853,-0.39295182,-105.65084517808691,23455.810546875,-53.169122657411485,20785.5224609375,
2.8234727,-0.6052504,-0.39267212,-103.254120013462,23306.2744140625,-53.050206400121304,20785.5224609375,
2.823288,-0.6004238,-0.39224836,-105.62750658645419,22943.115234375,-53.21144351767135,20785.5224609375,
2.8221462,-0.5916089,-0.39143246,-104.24805000576724,69812.01171875,-53.43622530658724,20785.5224609375,
2.817398,-0.573277,-0.38964677,-101.42222144035458,70324.70703125,-53.855920265962155,20785.5224609375,
2.809883,-0.54617655,-0.38723502,-103.16853585494678,22900.390625,-54.401215767584404,20785.5224609375,
2.7977922,-0.5055556,-0.38366988,-102.66683215161292,70388.7939453125,-55.067907983549055,20785.5224609375,
2.7766123,-0.43943298,-0.37881613,-104.76253984279667,23114.013671875,-56.05488379923507,20785.5224609375,
2.7509606,-0.3678017,-0.37525553,-103.6048293206172,70410.15625,-56.36203774972301,20785.5224609375,
2.7292056,-0.31551126,-0.37161043,-105.14966327592253,70858.7646484375,-56.24819657532771,20764.16015625,
2.7176447,-0.2926591,-0.36968502,-103.7026059652436,70431.5185546875,-56.55913816906147,20806.884765625,
2.713045,-0.28077984,-0.36869135,-104.37977124581737,23477.1728515625,-56.94123236787867,20785.5224609375,
2.707674,-0.2697482,-0.36770836,-103.71817469369856,23135.3759765625,-56.85717665585556,20785.5224609375,
2.6993277,-0.24674365,-0.3659068,-103.93120781056984,70645.1416015625,-57.250469705765624,20785.5224609375,
2.685358,-0.20457938,-0.36301023,-104.27129385610846,70068.359375,-57.95763626903532,20785.5224609375,
2.665053,-0.14238605,-0.3600201,-102.4378471903052,23947.1435546875,-58.60747925575477,20785.5224609375,
2.6411812,-0.07061604,-0.35679394,-102.11031867148344,69619.7509765625,-59.180527887234106,20806.884765625,
2.6155803,0.0059270114,-0.3527574,-105.32374881891583,70004.2724609375,-59.518023200409374,20785.5224609375,
2.5885015,0.08081437,-0.34866503,-106.34462977279503,69641.11328125,-59.87261920149548,20806.884765625,
2.5598464,0.15729913,-0.34463543,-106.82162623914941,69940.185546875,-59.60288289416721,20764.16015625,
2.5338457,0.22819285,-0.34015286,-105.66768819457445,118005.37109375,-59.9372847014737,20785.5224609375,
2.5081117,0.2959042,-0.33562833,-104.59915748777819,69876.0986328125,-59.741126441972405,20785.5224609375,
2.4841495,0.36376008,-0.33165693,-103.29414232325004,69555.6640625,-59.700892083484256,20785.5224609375,
2.4602923,0.43328694,-0.32766983,-103.87854940499615,23477.1728515625,-59.377700971007286,20764.16015625,
2.4347136,0.5141501,-0.32343948,-102.96680971365467,22323.6083984375,-58.74204190942656,20785.5224609375,
2.409268,0.60001326,-0.32097802,-103.52826718696735,23498.53515625,-57.78278061762922,20785.5224609375,
2.3832161,0.68998367,-0.3184712,-103.52136894662878,70388.7939453125,-56.52888308964788,20785.5224609375,
2.357347,0.7832502,-0.31575364,-104.1478439402776,69790.6494140625,-55.409325000358166,20785.5224609375,
2.3307066,0.8854434,-0.31301048,-103.52320064510761,69491.5771484375,-54.53907343202361,20785.5224609375,
2.3064356,0.97376114,-0.30802667,-104.18540851544073,70474.2431640625,-53.84770285741779,20785.5224609375,
2.2865744,1.0403422,-0.30392295,-104.35058675273055,69662.4755859375,-53.28561321518096,20785.5224609375,
2.2702563,1.0892129,-0.30058414,-103.13012743545696,23284.912109375,-52.82772082351791,20785.5224609375,
2.2532706,1.1356868,-0.29745936,-105.3193851402855,69427.490234375,-51.8953393404168,20785.5224609375,
2.2361379,1.1902183,-0.29375494,-104.68666443199025,22729.4921875,-50.92382989733664,20785.5224609375,
2.2157063,1.2625834,-0.29032794,-105.55042398457931,23327.63671875,-49.345703445510345,20785.5224609375,
2.1882095,1.3568832,-0.288811,-105.05056177417968,69769.287109375,-47.97848928019701,20785.5224609375,
2.1540937,1.4672464,-0.28549233,-103.39665849087523,69683.837890625,-46.640876651496185,20785.5224609375,
2.1268659,1.5502824,-0.28373504,-104.58747512458581,70111.083984375,-45.95412095048193,20785.5224609375,
2.1153703,1.590625,-0.28275767,-102.60955925711384,69641.11328125,-45.64555857991642,20785.5224609375,
2.114548,1.5930415,-0.28263548,-103.78417013948096,23519.8974609375,-45.41406692510214,20785.5224609375,
2.1137342,1.5938424,-0.28258187,-103.28478479335404,69491.5771484375,-45.33116323399783,20785.5224609375,
2.1104748,1.597036,-0.2823072,-103.83058415563566,70217.8955078125,-45.349044159633465,20785.5224609375,
2.1071718,1.6050683,-0.28173625,-102.39298085879494,69683.837890625,-45.36472802916304,20785.5224609375,
2.1006138,1.6146672,-0.28090516,-102.92346789671667,69641.11328125,-45.40177017422013,20785.5224609375,
2.093222,1.6250465,-0.27996102,-104.090304521707,69982.91015625,-45.361825713831564,20785.5224609375,
2.0857856,1.6370237,-0.27891922,-103.14992152657999,70303.3447265625,-45.40940995643683,20785.5224609375,
2.0800004,1.6457944,-0.27812847,-102.3490060742624,23007.2021484375,-45.41389657086021,20785.5224609375,
2.075875,1.6513642,-0.27759367,-103.56101664036068,23498.53515625,-45.3827528968265,20785.5224609375,
2.074184,1.6561722,-0.277211,-103.2978559129888,70452.880859375,-45.367031125272064,20785.5224609375,
2.070845,1.6625592,-0.27666143,-102.68307317414782,70367.431640625,-45.30603550137606,20785.5224609375,
2.0682354,1.6729935,-0.2759153,-103.67052963250302,69534.3017578125,-45.27409252273138,20785.5224609375,
2.063972,1.6850019,-0.27497318,-103.86557042084408,22644.04296875,-45.26405750167224,20785.5224609375,
2.0613518,1.695433,-0.27421948,-105.41649455865314,22558.59375,-45.28981222605029,20785.5224609375,
2.059587,1.7034614,-0.27363023,-102.86095579887773,70175.1708984375,-45.277155944798714,20785.5224609375,
2.0587046,1.7074755,-0.27333382,-104.8799866711436,70303.3447265625,-45.26909948538836,20785.5224609375,
2.0586166,1.7123138,-0.2730278,-105.6458407128039,118304.443359375,-45.23496452923169,20785.5224609375,
2.0576458,1.7211676,-0.27244434,-101.68802988587336,23583.984375,-45.22817107447804,20785.5224609375,
2.0566747,1.7300206,-0.27185097,-103.82953781216273,23028.564453125,-45.17970275415264,20785.5224609375,
2.0549414,1.7364372,-0.27137065,-103.51088670573552,70025.634765625,-45.16604908709168,20785.5224609375,
2.0548244,1.7428885,-0.27096677,-104.20264395782789,70175.1708984375,-45.126351385534704,20785.5224609375,
2.0538828,1.750129,-0.27047762,-104.5248928508934,70367.431640625,-45.13733698942529,20785.5224609375,
2.0512946,1.7589475,-0.26982003,-103.41917516735178,69534.3017578125,-45.10429133976476,20785.5224609375,
2.0495317,1.7669762,-0.26922944,-102.75210061535611,70004.2724609375,-45.09007136864862,20785.5224609375,
2.0486276,1.772604,-0.26882416,-104.43578341459559,70068.359375,-45.074222966503406,20785.5224609375,
2.0485487,1.7774416,-0.2685057,-103.69140162458451,70196.533203125,-45.07128138669433,20785.5224609375,
2.0493186,1.7798754,-0.26838413,-102.34273980454041,70260.6201171875,-45.03817261723132,20785.5224609375,
2.0500922,1.782308,-0.2682638,-103.74739361000397,23583.984375,-45.056018628640274,20785.5224609375,
2.0532813,1.7855828,-0.26820776,-104.5469891253132,23135.3759765625,-45.060566991131594,20785.5224609375,
2.054858,1.7888321,-0.26807672,-104.37627101888268,70303.3447265625,-45.03885182549817,20785.5224609375,
2.0563977,1.7953069,-0.26774058,-103.59792819734602,69683.837890625,-44.985016341682034,20785.5224609375,
2.0555143,1.8025545,-0.26724818,-105.25780552673764,23049.9267578125,-44.97536724683809,20785.5224609375,
2.055437,1.8106189,-0.26673397,-103.59506420096764,23519.8974609375,-44.91768879753075,20785.5224609375,
2.0570254,1.8138622,-0.26659805,-103.28372055076548,69363.4033203125,-44.96421887663164,20785.5224609375,
2.0586495,1.8122646,-0.26678252,-105.22361402995114,22900.390625,-44.93870631511748,20785.5224609375,
2.060264,1.8122787,-0.26685694,-103.10402921370141,23648.0712890625,-44.93465937590038,20785.5224609375,
2.0610664,1.8130925,-0.2668419,-105.34334075366716,69876.0986328125,-44.97381954263418,20785.5224609375,
2.0602539,1.8138918,-0.26675874,-104.10355497495553,70581.0546875,-44.9745441140696,20785.5224609375,
2.0594406,1.8146904,-0.26667443,-103.50441471829959,70132.4462890625,-44.95415315688863,20785.5224609375,
2.0578134,1.8162864,-0.2665033,-104.10508791422228,70153.80859375,-44.97762842570813,20785.5224609375,
2.0569994,1.8170841,-0.26641768,-103.34961020122635,22280.8837890625,-44.981251206996696,20785.5224609375,
2.0561702,1.819494,-0.26623023,-105.3539962493693,69470.21484375,-44.97259455983432,20785.5224609375,
2.0545406,1.8210876,-0.2660584,-104.71575296038934,23049.9267578125,-44.94230852710984,20785.5224609375,
2.0545278,1.8227004,-0.2659528,-102.82323385575737,23626.708984375,-44.9627281134088,20785.5224609375,
2.0577528,1.8243308,-0.26598766,-105.07395656760886,70153.80859375,-44.829247295620476,20785.5224609375,
2.0627177,1.8436697,-0.2649725,-105.88698075373559,69342.041015625,-44.869244663220314,20785.5224609375,
2.0671139,1.8782773,-0.2623642,-102.6453431919903,23626.708984375,-45.452198086237246,20785.5224609375,
2.0701795,1.9161034,-0.25948876,-104.09601521831854,23263.5498046875,-45.142711075664444,20785.5224609375,
2.0699258,1.9475524,-0.25728893,-104.18136562141774,22836.3037109375,-45.1137716927622,20785.5224609375,
2.0695164,1.9693139,-0.25555578,-104.25750056212311,23562.6220703125,-45.1403370285893,20785.5224609375,
2.0689135,1.9797994,-0.2547137,-102.00882044447448,22708.1298828125,-45.111010355001966,20785.5224609375,
2.0699344,1.9902601,-0.2539724,-105.17631417202844,69598.388671875,-45.09371450905852,20785.5224609375,
2.06858,2.0031822,-0.25298333,-103.23381879632367,70068.359375,-45.092013070662944,20785.5224609375,
2.0664725,2.0185394,-0.25182548,-104.49536467095912,23690.7958984375,-45.01536727161782,20785.5224609375,
2.0651746,2.033078,-0.25075364,-104.51729597610557,23114.013671875,-45.068411747839114,20785.5224609375,
2.066348,2.0483785,-0.24979125,-102.8599047309409,70175.1708984375,-45.05168841817179,20785.5224609375,
2.0690365,2.058802,-0.24918552,-103.1465550459582,23071.2890625,-45.049083808711046,20785.5224609375,
2.0724416,2.0651698,-0.24887045,-103.89845239548958,70281.982421875,-44.997162245539435,20785.5224609375,
2.0757694,2.0683029,-0.24878483,-104.7240030922176,69726.5625,-44.93306606936551,20785.5224609375,
2.0814464,2.068919,-0.24899471,-104.10855206712847,70452.880859375,-44.96691124311681,20785.5224609375,
2.088741,2.0694191,-0.24929231,-103.51498722464127,23178.1005859375,-44.997939252195216,20785.5224609375,
2.100205,2.072049,-0.24962786,-103.29441708225258,69448.8525390625,-44.90302683082328,20785.5224609375,
2.1145043,2.0800035,-0.24970727,-104.71721798182139,70431.5185546875,-44.946053769031224,20785.5224609375,
2.131291,2.0973015,-0.24924691,-104.69726338257787,70281.982421875,-45.02966716247777,20785.5224609375,
2.150109,2.131965,-0.24766357,-103.17602728544117,70559.6923828125,-44.923056770036574,20785.5224609375,
2.1733632,2.178031,-0.24560314,-104.39544371325118,23306.2744140625,-44.7071660600095,20785.5224609375,
2.2038486,2.228497,-0.24345897,-102.65825706546822,70431.5185546875,-44.82042589054206,20785.5224609375,
2.2393517,2.272857,-0.24214353,-102.15055675780863,69555.6640625,-44.64445776610511,20785.5224609375,
2.2745018,2.310243,-0.24105205,-103.6686564219996,70175.1708984375,-44.62862809421742,20785.5224609375,
2.3074646,2.336934,-0.24012904,-105.534273303315,69705.2001953125,-44.60797777059183,20785.5224609375,
2.338911,2.353607,-0.23987041,-104.49505054957483,70751.953125,-44.64117192414371,20785.5224609375,
2.369565,2.3650677,-0.23985863,-104.41481015659996,69876.0986328125,-44.52766332733795,20785.5224609375,
2.394694,2.3765802,-0.2396199,-104.18500349752733,70367.431640625,-44.589370265299344,20785.5224609375,
2.4158745,2.3879168,-0.23920098,-102.83875857677573,23498.53515625,-44.46070609948495,20785.5224609375,
2.433001,2.4016807,-0.2384933,-105.4945541089088,22750.8544921875,-44.427878740310035,20785.5224609375,
2.4474576,2.4276931,-0.23690689,-102.75990260597669,22814.94140625,-44.422576559861156,20785.5224609375,
2.4613836,2.4655967,-0.23475431,-107.42442881101113,69961.5478515625,-44.35724275565951,20785.5224609375,
2.4718623,2.5174909,-0.23171507,-103.54034994700453,69641.11328125,-44.43719761619187,20785.5224609375,
2.474822,2.583778,-0.22826579,-104.64879243923819,22644.04296875,-44.43713326093268,20785.5224609375,
2.4730885,2.6668818,-0.22464564,-103.13899404214823,22644.04296875,-44.446912679514284,20785.5224609375,
2.4689054,2.741164,-0.22185662,-103.92574863660323,23135.3759765625,-44.34729333467249,20785.5224609375,
2.4609237,2.7820222,-0.21928091,-105.42866542145876,69940.185546875,-44.265460634211955,20785.5224609375,
2.447929,2.7942839,-0.21839418,-104.67359242621859,69555.6640625,-44.218792170740244,20785.5224609375,
2.4323993,2.7936046,-0.21840926,-104.91515018103166,70132.4462890625,-44.18578753819557,20785.5224609375,
2.4194994,2.7854943,-0.21895897,-104.31103179196086,70495.60546875,-44.2234715953192,20785.5224609375,
2.4098651,2.767765,-0.22024901,-104.42925029884242,22836.3037109375,-44.321132434963516,20785.5224609375,
2.4022443,2.7436311,-0.2220913,-103.28482282911088,22686.767578125,-44.3562273301813,20785.5224609375,
2.3987389,2.7173567,-0.2240839,-104.08843052661375,23242.1875,-44.38599501192279,20785.5224609375,
2.3990557,2.693566,-0.22591908,-103.71821146604476,69107.0556640625,-44.4546682636668,20785.5224609375,
2.396793,2.6737978,-0.2274868,-103.10309020374609,69876.0986328125,-44.513889587926926,20785.5224609375,
2.3948598,2.65655,-0.22882521,-103.97109410596299,70474.2431640625,-44.49708462067801,20785.5224609375,
2.3943818,2.6421416,-0.22989634,-105.74120203546074,116360.4736328125,-44.44739762361187,20785.5224609375,
2.3953881,2.630562,-0.23075636,-104.07372729278677,69876.0986328125,-44.45470869252063,20785.5224609375,
2.3954158,2.622265,-0.2313751,-102.90823561663358,23861.6943359375,-44.47636035719064,20785.5224609375,
2.3966827,2.6178837,-0.23168483,-103.13099843716876,68936.1572265625,-44.51659715037857,20785.5224609375,
2.397476,2.6192875,-0.23157443,-103.69148513665428,23114.013671875,-44.50796189528898,20785.5224609375,
2.397169,2.6203854,-0.2314946,-102.78604817336465,69897.4609375,-44.51514444423619,20785.5224609375,
2.3968651,2.6214838,-0.23140895,-104.40181135024501,68850.7080078125,-44.568875597232996,20785.5224609375,
