0.34424925,0.17785454,-0.42211723,3400114
0.34424925,0.17785454,-0.42211723,3400134
0.34424925,0.17785454,-0.42211723,3400154
0.34424925,0.17785454,-0.42211723,3400174
0.34424925,0.17785454,-0.42211723,3400194
0.34424925,0.17785454,-0.42211723,3400214
0.34424925,0.17785454,-0.42211723,3400234
0.34424925,0.17785454,-0.42211723,3400254
0.34424925,0.17785454,-0.42211723,3400274
0.34424925,0.17785454,-0.42211723,3400294
0.34424925,0.17785454,-0.42211723,3400314
0.34424925,0.17785454,-0.42211723,3400334
0.34424925,0.17785454,-0.42211723,3400354
0.34424925,0.17785454,-0.42211723,3400374
0.34424925,0.17785454,-0.42211723,3400394
0.34424925,0.17785454,-0.42211723,3400414
0.34424925,0.17785454,-0.42211723,3400434
0.34424925,0.17785454,-0.42211723,3400454
0.34424925,0.17785454,-0.42211723,3400474
0.34424925,0.17785454,-0.42211723,3400494
0.34424925,0.17785454,-0.42211723,3400514
0.34424925,0.17785454,-0.42211723,3400534
0.34424925,0.17785454,-0.42211723,3400554
0.34424925,0.17785454,-0.42211723,3400574
0.34424925,0.17785454,-0.42211723,3400594
0.34424925,0.17785454,-0.42211723,3400614
0.34424925,0.17785454,-0.42211723,3400634
0.34424925,0.17785454,-0.42211723,3400654
0.34424925,0.17785454,-0.42211723,3400674
0.34424925,0.17785454,-0.42211723,3400694
0.34424925,0.17785454,-0.42211723,3400714
0.34424925,0.17785454,-0.42211723,3400734
0.34424925,0.17785454,-0.42211723,3400754
0.34424925,0.17785454,-0.42211723,3400774
0.34424925,0.17785454,-0.42211723,3400794
0.34424925,0.17785454,-0.42211723,3400814
0.34424925,0.17785454,-0.42211723,3400834
0.34424925,0.17785454,-0.42211723,3400854
0.34424925,0.17785454,-0.42211723,3400874
0.34424925,0.17785454,-0.42211723,3400894
0.34424925,0.17785454,-0.42211723,3400914
0.34424925,0.17785454,-0.42211723,3400934
0.34424925,0.17785454,-0.42211723,3400954
0.34424925,0.17785454,-0.42211723,3400974
0.34424925,0.17785454,-0.42211723,3400994
0.34424925,0.17785454,-0.42211723,3401014
0.34424925,0.17785454,-0.42211723,3401034
0.34424925,0.17785454,-0.42211723,3401054
0.34424925,0.17785454,-0.42211723,3401074
0.34424925,0.17785454,-0.42211723,3401094
0.34424925,0.17785454,-0.42211723,3401114
0.34424925,0.17785454,-0.42211723,3401134
0.34424925,0.17785454,-0.42211723,3401154
0.34424925,0.17785454,-0.42211723,3401174
0.34424925,0.17785454,-0.42211723,3401194
0.34424925,0.17785454,-0.42211723,3401214
0.34424925,0.17785454,-0.42211723,3401234
0.34424925,0.17785454,-0.42211723,3401254
0.34424925,0.17785454,-0.42211723,3401274
0.34424925,0.17785454,-0.42211723,3401294
0.34424925,0.17785454,-0.42211723,3401314
0.34424925,0.17785454,-0.42211723,3401334
0.34424925,0.17785454,-0.42211723,3401354
0.34424925,0.17785454,-0.42211723,3401374
0.34424925,0.17785454,-0.42211723,3401394
0.34583193,0.1781361,-0.42194986,3401414
0.3464794,0.17907007,-0.42182896,3401434
0.34806302,0.1793473,-0.42166317,3401454
0.34871376,0.18027927,-0.4215445,3401474
0.35095108,0.18148069,-0.42125905,3401494
0.35319066,0.1826778,-0.4209733,3401514
0.3551617,0.1854602,-0.42061508,3401534
0.3596608,0.1878167,-0.42004326,3401554
0.3671075,0.1922157,-0.41906884,3401574
0.37753063,0.19861747,-0.41769612,3401594
0.38958773,0.20517159,-0.4161592,3401614
0.3975787,0.21194017,-0.41499728,3401634
0.4044333,0.21526447,-0.41413808,3401654
0.41220763,0.2178471,-0.4132394,3401674
0.4258823,0.2185883,-0.4118832,3401694
0.45355505,0.20921668,-0.40976083,3401714
0.49967995,0.1915316,-0.40640014,3401734
0.5603626,0.17139174,-0.40196025,3401754
0.6280201,0.15203373,-0.39680177,3401774
0.6977664,0.13471675,-0.39132816,3401794
0.7648389,0.11918377,-0.3861027,3401814
0.8332546,0.10655171,-0.38072816,3401834
0.9031184,0.09511839,-0.3752595,3401854
0.974462,0.08489028,-0.36979035,3401874
1.0425389,0.074118584,-0.36482695,3401894
1.1113306,0.06375934,-0.35976455,3401914
1.1840903,0.052198153,-0.35435188,3401934
1.2551539,0.040166333,-0.34890983,3401954
1.3228953,0.02928761,-0.34355283,3401974
1.3857147,0.022946972,-0.33821404,3401994
1.435587,0.021340182,-0.3334068,3402014
1.4660845,0.024597496,-0.32983562,3402034
1.4780943,0.028640658,-0.32819906,3402054
1.4812931,0.030256879,-0.32773337,3402074
1.4820899,0.03106421,-0.32759377,3402094
1.4820899,0.03106421,-0.32759377,3402114
1.4820899,0.03106421,-0.32759377,3402134
1.4828987,0.03025798,-0.32755044,3402154
1.483707,0.029451186,-0.32750693,3402174
1.4853235,0.027837595,-0.32742018,3402194
1.4861315,0.027030518,-0.32737675,3402214
1.4877381,0.02702979,-0.3272005,3402234
1.4885367,0.027836397,-0.3270671,3402254
1.4893352,0.028643152,-0.32693368,3402274
1.4909418,0.028642671,-0.32675683,3402294
1.4909418,0.028642671,-0.32675683,3402314
1.4925482,0.028643336,-0.3265797,3402334
1.4925482,0.028643336,-0.3265797,3402354
1.4925482,0.028643336,-0.3265797,3402374
1.4925482,0.028643336,-0.3265797,3402394
1.4925482,0.028643336,-0.3265797,3402414
1.4965659,0.027810806,-0.32619935,3402434
1.5077919,0.02443849,-0.32517305,3402454
1.5310732,0.021525921,-0.32303002,3402474
1.5649117,0.02211486,-0.3199954,3402494
1.6036389,0.0239497,-0.31654197,3402514
1.642472,0.028947022,-0.31287512,3402534
1.6765126,0.0357368,-0.30934906,3402554
1.6993264,0.044563107,-0.3065813,3402574
1.7131622,0.049678605,-0.30481064,3402594
1.718086,0.052716102,-0.30411145,3402614
1.7189159,0.053490944,-0.30398142,3402634
1.7189159,0.053490944,-0.30398142,3402654
1.7196904,0.052651834,-0.30393577,3402674
1.7212962,0.052585714,-0.30376384,3402694
1.726113,0.052368265,-0.30325314,3402714
1.7358197,0.053488012,-0.3021681,3402734
1.7560941,0.05642672,-0.2999782,3402754
1.7846041,0.062032234,-0.29703757,3402774
1.8122576,0.06679722,-0.2939875,3402794
1.8285729,0.07061747,-0.29200023,3402814
1.8359284,0.07257215,-0.29107845,3402834
1.8376263,0.074079335,-0.29081365,3402854
1.8392295,0.07397518,-0.29063708,3402874
1.8392295,0.07397518,-0.29063708,3402894
1.840833,0.07386951,-0.29046375,3402914
1.844893,0.07439347,-0.28999352,3402934
1.856971,0.074246906,-0.28869393,3402954
1.8857377,0.08074054,-0.2856403,3402974
1.9324609,0.09762341,-0.28101987,3402994
1.982749,0.11721497,-0.2759182,3403014
2.022114,0.13197571,-0.27138302,3403034
2.0422158,0.13968167,-0.26878828,3403054
2.0505137,0.14208154,-0.26772025,3403074
2.0531418,0.14424631,-0.2673182,3403094
2.05474,0.14408317,-0.26714063,3403114
2.05474,0.14408317,-0.26714063,3403134
2.0556176,0.14480315,-0.2670085,3403154
2.0612907,0.14499184,-0.26635158,3403174
2.0733526,0.14439213,-0.26503074,3403194
2.0964615,0.14800452,-0.2624398,3403214
2.131435,0.1547123,-0.2589972,3403234
2.1684713,0.16408947,-0.2549636,3403254
2.196903,0.16955718,-0.25169027,3403274
2.2187698,0.17422874,-0.24908435,3403294
2.23472,0.17732808,-0.2471521,3403314
2.244079,0.17985417,-0.24598067,3403334
2.2509344,0.18197541,-0.24511486,3403354
2.2568698,0.18342948,-0.24438515,3403374
2.2655768,0.1868618,-0.2432804,3403394
2.2823675,0.19461064,-0.24124311,3403414
2.3111484,0.205034,-0.23809047,3403434
2.34315,0.21469812,-0.23458351,3403454
2.368894,0.22132012,-0.23156227,3403474
2.3852277,0.22555165,-0.22957209,3403494
2.4000065,0.23000832,-0.22774129,3403514
2.4157481,0.2350279,-0.22576669,3403534
2.4289842,0.23970121,-0.22409318,3403554
2.4400282,0.24563766,-0.22263186,3403574
2.4520257,0.25219056,-0.22104976,3403594
2.4681318,0.2628495,-0.21894112,3403614
2.4915125,0.28108954,-0.21597591,3403634
2.5196798,0.30656803,-0.21244559,3403654
2.5523126,0.33356535,-0.20854674,3403674
2.58534,0.36207655,-0.20467712,3403694
2.6199973,0.3901683,-0.20052789,3403714
2.6531935,0.4184639,-0.19652256,3403734
2.6903522,0.44907936,-0.1922152,3403754
2.7308152,0.4830176,-0.18755901,3403774
2.7685518,0.5191784,-0.18320054,3403794
2.807674,0.55744135,-0.17859557,3403814
2.844665,0.5927987,-0.17460383,3403834
2.8791559,0.6236002,-0.17067733,3403854
2.9169674,0.65341246,-0.16641752,3403874
2.960853,0.68647087,-0.16161047,3403894
3.0108798,0.72263914,-0.15609296,3403914
3.0695324,0.7644777,-0.14974083,3403934
3.1384583,0.81385857,-0.14291456,3403954
3.209045,0.8649756,-0.13553555,3403974
3.2717738,0.9138514,-0.12827827,3403994
3.3141613,0.9501217,-0.12302062,3404014
3.3382034,0.9724572,-0.119690396,3404034
3.3459544,0.9819433,-0.11848819,3404054
3.3508196,0.98723775,-0.11775112,3404074
3.3532517,0.9898859,-0.11738679,3404094
3.3552384,0.9909833,-0.11711634,3404114
3.3552384,0.9909833,-0.11711634,3404134
3.3552384,0.9909833,-0.11711634,3404154
3.3552384,0.9909833,-0.11711634,3404174
3.3562305,0.99153435,-0.116981104,3404194
3.357222,0.99208605,-0.116845325,3404214
3.357222,0.99208605,-0.116845325,3404234
3.3582137,0.99263746,-0.11670833,3404254
3.359205,0.99318933,-0.11657091,3404274
3.359205,0.99318933,-0.11657091,3404294
3.3601964,0.9937412,-0.11643455,3404314
3.3621805,0.99484366,-0.116165556,3404334
3.363723,0.9943938,-0.11599047,3404354
3.3652658,0.9939448,-0.11581574,3404374
3.3652658,0.9939448,-0.11581574,3404394
3.3652658,0.9939448,-0.11581574,3404414
3.3652658,0.9939448,-0.11581574,3404434
3.3652658,0.9939448,-0.11581574,3404454
3.3652658,0.9939448,-0.11581574,3404474
3.366258,0.9944963,-0.115683064,3404494
3.368793,0.9945959,-0.11537765,3404514
3.371328,0.99469143,-0.115070365,3404534
3.374857,0.9953313,-0.114624776,3404554
3.3769445,0.99387306,-0.114410795,3404574
3.3779387,0.9944202,-0.114274524,3404594
3.3794794,0.9939643,-0.11409927,3404614
3.380474,0.99451053,-0.1139636,3404634
3.3820145,0.9940533,-0.11378869,3404654
3.3825605,0.99305004,-0.113750525,3404674
3.3825605,0.99305004,-0.113750525,3404694
3.3825605,0.99305004,-0.113750525,3404714
3.3825605,0.99305004,-0.113750525,3404734
3.3825605,0.99305004,-0.113750525,3404754
3.3825605,0.99305004,-0.113750525,3404774
3.3825605,0.99305004,-0.113750525,3404794
3.3825605,0.99305004,-0.113750525,3404814
3.3825605,0.99305004,-0.113750525,3404834
3.3825605,0.99305004,-0.113750525,3404854
3.3825605,0.99305004,-0.113750525,3404874
3.3825605,0.99305004,-0.113750525,3404894
3.3825605,0.99305004,-0.113750525,3404914
3.3825605,0.99305004,-0.113750525,3404934
3.3825605,0.99305004,-0.113750525,3404954
3.3825605,0.99305004,-0.113750525,3404974
3.3825605,0.99305004,-0.113750525,3404994
3.3825605,0.99305004,-0.113750525,3405014
3.3825605,0.99305004,-0.113750525,3405034
3.3825605,0.99305004,-0.113750525,3405054
3.3825605,0.99305004,-0.113750525,3405074
3.3825605,0.99305004,-0.113750525,3405094
3.3825605,0.99305004,-0.113750525,3405114
3.3825605,0.99305004,-0.113750525,3405134
3.3825605,0.99305004,-0.113750525,3405154
3.3825605,0.99305004,-0.113750525,3405174
3.3825605,0.99305004,-0.113750525,3405194
3.3825605,0.99305004,-0.113750525,3405214
3.3825605,0.99305004,-0.113750525,3405234
3.3825605,0.99305004,-0.113750525,3405254
3.3825605,0.99305004,-0.113750525,3405274
3.3825605,0.99305004,-0.113750525,3405294
3.3825605,0.99305004,-0.113750525,3405314
3.3825605,0.99305004,-0.113750525,3405334
3.3825605,0.99305004,-0.113750525,3405354
3.3825605,0.99305004,-0.113750525,3405374
3.3825605,0.99305004,-0.113750525,3405394
3.3825605,0.99305004,-0.113750525,3405414
3.3825605,0.99305004,-0.113750525,3405434
3.3825605,0.99305004,-0.113750525,3405454
3.3825605,0.99305004,-0.113750525,3405474
3.3825605,0.99305004,-0.113750525,3405494
3.3825605,0.99305004,-0.113750525,3405514
3.3825605,0.99305004,-0.113750525,3405534
3.3825605,0.99305004,-0.113750525,3405554
3.3825605,0.99305004,-0.113750525,3405574
3.3825605,0.99305004,-0.113750525,3405594
3.3825605,0.99305004,-0.113750525,3405614
3.3825605,0.99305004,-0.113750525,3405634
3.3825605,0.99305004,-0.113750525,3405654
3.3825605,0.99305004,-0.113750525,3405674
3.3825605,0.99305004,-0.113750525,3405694
3.3825605,0.99305004,-0.113750525,3405714
3.3825605,0.99305004,-0.113750525,3405734
3.3825605,0.99305004,-0.113750525,3405754
3.3825605,0.99305004,-0.113750525,3405774
3.3825605,0.99305004,-0.113750525,3405794
3.3825605,0.99305004,-0.113750525,3405814
3.3825605,0.99305004,-0.113750525,3405834
3.3825605,0.99305004,-0.113750525,3405854
3.3825605,0.99305004,-0.113750525,3405874
3.3825605,0.99305004,-0.113750525,3405894
3.3825605,0.99305004,-0.113750525,3405914
3.3825605,0.99305004,-0.113750525,3405934
3.3825605,0.99305004,-0.113750525,3405954
3.3825605,0.99305004,-0.113750525,3405974
3.3825605,0.99305004,-0.113750525,3405994
3.3825605,0.99305004,-0.113750525,3406014
3.3825605,0.99305004,-0.113750525,3406034
3.3825605,0.99305004,-0.113750525,3406054
3.3825605,0.99305004,-0.113750525,3406074
3.3825605,0.99305004,-0.113750525,3406094
3.3825605,0.99305004,-0.113750525,3406114
3.3825605,0.99305004,-0.113750525,3406134
3.3825605,0.99305004,-0.113750525,3406154
3.3825605,0.99305004,-0.113750525,3406174
3.3825605,0.99305004,-0.113750525,3406194
3.3825605,0.99305004,-0.113750525,3406214
3.3825605,0.99305004,-0.113750525,3406234
3.3825605,0.99305004,-0.113750525,3406254
3.3825605,0.99305004,-0.113750525,3406274
3.3825605,0.99305004,-0.113750525,3406294
3.3825605,0.99305004,-0.113750525,3406314
3.3825605,0.99305004,-0.113750525,3406334
3.3825605,0.99305004,-0.113750525,3406354
3.3825605,0.99305004,-0.113750525,3406374
3.3825605,0.99305004,-0.113750525,3406394
3.3825605,0.99305004,-0.113750525,3406414
3.3825605,0.99305004,-0.113750525,3406434
3.3825605,0.99305004,-0.113750525,3406454
3.3825605,0.99305004,-0.113750525,3406474
3.3825605,0.99305004,-0.113750525,3406494
3.3825605,0.99305004,-0.113750525,3406514
3.3825605,0.99305004,-0.113750525,3406534
3.3825605,0.99305004,-0.113750525,3406554
3.3825605,0.99305004,-0.113750525,3406574
3.3825605,0.99305004,-0.113750525,3406594
3.3825605,0.99305004,-0.113750525,3406614
3.3825605,0.99305004,-0.113750525,3406634
3.3825605,0.99305004,-0.113750525,3406654
3.3825605,0.99305004,-0.113750525,3406674
3.3825605,0.99305004,-0.113750525,3406694
3.3825605,0.99305004,-0.113750525,3406714
