2.2906642,5.500353,-10.699495,,0
2.2905257,5.501201,-10.699224,,0
2.2896285,5.5066237,-10.69738,,0
2.2896285,5.5066237,-10.69738,,0
2.2856562,5.5210476,-10.692539,,0
2.2837873,5.5278263,-10.690228,,0
2.2837873,5.5278263,-10.690228,,0
2.278864,5.5478587,-10.683377,,0
2.278864,5.5478587,-10.683377,,0
2.277852,5.5530906,-10.681578,,0
2.277852,5.5530906,-10.681578,,0
2.2778292,5.554112,-10.68122,,0
2.2778292,5.554112,-10.68122,,0
2.2767258,5.563429,-10.677989,,0
2.2767258,5.563429,-10.677989,,0
2.2743142,5.5912538,-10.668304,,0
2.2743142,5.5912538,-10.668304,,0
2.2718115,5.623163,-10.657187,,0
2.2718115,5.623163,-10.657187,,0
2.2704346,5.644735,-10.64966,,0
2.2704346,5.644735,-10.64966,,0
2.2699103,5.6682234,-10.641427,,0
2.2699103,5.6682234,-10.641427,,0
2.2682562,5.703205,-10.629199,,0
2.2681875,5.703846,-10.628953,,0
2.2681875,5.703846,-10.628953,,0
2.2681823,5.704061,-10.62887,,0
2.267985,5.711842,-10.62577,,0
2.2673385,5.7393193,-10.615883,,0
2.2673385,5.7393193,-10.615883,,0
2.2665484,5.7728577,-10.603815,,0
2.2665484,5.7728577,-10.603815,,0
2.2657347,5.8074126,-10.591381,,0
2.2657347,5.8074126,-10.591381,,0
2.264849,5.8450165,-10.57785,,0
2.264849,5.8450165,-10.57785,,0
2.2656353,5.8874393,-10.562511,,0
2.2656353,5.8874393,-10.562511,,0
2.2668083,5.9180746,-10.551409,,0
2.267022,5.922482,-10.549863,,0
2.2674317,5.931012,-10.546935,,0
2.2674317,5.931012,-10.546935,,0
2.2693079,5.9716983,-10.532971,,0
2.2693079,5.9716983,-10.532971,,0
2.270281,6.0125036,-10.518994,,0
2.270281,6.0125036,-10.518994,,0
2.2712128,6.0553613,-10.504317,,0
2.2712128,6.0553613,-10.504317,,0
2.2713041,6.0952597,-10.490677,,0
2.2713041,6.0952597,-10.490677,,0
2.270705,6.1248183,-10.480592,,0
2.270665,6.1281214,-10.479476,,0
2.270665,6.1281214,-10.479476,,0
2.2705681,6.133122,-10.477788,,0
2.2704523,6.1388955,-10.475712,,0
2.2699673,6.1617794,-10.467611,,0
2.2699673,6.1617794,-10.467611,,0
2.2682385,6.201664,-10.453521,,0
2.2682385,6.201664,-10.453521,,0
2.266531,6.240529,-10.439791,,0
2.266531,6.240529,-10.439791,,0
2.2630816,6.276586,-10.42711,,0
2.2630816,6.276586,-10.42711,,0
2.2605476,6.3024817,-10.418004,,0
2.2596476,6.3115597,-10.414742,,0
2.2596476,6.3115597,-10.414742,,0
2.2562299,6.345454,-10.402566,,0
2.2562299,6.345454,-10.402566,,0
2.2537575,6.3771887,-10.391143,,0
2.2537575,6.3771887,-10.391143,,0
2.2521443,6.4108253,-10.379004,,0
2.2521443,6.4108253,-10.379004,,0
2.2522285,6.44928,-10.365065,,0
2.2522285,6.44928,-10.365065,,0
2.2531936,6.4886203,-10.350778,,0
2.2531936,6.4886203,-10.350778,,0
2.2542017,6.5259304,-10.337225,,0
2.2542017,6.5259304,-10.337225,,0
2.2570362,6.5619664,-10.324077,,0
2.2570362,6.5619664,-10.324077,,0
2.2590547,6.5940704,-10.312379,,0
2.2590547,6.5940704,-10.312379,,0
2.26204,6.622999,-10.301802,,0
2.26204,6.622999,-10.301802,,0
2.2623396,6.6513004,-10.291536,,0
2.2623396,6.6513004,-10.291536,,0
2.2625747,6.6826477,-10.280169,,0
2.2625747,6.6826477,-10.280169,,0
2.2617993,6.7192006,-10.266946,,0
2.2617993,6.7192006,-10.266946,,0
2.2618406,6.759686,-10.252273,,0
2.2618406,6.759686,-10.252273,,0
2.2619894,6.7950945,-10.239436,,0
2.2619894,6.7950945,-10.239436,,0
2.2613435,6.825556,-10.228417,,0
2.2613435,6.825556,-10.228417,,0
2.2588925,6.856275,-10.217361,,0
2.2588925,6.856275,-10.217361,,0
2.2545938,6.8892837,-10.205534,,0
2.2545938,6.8892837,-10.205534,,0
2.249371,6.9234366,-10.19332,,0
2.249371,6.9234366,-10.19332,,0
2.2451153,6.954415,-10.182227,,0
2.2451153,6.954415,-10.182227,,0
2.2390976,6.9836206,-10.171831,,0
2.2390976,6.9836206,-10.171831,,0
2.2330585,7.0138416,-10.161068,,0
2.2330585,7.0138416,-10.161068,,0
2.227084,7.041016,-10.151406,,0
2.227084,7.041016,-10.151406,,0
2.2211094,7.0681906,-10.141745,,0
2.2211094,7.0681906,-10.141745,,0
2.216145,7.0901594,-10.133939,,0
2.216145,7.0901594,-10.133939,,0
2.2130501,7.108824,-10.127272,,0
2.2130501,7.108824,-10.127272,,0
2.2098691,7.1315494,-10.119135,,0
2.2098691,7.1315494,-10.119135,,0
2.2075477,7.1561766,-10.110283,,0
2.2075477,7.1561766,-10.110283,,0
2.206107,7.1816897,-10.101082,,0
2.206107,7.1816897,-10.101082,,0
2.2055254,7.2091045,-10.091165,,0
2.2055254,7.2091045,-10.091165,,0
2.2075868,7.2391777,-10.080202,,0
2.2075868,7.2391777,-10.080202,,0
2.2114315,7.270008,-10.06891,,0
2.2114315,7.270008,-10.06891,,0
2.2144167,7.298937,-10.058332,,0
2.2144167,7.298937,-10.058332,,0
2.2146947,7.3282533,-10.0477,,0
2.2146947,7.3282533,-10.0477,,0
2.2139843,7.36176,-10.03558,,0
2.2139843,7.36176,-10.03558,,0
2.210674,7.390578,-10.02524,,0
2.210674,7.390578,-10.02524,,0
2.2084386,7.4111433,-10.017857,,0
2.2084386,7.4111433,-10.017857,,0
2.2043767,7.4329824,-10.010069,,0
2.2043767,7.4329824,-10.010069,,0
2.2012172,7.454693,-10.002299,,0
2.2012172,7.454693,-10.002299,,0
2.200808,7.473985,-9.99532,,0
2.200808,7.473985,-9.99532,,0
2.2012582,7.4951787,-9.987626,,0
2.2012582,7.4951787,-9.987626,,0
2.2043512,7.5190306,-9.978886,,0
2.2043512,7.5190306,-9.978886,,0
2.208196,7.549861,-9.967593,,0
2.208196,7.549861,-9.967593,,0
2.2128356,7.585639,-9.954482,,0
2.2128356,7.585639,-9.954482,,0
2.2156918,7.62066,-9.941702,,0
2.2156918,7.62066,-9.941702,,0
2.2167861,7.6539083,-9.929619,,0
2.2167861,7.6539083,-9.929619,,0
2.2161403,7.6843696,-9.9186,,0
2.2161403,7.6843696,-9.9186,,0
2.213711,7.714073,-9.907911,,0
2.213711,7.714073,-9.907911,,0
2.2104223,7.7418756,-9.897939,,0
2.2104223,7.7418756,-9.897939,,0
2.2062528,7.768792,-9.888314,,0
2.2062528,7.768792,-9.888314,,0
2.2030501,7.7925334,-9.87981,,0
2.2030501,7.7925334,-9.87981,,0
2.199826,7.81729,-9.870939,,0
2.199826,7.81729,-9.870939,,0
2.1984284,7.840772,-9.862473,,0
2.1984284,7.840772,-9.862473,,0
2.1979117,7.865141,-9.853658,,0
2.1979117,7.865141,-9.853658,,0
2.201778,7.8949556,-9.842732,,0
2.201778,7.8949556,-9.842732,,0
2.2056441,7.9247704,-9.831807,,0
2.2056441,7.9247704,-9.831807,,0
2.2078133,7.949767,-9.82268,,0
2.2078133,7.949767,-9.82268,,0
2.2100253,7.972733,-9.814288,,0
2.2100253,7.972733,-9.814288,,0
2.2113996,7.9927816,-9.80698,,0
2.2113996,7.9927816,-9.80698,,0
2.2118714,8.0129595,-9.799653,,0
2.2118714,8.0129595,-9.799653,,0
2.2113762,8.036313,-9.791205,,0
2.2113762,8.036313,-9.791205,,0
2.2099354,8.061827,-9.782004,,0
2.2099354,8.061827,-9.782004,,0
2.207614,8.086454,-9.773152,,0
2.207614,8.086454,-9.773152,,0
2.2034874,8.11134,-9.764263,,0
2.2034874,8.11134,-9.764263,,0
2.1993608,8.136225,-9.755374,,0
2.1993608,8.136225,-9.755374,,0
2.194332,8.16124,-9.746466,,0
2.194332,8.16124,-9.746466,,0
2.19027,8.18308,-9.738678,,0
2.19027,8.18308,-9.738678,,0
2.185284,8.206064,-9.730504,,0
2.185284,8.206064,-9.730504,,0
2.1802335,8.232095,-9.721229,,0
2.1802335,8.232095,-9.721229,,0
2.17615,8.25495,-9.713074,,0
2.17615,8.25495,-9.713074,,0
2.1739361,8.2745,-9.706058,,0
2.1739361,8.2745,-9.706058,,0
2.1718082,8.2899885,-9.700511,,0
2.1718082,8.2899885,-9.700511,,0
2.171399,8.30928,-9.693533,,0
2.171399,8.30928,-9.693533,,0
2.170947,8.330603,-9.68582,,0
2.170947,8.330603,-9.68582,,0
2.170538,8.349895,-9.678842,,0
2.170538,8.349895,-9.678842,,0
2.170344,8.359033,-9.675536,,0
2.170344,8.359033,-9.675536,,0
2.1702363,8.36411,-9.673699,,0
2.1702363,8.36411,-9.673699,,0
2.1697626,8.386448,-9.665619,,0
2.1697626,8.386448,-9.665619,,0
2.1699114,8.421856,-9.652782,,0
2.1699114,8.421856,-9.652782,,0
2.1710272,8.454089,-9.641067,,0
2.1710272,8.454089,-9.641067,,0
2.171413,8.478329,-9.63227,,0
2.171413,8.478329,-9.63227,,0
2.1710253,8.496605,-9.625659,,0
2.1710253,8.496605,-9.625659,,0
2.1696277,8.520087,-9.617192,,0
2.1696277,8.520087,-9.617192,,0
2.16896,8.551563,-9.605806,,0
2.16896,8.551563,-9.605806,,0
2.1682925,8.583039,-9.59442,,0
2.1682925,8.583039,-9.59442,,0
2.1702678,8.617174,-9.581988,,0
2.1702678,8.617174,-9.581988,,0
2.173081,8.654225,-9.568473,,0
2.173081,8.654225,-9.568473,,0
2.1749701,8.692421,-9.554572,,0
2.1749701,8.692421,-9.554572,,0
2.1777186,8.732519,-9.539955,,0
2.1777186,8.732519,-9.539955,,0
2.1822073,8.775405,-9.524273,,0
2.1822073,8.775405,-9.524273,,0
2.187663,8.815115,-9.509711,,0
2.187663,8.815115,-9.509711,,0
2.194129,8.849619,-9.497005,,0
2.194129,8.849619,-9.497005,,0
2.2014759,8.885009,-9.483951,,0
2.2014759,8.885009,-9.483951,,0
2.207018,8.920657,-9.470859,,0
2.207018,8.920657,-9.470859,,0
2.2117436,8.9523735,-9.459217,,0
2.2117436,8.9523735,-9.459217,,0
2.2146428,8.985363,-9.447171,,0
2.2146428,8.985363,-9.447171,,0
2.218423,9.019239,-9.434776,,0
2.218423,9.019239,-9.434776,,0
2.2212791,9.05426,-9.421996,,0
2.2212791,9.05426,-9.421996,,0
2.2249947,9.091183,-9.4085,,0
2.2249947,9.091183,-9.4085,,0
2.2286673,9.130136,-9.394269,,0
2.2286673,9.130136,-9.394269,,0
2.2305133,9.170362,-9.379633,,0
2.2305133,9.170362,-9.379633,,0
2.231371,9.21478,-9.363509,,0
2.231371,9.21478,-9.363509,,0
2.2322285,9.259197,-9.347385,,0
2.2322285,9.259197,-9.347385,,0
2.2313888,9.298796,-9.333061,,0
2.2313888,9.298796,-9.333061,,0
2.2306352,9.334333,-9.320206,,0
2.2306352,9.334333,-9.320206,,0
2.2290437,9.366955,-9.308434,,0
2.2290437,9.366955,-9.308434,,0
2.2274306,9.400591,-9.296294,,0
2.2274306,9.400591,-9.296294,,0
2.226634,9.43816,-9.282704,,0
2.226634,9.43816,-9.282704,,0
2.2266538,9.479661,-9.267664,,0
2.2266538,9.479661,-9.267664,,0
2.2257495,9.522306,-9.252237,,0
2.2257495,9.522306,-9.252237,,0
2.2249959,9.557844,-9.239382,,0
2.2249959,9.557844,-9.239382,,0
2.2242422,9.593382,-9.226526,,0
2.2242422,9.593382,-9.226526,,0
2.2234886,9.62892,-9.213671,,0
2.2234886,9.62892,-9.213671,,0
2.2228642,9.658365,-9.203019,,0
2.2228642,9.658365,-9.203019,,0
2.2250116,9.684377,-9.193525,,0
2.2250116,9.684377,-9.193525,,0
2.2262352,9.711534,-9.183645,,0
2.2262352,9.711534,-9.183645,,0
2.2283826,9.737545,-9.174151,,0
2.2283826,9.737545,-9.174151,,0
2.2296922,9.76064,-9.165741,,0
2.2296922,9.76064,-9.165741,,0
2.2312388,9.772566,-9.16137,,0
2.2312388,9.772566,-9.16137,,0
2.2311957,9.774597,-9.160636,,0
2.2311957,9.774597,-9.160636,,0
2.2320335,9.7775135,-9.159553,,0
2.2320335,9.7775135,-9.159553,,0
2.2351696,9.799335,-9.1515465,,0
2.2351696,9.799335,-9.1515465,,0
2.2399168,9.830036,-9.140272,,0
2.2399168,9.830036,-9.140272,,0
2.2405393,9.843106,-9.135516,,0
2.2405393,9.843106,-9.135516,,0
2.2405176,9.844122,-9.135149,,0
2.2405176,9.844122,-9.135149,,0
2.24142,9.843993,-9.135167,,0
2.24142,9.843993,-9.135167,,0
2.2423224,9.843864,-9.135185,,0
2.2423224,9.843864,-9.135185,,0
2.2423441,9.842849,-9.135552,,0
2.2423441,9.842849,-9.135552,,0
2.245073,9.841446,-9.135976,,0
2.245073,9.841446,-9.135976,,0
2.2577503,9.837606,-9.136971,,0
2.2577503,9.837606,-9.136971,,0
2.2812355,9.833232,-9.137823,,0
2.2812355,9.833232,-9.137823,,0
2.3056228,9.828728,-9.138694,,0
2.3056228,9.828728,-9.138694,,0
2.3345008,9.824593,-9.13929,,0
2.3345008,9.824593,-9.13929,,0
2.3651621,9.821214,-9.139556,,0
2.3651621,9.821214,-9.139556,,0
2.3976068,9.818592,-9.139492,,0
2.3976068,9.818592,-9.139492,,0
2.4354877,9.81418,-9.139907,,0
2.4354877,9.81418,-9.139907,,0
2.4730403,9.80976,-9.140335,,0
2.4746957,9.8095045,-9.140346,,0
2.4746957,9.8095045,-9.140346,,0
2.5147135,9.806509,-9.139455,,0
2.5147135,9.806509,-9.139455,,0
2.5564618,9.805276,-9.13784,,0
2.5564618,9.805276,-9.13784,,0
2.5972676,9.806208,-9.135488,,0
2.5972676,9.806208,-9.135488,,0
2.6398811,9.805855,-9.133511,,0
2.6398811,9.805855,-9.133511,,0
2.6841736,9.809297,-9.130076,,0
2.6841736,9.809297,-9.130076,,0
2.7249794,9.810228,-9.127724,,0
2.7249794,9.810228,-9.127724,,0
2.7614849,9.8057375,-9.127548,,0
2.7614849,9.8057375,-9.127548,,0
2.7945035,9.798738,-9.128454,,0
2.7945035,9.798738,-9.128454,,0
2.824061,9.788213,-9.130809,,0
2.824061,9.788213,-9.130809,,0
2.8473816,9.778628,-9.133131,,0
2.8473816,9.778628,-9.133131,,0
2.8653047,9.77188,-9.134691,,0
2.8653047,9.77188,-9.134691,,0
2.8814716,9.764385,-9.136609,,0
2.8814716,9.764385,-9.136609,,0
2.8994205,9.756621,-9.138536,,0
2.8994205,9.756621,-9.138536,,0
2.9146707,9.750277,-9.140082,,0
2.9146707,9.750277,-9.140082,,0
2.9317029,9.743663,-9.141638,,0
2.9317029,9.743663,-9.141638,,0
2.9522989,9.736512,-9.143212,,0
2.9522989,9.736512,-9.143212,,0
2.973786,9.729227,-9.144792,,0
2.973786,9.729227,-9.144792,,0
2.9952474,9.722958,-9.146004,,0
2.9952474,9.722958,-9.146004,,0
3.01676,9.714657,-9.147949,,0
3.01676,9.714657,-9.147949,,0
3.0364652,9.70764,-9.149519,,0
3.0364652,9.70764,-9.149519,,0
3.0579264,9.70137,-9.150731,,0
3.0579264,9.70137,-9.150731,,0
3.0811698,9.694833,-9.151953,,0
3.0811698,9.694833,-9.151953,,0
3.106221,9.687011,-9.15355,,0
3.106221,9.687011,-9.15355,,0
3.1303554,9.680338,-9.154777,,0
3.1303554,9.680338,-9.154777,,0
3.1544898,9.673665,-9.156003,,0
3.1544898,9.673665,-9.156003,,0
3.1813228,9.665574,-9.15761,,0
3.1813228,9.665574,-9.15761,,0
3.2072134,9.659648,-9.158479,,0
3.2072134,9.659648,-9.158479,,0
3.2322388,9.652842,-9.15971,,0
3.2322388,9.652842,-9.15971,,0
3.2590718,9.644751,-9.161317,,0
3.2590718,9.644751,-9.161317,,0
3.2876613,9.637406,-9.162566,,0
3.2876613,9.637406,-9.162566,,0
3.3153596,9.630197,-9.163811,,0
3.3153596,9.630197,-9.163811,,0
3.3430324,9.624002,-9.164689,,0
3.3430324,9.624002,-9.164689,,0
3.3725128,9.616525,-9.165943,,0
3.3725128,9.616525,-9.165943,,0
3.4001856,9.610331,-9.1668215,,0
3.4001856,9.610331,-9.1668215,,0
3.4242942,9.604673,-9.167681,,0
3.4242942,9.604673,-9.167681,,0
3.4474862,9.600167,-9.168168,,0
3.4474862,9.600167,-9.168168,,0
3.468896,9.595928,-9.168647,,0
3.468896,9.595928,-9.168647,,0
3.483152,9.59378,-9.168721,,0
3.483152,9.59378,-9.168721,,0
3.4911966,9.591555,-9.16913,,0
3.4911966,9.591555,-9.16913,,0
3.5099335,9.587719,-9.169595,,0
3.5099335,9.587719,-9.169595,,0
3.5357726,9.583824,-9.16973,,0
3.5357726,9.583824,-9.16973,,0
3.558913,9.581347,-9.169485,,0
3.558913,9.581347,-9.169485,,0
3.579406,9.578259,-9.169592,,0
3.579406,9.578259,-9.169592,,0
3.601681,9.574903,-9.169708,,0
3.601681,9.574903,-9.169708,,0
3.62752,9.571008,-9.169844,,0
3.62752,9.571008,-9.169844,,0
3.6489043,9.567784,-9.169955,,0
3.6489043,9.567784,-9.169955,,0
3.6649683,9.564352,-9.170406,,0
3.6649683,9.564352,-9.170406,,0
3.6747952,9.56186,-9.170824,,0
3.6747952,9.56186,-9.170824,,0
3.680141,9.561055,-9.170852,,0
3.680141,9.561055,-9.170852,,0
3.6953397,9.556741,-9.171664,,0
3.6953397,9.556741,-9.171664,,0
3.7114036,9.5533085,-9.172115,,0
3.7114036,9.5533085,-9.172115,,0
3.7194483,9.551084,-9.172524,,0
3.7194483,9.551084,-9.172524,,0
3.734647,9.546769,-9.173337,,0
3.734647,9.546769,-9.173337,,0
3.7534354,9.540902,-9.174535,,0
3.7534354,9.540902,-9.174535,,0
3.770416,9.53632,-9.175357,,0
3.770416,9.53632,-9.175357,,0
3.7892044,9.530453,-9.176555,,0
3.7892044,9.530453,-9.176555,,0
3.8080187,9.52357,-9.17812,,0
3.8080187,9.52357,-9.17812,,0
3.8286147,9.516419,-9.179694,,0
3.8286147,9.516419,-9.179694,,0
3.8456469,9.509806,-9.18125,,0
3.8456469,9.509806,-9.18125,,0
3.8572814,9.506029,-9.182044,,0
3.8572814,9.506029,-9.182044,,0
3.86357,9.5030575,-9.182811,,0
3.86357,9.5030575,-9.182811,,0
3.876147,9.497115,-9.184343,,0
3.876147,9.497115,-9.184343,,0
3.8949614,9.490232,-9.185908,,0
3.8949614,9.490232,-9.185908,,0
3.9129102,9.482469,-9.187836,,0
3.9129102,9.482469,-9.187836,,0
3.933558,9.473287,-9.190144,,0
3.933558,9.473287,-9.190144,,0
3.9550452,9.4660015,-9.191723,,0
3.9550452,9.4660015,-9.191723,,0
3.975667,9.457835,-9.193664,,0
3.975667,9.457835,-9.193664,,0
3.995372,9.450818,-9.195233,,0
3.995372,9.450818,-9.195233,,0
4.0096793,9.446638,-9.196041,,0
4.0096793,9.446638,-9.196041,,0
4.0221534,9.444757,-9.196107,,0
4.0221534,9.444757,-9.196107,,0
4.0310636,9.443415,-9.196154,,0
4.0310636,9.443415,-9.196154,,0
4.0319543,9.44328,-9.196158,,0
4.0319543,9.44328,-9.196158,,0
4.0319285,9.444296,-9.195791,,0
4.0319285,9.444296,-9.195791,,0
4.036358,9.44464,-9.195448,,0
4.036358,9.44464,-9.195448,,0
4.0540233,9.448048,-9.19334,,0
4.0540233,9.448048,-9.19334,,0
4.0707974,9.45159,-9.191228,,0
4.0707974,9.45159,-9.191228,,0
4.075227,9.451934,-9.190885,,0
4.075227,9.451934,-9.190885,,0
4.084085,9.452622,-9.190198,,0
4.084085,9.452622,-9.190198,,0
4.099155,9.453386,-9.189177,,0
4.099155,9.453386,-9.189177,,0
4.1071224,9.454208,-9.188485,,0
4.1071224,9.454208,-9.188485,,0
4.1124682,9.453403,-9.188513,,0
4.1124682,9.453403,-9.188513,,0
4.1258335,9.451389,-9.188582,,0
4.1258335,9.451389,-9.188582,,0
4.137417,9.449644,-9.1886425,,0
4.137417,9.449644,-9.1886425,,0
4.14009,9.449242,-9.188657,,0
4.14009,9.449242,-9.188657,,0
4.1401157,9.448226,-9.189024,,0
4.1401157,9.448226,-9.189024,,0
4.1418977,9.447957,-9.1890335,,0
4.1418977,9.447957,-9.1890335,,0
4.151725,9.445465,-9.189451,,0
4.151725,9.445465,-9.189451,,0
4.1606603,9.443107,-9.189865,,0
4.1606603,9.443107,-9.189865,,0
4.16425,9.441553,-9.19025,,0
4.16425,9.441553,-9.19025,,0
4.1687307,9.439866,-9.19064,,0
4.1687307,9.439866,-9.19064,,0
4.1722946,9.439328,-9.1906595,,0
4.1722946,9.439328,-9.1906595,,0
4.1723204,9.438313,-9.191027,,0
4.1723204,9.438313,-9.191027,,0
4.1785574,9.437372,-9.191059,,0
4.1785574,9.437372,-9.191059,,0
4.187493,9.435014,-9.191473,,0
4.187493,9.435014,-9.191473,,0
4.190166,9.434611,-9.191487,,0
4.190166,9.434611,-9.191487,,0
4.199076,9.433269,-9.191534,,0
4.199076,9.433269,-9.191534,,0
4.219569,9.430181,-9.191641,,0
4.219569,9.430181,-9.191641,,0
4.2382803,9.427361,-9.191738,,0
4.2382803,9.427361,-9.191738,,0
4.252562,9.424196,-9.19218,,0
4.252562,9.424196,-9.19218,,0
4.261472,9.422853,-9.192226,,0
4.261472,9.422853,-9.192226,,0
4.262363,9.422719,-9.192231,,0
4.262363,9.422719,-9.192231,,0
4.2632537,9.422585,-9.192236,,0
4.2632537,9.422585,-9.192236,,0
4.262363,9.422719,-9.192231,,0
4.262363,9.422719,-9.192231,,0
4.2615232,9.420822,-9.19296,,0
4.2615232,9.420822,-9.19296,,0
4.261575,9.418791,-9.193693,,0
4.261575,9.418791,-9.193693,,0
4.2616525,9.415744,-9.194794,,0
4.2616525,9.415744,-9.194794,,0
4.261884,9.406604,-9.198094,,0
4.261884,9.406604,-9.198094,,0
4.2641044,9.389071,-9.204338,,0
4.2641044,9.389071,-9.204338,,0
4.265382,9.373704,-9.209845,,0
4.265382,9.373704,-9.209845,,0
4.265537,9.367611,-9.212045,,0
4.265537,9.367611,-9.212045,,0
4.265614,9.364564,-9.213145,,0
4.265614,9.364564,-9.213145,,0
4.2652125,9.345403,-9.220109,,0
4.2652125,9.345403,-9.220109,,0
4.2609744,9.302539,-9.235852,,0
4.2609744,9.302539,-9.235852,,0
4.255871,9.258795,-9.251957,,0
4.255871,9.258795,-9.251957,,0
4.2547073,9.23469,-9.26075,,0
4.2547073,9.23469,-9.26075,,0
4.2548876,9.227581,-9.263317,,0
4.2548876,9.227581,-9.263317,,0
4.256165,9.2122135,-9.268824,,0
4.256165,9.2122135,-9.268824,,0
4.257196,9.171592,-9.283494,,0
4.257196,9.171592,-9.283494,,0
4.2557597,9.123248,-9.3010845,,0
4.2557597,9.123248,-9.3010845,,0
4.2541685,9.080997,-9.316475,,0
4.2541685,9.080997,-9.316475,,0
4.254993,9.0485,-9.328211,,0
4.254993,9.0485,-9.328211,,0
4.2564507,9.026024,-9.336284,,0
4.2564507,9.026024,-9.336284,,0
4.2589283,8.998336,-9.346195,,0
4.2589283,8.998336,-9.346195,,0
4.2615347,8.9655695,-9.357941,,0
4.2615347,8.9655695,-9.357941,,0
4.264167,8.9317875,-9.370053,,0
4.264167,8.9317875,-9.370053,,0
4.2660885,8.89103,-9.384728,,0
4.2660885,8.89103,-9.384728,,0
4.2689266,8.849124,-9.3997755,,0
4.2689266,8.849124,-9.3997755,,0
4.270874,8.807351,-9.414818,,0
4.270874,8.807351,-9.414818,,0
4.2744746,8.770388,-9.428036,,0
4.2744746,8.770388,-9.428036,,0
4.278915,8.735321,-9.440524,,0
4.278915,8.735321,-9.440524,,0
4.283329,8.70127,-9.452646,,0
4.283329,8.70127,-9.452646,,0
4.285703,8.677644,-9.461091,,0
4.285703,8.677644,-9.461091,,0
4.2872386,8.652121,-9.470264,,0
4.2872386,8.652121,-9.470264,,0
4.288089,8.6186075,-9.4823675,,0
4.288089,8.6186075,-9.4823675,,0
4.2888618,8.588141,-9.49337,,0
4.2888618,8.588141,-9.49337,,0
4.2887177,8.558825,-9.504002,,0
4.2887177,8.558825,-9.504002,,0
4.2886,8.528492,-9.514999,,0
4.2886,8.528492,-9.514999,,0
4.2891927,8.505134,-9.523435,,0
4.2891927,8.505134,-9.523435,,0
4.288869,8.482925,-9.531499,,0
4.288869,8.482925,-9.531499,,0
4.2886734,8.45564,-9.541397,,0
4.2886734,8.45564,-9.541397,,0
4.287561,8.429503,-9.550923,,0
4.287561,8.429503,-9.550923,,0
4.2855062,8.405533,-9.559711,,0
4.2855062,8.405533,-9.559711,,0
4.2825866,8.380681,-9.568862,,0
4.2825866,8.380681,-9.568862,,0
4.2786984,8.359011,-9.576907,,0
4.2786984,8.359011,-9.576907,,0
4.274836,8.336325,-9.5853195,,0
4.274836,8.336325,-9.5853195,,0
4.270005,8.316819,-9.592627,,0
4.270005,8.316819,-9.592627,,0
4.2676415,8.305036,-9.597013,,0
4.2676415,8.305036,-9.597013,,0
4.2660656,8.29718,-9.599938,,0
4.2660656,8.29718,-9.599938,,0
4.264438,8.291355,-9.60213,,0
4.264438,8.291355,-9.60213,,0
4.2636504,8.287427,-9.603592,,0
4.2636504,8.287427,-9.603592,,0
4.2596593,8.269819,-9.61017,,0
4.2596593,8.269819,-9.61017,,0
4.2523875,8.241576,-9.620765,,0
4.2523875,8.241576,-9.620765,,0
4.246872,8.214081,-9.631001,,0
4.246872,8.214081,-9.631001,,0
4.2428546,8.197488,-9.637213,,0
4.2428546,8.197488,-9.637213,,0
4.242092,8.192544,-9.639042,,0
4.242092,8.192544,-9.639042,,0
4.242118,8.191528,-9.639409,,0
4.242118,8.191528,-9.639409,,0
4.241484,8.181507,-9.643072,,0
4.241484,8.181507,-9.643072,,0
4.236046,8.150966,-9.654409,,0
4.236046,8.150966,-9.654409,,0
4.229186,8.106475,-9.670872,,0
4.229186,8.106475,-9.670872,,0
4.2230887,8.066927,-9.685505,,0
4.2230887,8.066927,-9.685505,,0
4.22004,8.0471525,-9.6928215,,0
4.22004,8.0471525,-9.6928215,,0
4.219252,8.043224,-9.6942835,,0
4.219252,8.043224,-9.6942835,,0
4.219304,8.041193,-9.695017,,0
4.219304,8.041193,-9.695017,,0
4.21933,8.040177,-9.695384,,0
4.21933,8.040177,-9.695384,,0
4.218542,8.036249,-9.696846,,0
4.218542,8.036249,-9.696846,,0
4.2135825,8.021822,-9.702319,,0
4.2135825,8.021822,-9.702319,,0
4.208623,8.007395,-9.707792,,0
4.208623,8.007395,-9.707792,,0
4.2069182,8.004617,-9.708883,,0
4.2069182,8.004617,-9.708883,,0
4.2068925,8.005632,-9.708516,,0
4.2068925,8.005632,-9.708516,,0
4.2068667,8.006648,-9.708149,,0
4.2068667,8.006648,-9.708149,,0
