-0.21770921,1.4953209,-14.13584
-0.21801081,1.4945105,-14.136407
-0.21831258,1.4937001,-14.136973
-0.2186145,1.4928898,-14.13754
-0.21891643,1.4920794,-14.138106
-0.219215,1.4912511,-14.138684
-0.2194286,1.49041,-14.139268
-0.21991466,1.4897029,-14.139826
-0.22007023,1.4888822,-14.140384
-0.2202258,1.4880614,-14.140942
-0.22038136,1.4872407,-14.1414995
-0.22053693,1.4864199,-14.142057
-0.22081506,1.4855943,-14.142645
-0.22124586,1.4848166,-14.143232
-0.22167665,1.4840388,-14.14382
-0.22244143,1.4835014,-14.144327
-0.22320622,1.482964,-14.1448345
-0.22397101,1.4824266,-14.145342
-0.2247358,1.4818892,-14.145849
-0.22550058,1.4813519,-14.146357
-0.2260508,1.48066,-14.146915
-0.22666591,1.4799848,-14.147482
-0.22738326,1.4794149,-14.148006
-0.2281006,1.4788451,-14.148531
-0.22881126,1.4782398,-14.149076
-0.22942683,1.4775671,-14.149643
-0.2300424,1.4768944,-14.150209
-0.23065796,1.4762217,-14.150776
-0.23127353,1.475549,-14.151342
-0.2318891,1.4748763,-14.151909
-0.23250467,1.4742036,-14.152475
-0.23312023,1.4735309,-14.153042
-0.2337358,1.4728582,-14.153608
-0.23444647,1.4722528,-14.154154
-0.23514992,1.4716105,-14.15472
-0.23576428,1.4709346,-14.155287
-0.23647408,1.4703248,-14.155832
-0.23719068,1.4697502,-14.156357
-0.23790728,1.4691756,-14.156881
-0.23862387,1.468601,-14.157406
-0.23934047,1.4680264,-14.15793
-0.24005707,1.4674518,-14.158455
-0.24077366,1.4668772,-14.158979
-0.24149361,1.46632,-14.159492
-0.24236444,1.4660035,-14.159878
-0.24323526,1.465687,-14.160264
-0.24410608,1.4653705,-14.16065
-0.24493188,1.4649273,-14.161091
-0.24575767,1.4644841,-14.161531
-0.24658346,1.4640409,-14.161972
-0.24730569,1.463494,-14.1624565
-0.24828537,1.4633918,-14.162706
-0.24927242,1.4633234,-14.162935
-0.25025955,1.4632576,-14.163164
-0.25124702,1.4631909,-14.16338
-0.25223455,1.4631242,-14.163593
-0.25322208,1.4630574,-14.163807
-0.2542096,1.4629906,-14.164021
-0.25519702,1.4629241,-14.164238
-0.25622544,1.4628541,-14.164469
-0.25721297,1.4627855,-14.164682
-0.2582005,1.4627168,-14.164896
-0.25918803,1.4626482,-14.16511
-0.26017556,1.4625795,-14.165323
-0.2611631,1.4625124,-14.165537
-0.26215127,1.4624417,-14.1657505
-0.26313975,1.4623692,-14.165964
-0.26412824,1.4622967,-14.166178
-0.26511672,1.4622242,-14.166391
-0.2661052,1.4621518,-14.166605
-0.26714212,1.462304,-14.16667
-0.26812547,1.4624922,-14.166698
-0.26910895,1.46268,-14.166727
-0.27012533,1.4629148,-14.166723
-0.27112123,1.4631509,-14.166715
-0.27211714,1.4633869,-14.166706
-0.27311304,1.4636229,-14.1666975
-0.27410895,1.463859,-14.166689
-0.27510485,1.464095,-14.16668
-0.27610075,1.464331,-14.166672
-0.27709666,1.4645671,-14.166663
-0.2781199,1.4649233,-14.1665745
-0.27917165,1.4653116,-14.166467
-0.28025383,1.4656416,-14.166398
-0.28122145,1.465928,-14.166342
-0.28231335,1.4662,-14.166308
-0.28340524,1.466472,-14.166275
-0.28449714,1.4667441,-14.166242
-0.28558904,1.4670161,-14.166208
-0.28668094,1.4672881,-14.166175
-0.28777283,1.4675602,-14.1661415
-0.28886473,1.4678322,-14.166108
-0.28995663,1.4681042,-14.166075
-0.29104853,1.4683763,-14.166041
-0.29214042,1.4686483,-14.166008
-0.29323232,1.4689204,-14.165975
-0.2941841,1.4692222,-14.1659
-0.29514378,1.4695584,-14.165803
-0.29610372,1.4698938,-14.165706
-0.29706413,1.4702278,-14.165608
-0.29802454,1.4705619,-14.165511
-0.29912177,1.470845,-14.165466
-0.30021513,1.4711103,-14.165433
-0.30130848,1.4713757,-14.1654
-0.30240184,1.4716411,-14.165366
-0.3034952,1.4719064,-14.165333
-0.30458856,1.4721718,-14.165299
-0.3056819,1.4724371,-14.165266
-0.30677527,1.4727025,-14.165233
-0.30786863,1.4729679,-14.165199
-0.308962,1.4732332,-14.165166
-0.31006345,1.4735332,-14.16511
-0.31116566,1.4738301,-14.165049
-0.31226006,1.4740913,-14.165009
-0.31335446,1.4743525,-14.1649685
-0.31444886,1.4746137,-14.164928
-0.31554326,1.4748749,-14.164888
-0.31663767,1.475136,-14.164848
-0.31773233,1.4753962,-14.164808
-0.31882736,1.4756548,-14.164768
-0.3199224,1.4759135,-14.164728
-0.3210174,1.4761722,-14.164688
-0.32211244,1.4764309,-14.164648
-0.32320747,1.4766896,-14.164608
-0.3243025,1.4769483,-14.164568
-0.32539752,1.477207,-14.164528
-0.32649255,1.4774656,-14.164488
-0.32758757,1.4777243,-14.164448
-0.3286826,1.477983,-14.164408
-0.32967466,1.4782518,-14.164349
-0.33076137,1.4785637,-14.164272
-0.3318482,1.478875,-14.164194
-0.3329354,1.479185,-14.16411
-0.33402258,1.4794949,-14.164026
-0.33510977,1.4798049,-14.163942
-0.33619696,1.4801148,-14.163858
-0.33728415,1.4804248,-14.1637745
-0.33837134,1.4807347,-14.163691
-0.33945853,1.4810447,-14.163607
-0.3405457,1.4813546,-14.163523
-0.3416329,1.4816645,-14.163439
-0.3428114,1.4819967,-14.163345
-0.3439448,1.482315,-14.163255
-0.34507817,1.4826332,-14.163164
-0.34624964,1.482925,-14.163092
-0.34732735,1.4831682,-14.163032
-0.34840506,1.4834114,-14.1629715
-0.34948277,1.4836546,-14.162911
-0.3505605,1.4838978,-14.162851
-0.3516382,1.484141,-14.162791
-0.3527159,1.4843842,-14.162731
-0.35379362,1.4846274,-14.162671
-0.35487133,1.4848706,-14.162611
-0.35594904,1.4851137,-14.162551
-0.35702676,1.4853569,-14.162491
-0.35810447,1.4856001,-14.162431
-0.35918218,1.4858433,-14.162371
-0.3602599,1.4860865,-14.162311
-0.3613376,1.4863297,-14.1622505
-0.3624153,1.4865729,-14.16219
-0.36349303,1.486816,-14.16213
-0.36457074,1.4870592,-14.16207
-0.36564845,1.4873024,-14.16201
-0.36672616,1.4875456,-14.16195
-0.36780387,1.4877888,-14.16189
-0.36888158,1.488032,-14.16183
-0.3699593,1.4882752,-14.16177
-0.371037,1.4885184,-14.16171
-0.37211472,1.4887615,-14.16165
-0.37319243,1.4890047,-14.16159
-0.37446952,1.4892701,-14.161524
-0.3757466,1.4895355,-14.161458
-0.3770237,1.4898008,-14.161392
-0.3783008,1.4900662,-14.161326
-0.37957788,1.4903315,-14.161261
-0.38092935,1.4906423,-14.161172
-0.38228083,1.4909531,-14.161083
-0.3836323,1.4912639,-14.160995
-0.38498378,1.4915746,-14.160906
-0.38631037,1.491871,-14.160826
-0.3875872,1.4921385,-14.160763
-0.388864,1.492406,-14.1607
-0.39014083,1.4926735,-14.160637
-0.39141765,1.492941,-14.160574
-0.39269447,1.4932085,-14.160511
-0.3939713,1.493476,-14.160448
-0.39524812,1.4937435,-14.160385
-0.39652494,1.494011,-14.160322
-0.39780176,1.4942786,-14.160259
-0.39907858,1.494546,-14.160196
-0.4003554,1.4948136,-14.160133
-0.40163222,1.4950811,-14.16007
-0.40290904,1.4953486,-14.160007
-0.40418586,1.4956161,-14.159945
-0.40546268,1.4958836,-14.159882
-0.4067395,1.4961511,-14.159819
-0.40801632,1.4964186,-14.159756
-0.40929314,1.4966861,-14.159693
-0.41056997,1.4969536,-14.15963
-0.4118468,1.4972211,-14.159567
-0.4131236,1.4974886,-14.159504
-0.41440043,1.4977561,-14.159441
-0.41567725,1.4980236,-14.159378
-0.41695407,1.4982911,-14.159315
-0.41821033,1.4985608,-14.159248
-0.41942546,1.4988347,-14.159174
-0.4206406,1.4991087,-14.1591
-0.42185572,1.4993826,-14.159025
-0.42307085,1.4996566,-14.158951
-0.42428604,1.4999301,-14.158875
-0.42550135,1.500203,-14.158798
-0.42671666,1.5004759,-14.158721
-0.42793196,1.5007488,-14.158644
-0.42914727,1.5010216,-14.158566
-0.43036258,1.5012945,-14.158489
-0.4315779,1.5015674,-14.158412
-0.4327932,1.5018402,-14.158335
-0.4340085,1.5021131,-14.1582575
-0.43522382,1.502386,-14.15818
-0.43650556,1.5026662,-14.1581
-0.43792015,1.5029613,-14.158014
-0.43933475,1.5032563,-14.157928
-0.44074935,1.5035514,-14.157843
-0.44216394,1.5038464,-14.157757
-0.44357854,1.5041414,-14.157671
-0.44499314,1.5044365,-14.157585
-0.44640774,1.5047315,-14.157499
-0.44782233,1.5050266,-14.1574135
-0.44923693,1.5053216,-14.157328
-0.45065153,1.5056167,-14.157242
-0.45206612,1.5059117,-14.157156
-0.45348072,1.5062068,-14.15707
-0.45489532,1.5065018,-14.156984
-0.4563099,1.5067968,-14.1568985
-0.4577245,1.5070919,-14.156813
-0.4591391,1.5073869,-14.156727
-0.4605537,1.507682,-14.156641
-0.4619683,1.507977,-14.156555
-0.4633829,1.508272,-14.156469
-0.4647975,1.5085671,-14.1563835
-0.4662121,1.5088621,-14.156298
-0.4676267,1.5091572,-14.156212
-0.4690413,1.5094522,-14.156126
-0.47045588,1.5097473,-14.15604
-0.47148603,1.5099481,-14.155984
-0.47260326,1.5101532,-14.155929
-0.4737666,1.510366,-14.155866
-0.47497603,1.5105865,-14.155795
-0.47618547,1.510807,-14.155725
-0.4773949,1.5110276,-14.155654
-0.47860435,1.5112481,-14.155583
-0.47981378,1.5114686,-14.155513
-0.48102322,1.5116892,-14.155442
-0.48223266,1.5119097,-14.155372
-0.4834421,1.5121303,-14.155301
-0.48465154,1.5123508,-14.1552305
-0.48586097,1.5125713,-14.15516
-0.4870704,1.5127919,-14.155089
-0.48827985,1.5130124,-14.155019
-0.4894893,1.513233,-14.154948
-0.49069872,1.5134535,-14.154878
-0.49190047,1.513632,-14.154824
-0.49310222,1.5138106,-14.154771
-0.49430397,1.5139892,-14.154717
-0.49550572,1.5141678,-14.154664
-0.49670747,1.5143464,-14.154611
-0.49790922,1.5145249,-14.154557
-0.49911097,1.5147035,-14.154504
-0.5003127,1.5148821,-14.15445
-0.50151443,1.5150607,-14.154397
-0.5027162,1.5152392,-14.154344
-0.50391793,1.5154178,-14.15429
-0.5051197,1.5155964,-14.154237
-0.50632143,1.515775,-14.154183
-0.5075232,1.5159535,-14.15413
-0.5087249,1.5161321,-14.154077
-0.5099267,1.5163107,-14.154023
-0.5111284,1.5164893,-14.15397
-0.5123302,1.5166678,-14.153916
-0.5135319,1.5168464,-14.153863
-0.5147337,1.517025,-14.15381
-0.5159354,1.5172036,-14.153756
-0.51713717,1.5173821,-14.153703
-0.5183389,1.5175607,-14.153649
-0.51954067,1.5177393,-14.153596
-0.5207424,1.5179179,-14.1535425
-0.52194417,1.5180964,-14.153489
-0.5231459,1.518275,-14.153436
-0.52434766,1.5184536,-14.153382
-0.5255494,1.5186322,-14.153329
-0.52675116,1.5188107,-14.1532755
-0.5279529,1.5189893,-14.153222
-0.52915466,1.5191679,-14.153169
-0.5303564,1.5193465,-14.153115
-0.53155816,1.519525,-14.153062
-0.5327599,1.5197036,-14.153008
-0.53396165,1.5198822,-14.152955
-0.5351634,1.5200608,-14.152902
-0.53634906,1.5202588,-14.152834
-0.5375186,1.5204762,-14.152752
-0.53863823,1.5206647,-14.152686
-0.5397079,1.5208242,-14.152637
-0.54077756,1.5209837,-14.152587
-0.5418472,1.5211432,-14.152537
-0.5429169,1.5213027,-14.152488
-0.54398656,1.5214622,-14.152438
-0.5450562,1.5216217,-14.152389
-0.5461259,1.5217812,-14.152339
-0.54719555,1.5219407,-14.152289
-0.5482652,1.5221002,-14.15224
-0.5493349,1.5222597,-14.15219
-0.55040455,1.5224192,-14.152141
-0.5514742,1.5225787,-14.152091
-0.5525439,1.5227382,-14.152041
-0.55361354,1.5228977,-14.151992
-0.554642,1.5230628,-14.151936
-0.5556293,1.5232335,-14.151873
-0.5566166,1.5234042,-14.15181
-0.5576039,1.523575,-14.151747
-0.5585912,1.5237457,-14.151684
-0.5595785,1.5239164,-14.151621
-0.56056577,1.5240871,-14.151558
-0.56155306,1.5242578,-14.151495
-0.56254035,1.5244285,-14.151432
-0.56352764,1.5245992,-14.151369
-0.56451494,1.5247699,-14.151306
-0.5655022,1.5249406,-14.151243
-0.5664895,1.5251113,-14.15118
-0.5674768,1.525282,-14.151117
-0.5684641,1.5254527,-14.151054
-0.5694514,1.5256234,-14.150991
-0.5704387,1.5257941,-14.1509285
-0.571426,1.5259649,-14.150866
-0.57241327,1.5261356,-14.150803
-0.57340056,1.5263063,-14.15074
-0.57438785,1.526477,-14.150677
-0.57537514,1.5266477,-14.150614
-0.57636243,1.5268184,-14.150551
-0.5773497,1.5269891,-14.150488
-0.578337,1.5271598,-14.150425
-0.5793243,1.5273305,-14.150362
-0.5803116,1.5275012,-14.150299
-0.5812989,1.5276719,-14.150236
-0.5822862,1.5278426,-14.150173
-0.5832735,1.5280133,-14.15011
-0.58426076,1.528184,-14.150047
-0.58524805,1.5283548,-14.149984
-0.58623534,1.5285255,-14.149921
-0.58722264,1.5286962,-14.149858
-0.5882099,1.5288669,-14.149796
-0.5891972,1.5290376,-14.149733
-0.5901845,1.5292083,-14.14967
-0.59132963,1.5294071,-14.149592
-0.59247476,1.529606,-14.149515
-0.5936199,1.5298048,-14.149438
-0.594765,1.5300037,-14.149361
-0.5958438,1.5301951,-14.149285
-0.59710526,1.5304307,-14.14919
-0.59836674,1.5306662,-14.149095
-0.5996282,1.5309018,-14.148999
-0.6008897,1.5311373,-14.148904
-0.60215116,1.5313729,-14.1488085
-0.6034126,1.5316085,-14.148713
-0.6046741,1.531844,-14.148618
-0.6059356,1.5320796,-14.148522
-0.6069301,1.5321964,-14.148499
-0.6079246,1.5323132,-14.148475
-0.6089191,1.53243,-14.148451
-0.6099136,1.5325469,-14.148427
-0.6109081,1.5326637,-14.148403
-0.6119026,1.5327805,-14.148379
-0.6128971,1.5328974,-14.1483555
-0.6138916,1.5330142,-14.148332
-0.6148861,1.533131,-14.148308
-0.6158806,1.5332478,-14.148284
-0.6168751,1.5333647,-14.14826
-0.6178696,1.5334815,-14.148236
-0.6188641,1.5335983,-14.148212
-0.6198586,1.5337151,-14.148189
-0.62085336,1.5338306,-14.148163
-0.6219148,1.5339518,-14.148132
-0.6229416,1.5341834,-14.148024
-0.6239623,1.5343041,-14.14799
-0.6249522,1.5341411,-14.14815
-0.6259421,1.533978,-14.148311
-0.6269936,1.5339633,-14.148364
-0.62803787,1.5340005,-14.1483755
-0.62908214,1.5340377,-14.148387
-0.6301264,1.5340749,-14.148398
-0.6311161,1.534227,-14.148324
-0.63216805,1.5345274,-14.148144
-0.63322,1.5348278,-14.147964
-0.634272,1.5351282,-14.147783
-0.63532394,1.5354286,-14.147603
-0.6363759,1.535729,-14.147423
-0.63742787,1.5360295,-14.147243
-0.6384798,1.5363299,-14.147062
-0.63954777,1.5366096,-14.146897
-0.64061064,1.5367117,-14.146859
-0.6416735,1.5368137,-14.146821
-0.6427364,1.5369158,-14.146783
-0.64379925,1.5370178,-14.146745
-0.6448621,1.5371199,-14.146707
-0.645925,1.5372219,-14.146668
-0.64698786,1.537324,-14.14663
-0.6480507,1.537426,-14.146592
-0.6491136,1.537528,-14.146554
-0.65017647,1.5376301,-14.146516
-0.65123934,1.5377321,-14.146478
-0.65233225,1.5378642,-14.146416
-0.6533429,1.5380101,-14.146338
-0.6543421,1.5381919,-14.146235
-0.6554422,1.5384265,-14.146098
-0.65654224,1.5386611,-14.145961
-0.6576423,1.5388957,-14.1458235
-0.65874237,1.5391303,-14.145686
-0.65984243,1.5393649,-14.145549
-0.6609425,1.5395995,-14.1454115
-0.66204256,1.5398341,-14.145274
-0.6631426,1.5400687,-14.145137
-0.6642427,1.5403033,-14.1449995
-0.66531706,1.5403643,-14.1449795
-0.66639143,1.5404252,-14.144959
-0.6674387,1.5405436,-14.144899
-0.6685112,1.5406752,-14.144831
-0.6696343,1.540833,-14.144745
-0.6706544,1.5410082,-14.144645
-0.67167455,1.5411835,-14.144545
-0.6726947,1.5413587,-14.144444
-0.6737148,1.541534,-14.144344
-0.67473495,1.5417092,-14.144244
-0.6757551,1.5418844,-14.144144
-0.6767752,1.5420597,-14.144044
-0.67779535,1.5422349,-14.143944
-0.6788155,1.5424101,-14.143844
-0.6798356,1.5425854,-14.1437435
-0.68085575,1.5427606,-14.143643
-0.6818759,1.5429358,-14.143543
-0.682896,1.5431111,-14.143443
-0.68391615,1.5432863,-14.143343
-0.6849363,1.5434601,-14.14324
-0.6859564,1.543633,-14.143135
-0.6871761,1.5438219,-14.143022
-0.6882583,1.5439817,-14.142926
-0.6893405,1.5441414,-14.142831
-0.69042265,1.5443012,-14.1427355
-0.69157135,1.5444659,-14.142636
-0.69258255,1.5446007,-14.142553
-0.69359374,1.5447356,-14.14247
-0.69460493,1.5448704,-14.142387
-0.6956161,1.5450052,-14.142304
-0.6966273,1.54514,-14.142221
-0.6976385,1.5452749,-14.1421385
-0.6986497,1.5454097,-14.1420555
-0.6996609,1.5455445,-14.141973
-0.7006721,1.5456793,-14.14189
-0.7016833,1.5458142,-14.141807
-0.7026945,1.545949,-14.141724
-0.70370567,1.5460838,-14.141641
-0.70471686,1.5462186,-14.141558
-0.70572805,1.5463535,-14.141475
-0.70673925,1.5464883,-14.141392
-0.70775044,1.5466231,-14.141309
-0.70876163,1.5467579,-14.141226
-0.7097728,1.5468928,-14.141143
-0.710784,1.5470276,-14.14106
-0.7117952,1.5471624,-14.140977
-0.7128064,1.5472972,-14.140894
-0.7138176,1.5474321,-14.140811
-0.7148288,1.5475669,-14.140728
-0.71584,1.5477017,-14.140645
-0.71703476,1.5478723,-14.140535
-0.7183213,1.5480608,-14.140412
-0.7196079,1.5482492,-14.140289
-0.72089446,1.5484377,-14.140166
-0.722181,1.5486262,-14.140043
-0.72352946,1.5488036,-14.139929
-0.7248779,1.548981,-14.139814
-0.72622633,1.5491583,-14.1397
-0.72757477,1.5493357,-14.1395855
-0.7289232,1.5495131,-14.139471
-0.73027164,1.5496905,-14.139357
-0.7316201,1.5498679,-14.139242
-0.7329685,1.5500453,-14.139128
-0.73431695,1.5502226,-14.139013
-0.7356654,1.5504,-14.138899
-0.7366561,1.5505366,-14.138811
-0.7376469,1.5506732,-14.138723
-0.7386376,1.5508099,-14.138636
-0.7396284,1.5509465,-14.138548
-0.7406191,1.5510831,-14.13846
-0.7416099,1.5512197,-14.138372
-0.7426006,1.5513563,-14.138285
-0.74359137,1.5514929,-14.138197
-0.7445821,1.5516295,-14.138109
-0.74557287,1.5517662,-14.138021
-0.7465636,1.5519028,-14.137934
-0.74755436,1.5520394,-14.137846
-0.7485451,1.552176,-14.137758
-0.74953586,1.5523126,-14.1376705
-0.7505266,1.5524492,-14.137583
-0.75151736,1.5525858,-14.137495
-0.7525081,1.5527225,-14.137407
-0.75349885,1.5528591,-14.13732
-0.7544896,1.5529957,-14.137232
-0.75548035,1.5531323,-14.137144
-0.7564711,1.5532689,-14.137056
-0.75746185,1.5534055,-14.136969
-0.7584526,1.5535421,-14.136881
-0.75944334,1.5536788,-14.136793
-0.7604341,1.5538154,-14.136705
-0.76142484,1.553952,-14.136618
-0.7624156,1.5540886,-14.13653
-0.76340634,1.5542252,-14.136442
-0.7643971,1.5543618,-14.136354
-0.76538783,1.5544984,-14.136267
-0.7663786,1.554635,-14.136179
-0.76736933,1.5547717,-14.136091
-0.7683601,1.5549083,-14.1360035
-0.7693508,1.5550449,-14.135916
-0.7703416,1.5551815,-14.135828
-0.7713323,1.5553181,-14.13574
-0.7723231,1.5554547,-14.135653
-0.7737682,1.5556647,-14.135513
-0.7750916,1.5558237,-14.1354065
-0.7763644,1.555956,-14.135318
-0.7776372,1.5560883,-14.135229
-0.77891,1.5562207,-14.13514
-0.7801828,1.556353,-14.135052
-0.7814556,1.5564853,-14.134963
-0.7827284,1.5566176,-14.134874
-0.7840012,1.5567499,-14.134786
-0.78527397,1.5568823,-14.134697
-0.78654677,1.5570146,-14.134608
-0.7877103,1.5572199,-14.134465
-0.78887385,1.5574251,-14.134322
-0.7900374,1.5576304,-14.134179
-0.79120094,1.5578357,-14.134036
-0.7923645,1.558041,-14.133893
-0.793528,1.5582463,-14.13375
-0.79469156,1.5584515,-14.133607
-0.7958551,1.5586568,-14.133464
-0.79701865,1.5588621,-14.133321
-0.7981822,1.5590674,-14.133178
-0.79934573,1.5592726,-14.133035
-0.8005093,1.5594779,-14.132892
-0.8016728,1.5596832,-14.132749
-0.80283636,1.5598885,-14.132606
-0.8039999,1.5600938,-14.1324625
-0.80516344,1.560299,-14.132319
-0.806327,1.5605043,-14.132176
-0.8074905,1.5607096,-14.132033
-0.80865407,1.5609149,-14.13189
-0.8098176,1.5611202,-14.131747
-0.81098115,1.5613254,-14.131604
-0.8121447,1.5615307,-14.131461
-0.81330824,1.561736,-14.131318
-0.8144718,1.5619413,-14.131175
-0.8155641,1.5621248,-14.131047
-0.8168306,1.5623118,-14.130918
-0.81809705,1.5624987,-14.130788
-0.81936353,1.5626856,-14.130658
-0.82063,1.5628725,-14.130528
-0.8219282,1.5630163,-14.130427
-0.8229256,1.5630918,-14.130373
-0.82392305,1.5631672,-14.130319
-0.8249205,1.5632427,-14.130264
-0.8259179,1.5633181,-14.13021
-0.8269153,1.5633936,-14.130156
-0.82791275,1.563469,-14.130101
-0.8289102,1.5635445,-14.130047
-0.8299076,1.56362,-14.1299925
-0.830905,1.5636954,-14.129938
-0.83190244,1.5637709,-14.129884
-0.83289987,1.5638463,-14.129829
-0.8338973,1.5639218,-14.129775
-0.8348947,1.5639973,-14.129721
-0.83589214,1.5640727,-14.129666
-0.83688956,1.5641482,-14.129612
-0.837887,1.5642236,-14.129558
-0.8388844,1.5642991,-14.129503
-0.83988184,1.5643746,-14.129449
-0.84087926,1.56445,-14.129395
-0.8418767,1.5645255,-14.12934
-0.8428741,1.564601,-14.129286
-0.84387153,1.5646764,-14.129231
-0.84486896,1.5647519,-14.129177
-0.8458664,1.5648273,-14.129123
-0.84711426,1.564938,-14.129035
-0.84836215,1.5650486,-14.128947
-0.84961003,1.5651592,-14.1288595
-0.85090894,1.5652913,-14.128751
-0.85191655,1.5653882,-14.128665
-0.8529145,1.5654486,-14.128602
-0.8539125,1.5655091,-14.128539
-0.85491043,1.5655695,-14.128476
-0.8559084,1.56563,-14.128413
-0.85690635,1.5656904,-14.12835
-0.8579043,1.5657508,-14.128287
-0.8589023,1.5658113,-14.128224
-0.85990024,1.5658717,-14.128161
-0.8608982,1.5659322,-14.1280985
-0.86189616,1.5659926,-14.128036
-0.8628941,1.566053,-14.127973
-0.8638921,1.5661135,-14.12791
-0.86489004,1.5661739,-14.127847
-0.865888,1.5662344,-14.127784
-0.86688596,1.5662948,-14.127721
-0.8678839,1.5663552,-14.127658
-0.8688819,1.5664157,-14.127595
-0.86987984,1.5664761,-14.127532
-0.8708778,1.5665365,-14.127469
-0.87187576,1.566597,-14.127406
-0.8728737,1.5666574,-14.127343
-0.8738717,1.5667179,-14.12728
-0.87486964,1.5667783,-14.127217
-0.8758676,1.5668387,-14.127154
-0.8770036,1.5669217,-14.1270685
-0.8781396,1.5670047,-14.126983
-0.8792756,1.5670877,-14.126897
-0.8804116,1.5671706,-14.126811
-0.88161415,1.5672568,-14.12672
-0.8829497,1.5673494,-14.12662
-0.8842853,1.567442,-14.12652
-0.88562083,1.5675347,-14.12642
-0.8869564,1.5676273,-14.12632
-0.88829195,1.5677199,-14.12622
-0.8896275,1.5678126,-14.12612
-0.8909631,1.5679052,-14.1260195
-0.89229864,1.5679978,-14.125919
-0.8936342,1.5680904,-14.125819
-0.8950108,1.5681734,-14.125724
-0.8964696,1.5682371,-14.125638
-0.89792836,1.5683007,-14.125552
-0.8993871,1.5683644,-14.125466
-0.9008459,1.568428,-14.1253805
-0.90230465,1.5684917,-14.125295
-0.9037634,1.5685554,-14.125209
-0.9052222,1.568619,-14.125123
-0.90668094,1.5686827,-14.125037
-0.9081397,1.5687463,-14.124951
-0.90959847,1.56881,-14.124866
-0.91105723,1.5688736,-14.12478
-0.912516,1.5689373,-14.124694
-0.91397476,1.569001,-14.124608
-0.9154335,1.5690646,-14.124522
-0.9168923,1.5691283,-14.124436
-0.91835105,1.5691919,-14.124351
-0.9198098,1.5692556,-14.124265
-0.9212686,1.5693192,-14.124179
-0.92272735,1.5693829,-14.124093
-0.9241861,1.5694466,-14.124007
-0.9256449,1.5695102,-14.123921
-0.92710364,1.5695739,-14.123836
-0.9285624,1.5696375,-14.12375
-0.93002117,1.5697012,-14.123664
-0.9314594,1.569768,-14.123575
-0.9328567,1.5698409,-14.123481
-0.93425393,1.5699139,-14.123386
-0.9356512,1.5699868,-14.123292
-0.93704844,1.5700598,-14.123198
-0.9384457,1.5701327,-14.123103
-0.93986344,1.570201,-14.123011
-0.9413222,1.57026,-14.122922
-0.942781,1.570319,-14.122833
-0.94423974,1.5703781,-14.122745
-0.9456985,1.5704371,-14.122656
-0.94715726,1.5704961,-14.122567
-0.948616,1.5705551,-14.1224785
-0.9500748,1.5706141,-14.12239
-0.95153356,1.5706731,-14.122301
-0.9529923,1.5707321,-14.122212
-0.9544511,1.5707911,-14.122124
-0.95590985,1.5708501,-14.122035
-0.9573686,1.5709091,-14.121946
-0.9588274,1.5709682,-14.121858
-0.96028614,1.5710272,-14.121769
-0.9617449,1.5710862,-14.12168
-0.96320367,1.5711452,-14.121592
-0.96466243,1.5712042,-14.121503
-0.9661212,1.5712632,-14.121414
-0.96757996,1.5713222,-14.1213255
-0.9690387,1.5713812,-14.121237
-0.9704975,1.5714402,-14.121148
-0.97195625,1.5714992,-14.121059
-0.973415,1.5715582,-14.120971
-0.9748738,1.5716172,-14.120882
-0.97633255,1.5716755,-14.120793
-0.9777913,1.5717335,-14.120705
-0.9792501,1.5717914,-14.120616
-0.98070884,1.5718493,-14.120527
-0.9821676,1.5719073,-14.120439
-0.9834883,1.5719441,-14.120373
-0.984799,1.5719497,-14.120332
-0.9861047,1.5719397,-14.120303
-0.9874104,1.5719297,-14.120275
-0.9887161,1.5719197,-14.120246
-0.9900218,1.5719097,-14.120217
-0.9913275,1.5718997,-14.120189
-0.9926332,1.5718896,-14.12016
-0.9939389,1.5718796,-14.1201315
-0.9952446,1.5718696,-14.120103
-0.9965503,1.5718596,-14.120074
-0.997856,1.5718496,-14.120046
-0.9991617,1.5718396,-14.120017
-1.0004674,1.5718296,-14.119988
-1.0017731,1.5718195,-14.11996
-1.0030788,1.5718095,-14.119931
-1.0043845,1.5717995,-14.119903
-1.0056902,1.5717895,-14.119874
-1.0069959,1.5717795,-14.119845
-1.0083016,1.5717695,-14.119817
-1.0096073,1.5717595,-14.119788
-1.010913,1.5717494,-14.11976
-1.0122187,1.5717394,-14.119731
-1.0135244,1.5717294,-14.119702
-1.0148301,1.5717194,-14.119674
-1.0161358,1.5717094,-14.119645
-1.0175946,1.5717659,-14.119554
-1.0190533,1.5718224,-14.119462
-1.0205121,1.5718789,-14.11937
-1.0219709,1.5719354,-14.119279
-1.0234296,1.5719919,-14.119187
-1.024484,1.5720105,-14.119135
-1.0256203,1.57201,-14.119091
-1.0267566,1.5720096,-14.119047
-1.027893,1.5720091,-14.119003
-1.0290293,1.5720086,-14.118959
-1.0301656,1.5720081,-14.118916
-1.0313019,1.5720077,-14.118872
-1.0325867,1.5719913,-14.118832
-1.0340201,1.5719591,-14.118795
-1.0354534,1.571927,-14.118759
-1.0368868,1.5718948,-14.118723
-1.0383202,1.5718626,-14.118687
-1.0397536,1.5718304,-14.11865
-1.0411869,1.5717982,-14.118614
-1.0426203,1.571766,-14.118578
-1.0440537,1.5717338,-14.118542
-1.045487,1.5717016,-14.1185055
-1.0469204,1.5716695,-14.118469
-1.0483538,1.5716373,-14.118433
-1.0497872,1.5716051,-14.118397
-1.0512205,1.5715729,-14.1183605
-1.0526539,1.5715407,-14.118324
-1.0540873,1.5715085,-14.118288
-1.0555207,1.5714763,-14.118252
-1.056954,1.5714442,-14.118216
-1.0583874,1.571412,-14.118179
-1.0598208,1.5713798,-14.118143
-1.0612541,1.5713476,-14.118107
-1.0626875,1.5713154,-14.118071
-1.0641209,1.5712832,-14.118034
-1.0655543,1.571251,-14.117998
-1.0669876,1.5712188,-14.117962
-1.068421,1.5711867,-14.117926
-1.0698544,1.5711545,-14.117889
-1.0712878,1.5711223,-14.117853
-1.0727211,1.5710901,-14.117817
-1.0741545,1.5710579,-14.117781
-1.0755879,1.5710257,-14.117744
-1.0770212,1.5709935,-14.117708
-1.0784546,1.5709614,-14.117672
-1.079888,1.5709292,-14.117636
-1.0813214,1.570897,-14.1175995
-1.0827547,1.5708648,-14.117563
-1.0841881,1.5708326,-14.117527
-1.0856215,1.5708004,-14.117491
-1.0872287,1.5707616,-14.117445
-1.0888358,1.5707227,-14.117399
-1.090443,1.5706838,-14.117353
-1.0920502,1.570645,-14.117308
-1.0936574,1.5706061,-14.117262
-1.0952646,1.5705673,-14.117216
-1.0968717,1.5705284,-14.11717
-1.0984944,1.5704684,-14.11714
-1.1001326,1.5703874,-14.117125
-1.1017708,1.5703063,-14.117109
-1.1034089,1.5702252,-14.117094
-1.1050471,1.5701442,-14.117079
-1.1066853,1.5700631,-14.1170635
-1.1083235,1.569982,-14.117048
-1.1099616,1.569901,-14.117033
-1.1115998,1.5698199,-14.117018
-1.113238,1.5697389,-14.1170025
-1.1148762,1.5696578,-14.116987
-1.1165143,1.5695767,-14.116972
-1.1181525,1.5694957,-14.116957
-1.1197907,1.5694146,-14.116941
-1.1214288,1.5693336,-14.116926
-1.1230669,1.5692514,-14.116911
-1.1247048,1.5691682,-14.116896
-1.1263428,1.569085,-14.11688
-1.1279807,1.5690018,-14.116865
-1.1296186,1.5689186,-14.11685
-1.1312566,1.5688354,-14.116835
-1.1328945,1.5687522,-14.116819
-1.1345325,1.568669,-14.116804
-1.1361704,1.5685858,-14.116789
-1.1378083,1.5685025,-14.116774
-1.1394463,1.5684193,-14.116758
-1.1410842,1.5683361,-14.116743
-1.1427221,1.5682529,-14.116728
-1.1443601,1.5681697,-14.116713
-1.145998,1.5680865,-14.116697
-1.1476359,1.5680033,-14.116682
-1.1492739,1.5679201,-14.116667
-1.1509118,1.5678369,-14.116652
-1.1525497,1.5677537,-14.116636
-1.1541877,1.5676705,-14.116621
-1.1558256,1.5675873,-14.116606
-1.1574636,1.567504,-14.1165905
-1.1591015,1.5674208,-14.116575
-1.1607394,1.5673376,-14.11656
-1.1623774,1.5672544,-14.116545
-1.1640153,1.5671712,-14.116529
-1.1656532,1.567088,-14.116514
-1.1672912,1.5670048,-14.116499
-1.1689291,1.5669216,-14.116484
-1.170567,1.5668384,-14.116468
-1.172205,1.5667552,-14.116453
-1.1738429,1.566672,-14.116438
-1.1754808,1.5665888,-14.116423
-1.1771188,1.5665056,-14.116407
-1.1787567,1.5664223,-14.116392
-1.1803946,1.5663391,-14.116377
-1.1820326,1.5662559,-14.116362
-1.1836041,1.5661708,-14.116353
-1.1851093,1.5660838,-14.116351
-1.1862663,1.5660049,-14.116361
-1.1874233,1.565926,-14.11637
-1.1885804,1.565847,-14.11638
-1.1897374,1.5657681,-14.116389
-1.1908945,1.5656892,-14.116399
-1.1920515,1.5656103,-14.116408
-1.1932086,1.5655314,-14.116418
-1.1943656,1.5654525,-14.116427
-1.1955227,1.5653735,-14.116437
-1.1966797,1.5652946,-14.1164465
-1.1978368,1.5652157,-14.116456
-1.1989938,1.5651368,-14.116466
-1.2001508,1.5650579,-14.116475
-1.2013079,1.564979,-14.116485
-1.2024649,1.5649,-14.116494
-1.2037549,1.5648271,-14.116494
-1.2050449,1.5647541,-14.116494
-1.2063348,1.5646812,-14.116494
-1.2076248,1.5646082,-14.116494
-1.2089148,1.5645353,-14.116494
-1.2102047,1.5644623,-14.116494
-1.2114947,1.5643893,-14.116494
-1.2127846,1.5643164,-14.116494
-1.2140746,1.5642434,-14.116494
-1.2153646,1.5641705,-14.116494
-1.2166545,1.5640975,-14.116494
-1.2179445,1.5640246,-14.116494
-1.2192345,1.5639516,-14.116494
-1.2205244,1.5638787,-14.116494
-1.2218144,1.5638057,-14.116494
-1.2231044,1.5637327,-14.116494
-1.2243943,1.5636598,-14.116494
-1.2256843,1.5635868,-14.116494
-1.2269742,1.5635139,-14.116494
-1.2282642,1.5634409,-14.116494
-1.2295542,1.563368,-14.116494
-1.2308441,1.563295,-14.116494
-1.2321341,1.563222,-14.116494
-1.2332757,1.5631641,-14.116489
-1.234402,1.5631269,-14.11647
-1.2355282,1.5630897,-14.116451
-1.2366545,1.5630525,-14.116432
-1.2377808,1.5630153,-14.116413
-1.2388406,1.5629746,-14.116397
-1.2400079,1.5629274,-14.11638
-1.2411752,1.5628802,-14.116363
-1.2423425,1.562833,-14.116345
-1.2435098,1.5627857,-14.116328
-1.2446771,1.5627385,-14.116311
-1.2458444,1.5626913,-14.116294
-1.2470117,1.5626441,-14.116277
-1.248179,1.5625969,-14.11626
-1.2493463,1.5625497,-14.116242
-1.2505136,1.5625025,-14.116225
-1.2516809,1.5624553,-14.116208
-1.2526946,1.5624064,-14.1161995
-1.2537699,1.5623432,-14.1161995
-1.2548141,1.5623208,-14.116169
-1.2558894,1.5622576,-14.116169
-1.2569647,1.5621945,-14.116169
-1.25804,1.5621313,-14.116169
-1.2591152,1.5620681,-14.116169
-1.2601905,1.5620049,-14.116169
-1.2612658,1.5619417,-14.116169
-1.2622744,1.5618762,-14.116174
-1.2633133,1.561771,-14.116207
-1.2644802,1.5616547,-14.116243
-1.265586,1.5615498,-14.116274
-1.2666918,1.5614449,-14.116304
-1.2677976,1.56134,-14.116335
-1.2689034,1.5612351,-14.116365
-1.2700092,1.5611302,-14.116396
-1.271115,1.5610253,-14.116426
-1.2722207,1.5609204,-14.116457
-1.2732496,1.5608474,-14.11646
-1.2742785,1.5607744,-14.116463
-1.2753074,1.5607015,-14.116466
-1.2763363,1.5606285,-14.116468
-1.2773652,1.5605556,-14.116471
-1.2783941,1.5604826,-14.116474
-1.279423,1.5604097,-14.116477
-1.2804519,1.5603367,-14.11648
-1.2814808,1.5602638,-14.116483
-1.2825097,1.5601908,-14.116486
-1.2835386,1.5601178,-14.116488
-1.2845675,1.5600449,-14.116491
-1.2855964,1.5599719,-14.116494
-1.2866253,1.559899,-14.116497
-1.2876542,1.559826,-14.1165
-1.288683,1.5597531,-14.116503
-1.289712,1.5596801,-14.116506
-1.2907408,1.5596071,-14.1165085
-1.2917697,1.5595342,-14.116511
-1.2927986,1.5594612,-14.116514
-1.2938275,1.5593883,-14.116517
-1.2948564,1.5593153,-14.11652
-1.2958853,1.5592424,-14.116523
-1.2969142,1.5591694,-14.116526
-1.2979431,1.5590965,-14.1165285
-1.2992177,1.5589691,-14.11656
-1.3004923,1.5588418,-14.116591
-1.3017669,1.5587145,-14.116623
-1.3030415,1.5585872,-14.116654
-1.304316,1.5584599,-14.116686
-1.3055906,1.5583326,-14.116717
-1.3067272,1.5581845,-14.116775
-1.3078637,1.5580364,-14.116832
-1.3090003,1.5578884,-14.116889
-1.3101368,1.5577403,-14.116946
-1.3112733,1.5575923,-14.117003
-1.3124099,1.5574442,-14.117061
-1.3135464,1.5572962,-14.117118
-1.314683,1.5571481,-14.117175
-1.3158195,1.557,-14.117232
-1.316956,1.556852,-14.11729
-1.3180926,1.5567039,-14.117347
-1.3192291,1.5565559,-14.117404
-1.3203657,1.5564078,-14.117461
-1.3215022,1.5562598,-14.117518
-1.3226388,1.5561117,-14.117576
-1.3237753,1.5559636,-14.117633
-1.3249118,1.5558156,-14.11769
-1.3260484,1.5556675,-14.117747
-1.3271849,1.5555195,-14.117805
-1.3283215,1.5553714,-14.117862
-1.329458,1.5552233,-14.117919
-1.3305945,1.5550753,-14.117976
-1.3317311,1.5549272,-14.118033
-1.3328676,1.5547792,-14.118091
-1.334137,1.5546343,-14.118135
-1.3353243,1.554507,-14.11817
-1.3365116,1.5543797,-14.118204
-1.3376989,1.5542524,-14.118238
-1.3388095,1.5540911,-14.118305
-1.3399453,1.5539416,-14.118362
-1.3410811,1.5537921,-14.11842
-1.342217,1.5536426,-14.118477
-1.3433528,1.5534931,-14.118534
-1.3444886,1.5533437,-14.118591
-1.3456244,1.5531942,-14.118649
-1.3467603,1.5530447,-14.118706
-1.3478961,1.5528952,-14.118763
-1.3490319,1.5527457,-14.11882
-1.3501678,1.5525962,-14.118877
-1.3513036,1.5524467,-14.118935
-1.3524394,1.5522972,-14.118992
-1.3535752,1.5521483,-14.119049
-1.354711,1.5519996,-14.119106
-1.3557191,1.5518625,-14.119162
-1.3567224,1.5517108,-14.11923
-1.3577256,1.5515592,-14.119299
-1.3587289,1.5514076,-14.119368
-1.3599062,1.5512521,-14.119431
-1.3609197,1.5511327,-14.119473
-1.3619332,1.5510132,-14.119516
-1.3629467,1.5508938,-14.119559
-1.3639603,1.5507743,-14.119602
-1.3649738,1.5506549,-14.119645
-1.3659873,1.5505354,-14.119688
-1.3670008,1.550416,-14.119731
-1.3680143,1.5502965,-14.119774
-1.3690279,1.5501771,-14.119817
-1.3700414,1.5500576,-14.11986
-1.3710549,1.5499382,-14.119903
-1.3720684,1.5498188,-14.119946
-1.3730819,1.5496993,-14.119988
-1.3740954,1.5495799,-14.120031
-1.375109,1.5494604,-14.120074
-1.3761225,1.549341,-14.120117
-1.377136,1.5492215,-14.12016
-1.3781495,1.5491021,-14.120203
-1.379163,1.5489826,-14.120246
-1.3801765,1.5488632,-14.120289
-1.3811901,1.5487437,-14.120332
-1.3822036,1.5486243,-14.120375
-1.3832171,1.5485048,-14.120418
-1.3842871,1.5483568,-14.1204815
-1.3854702,1.5481515,-14.120587
-1.3866532,1.5479462,-14.120693
-1.3878362,1.5477409,-14.120799
-1.3890193,1.5475357,-14.120905
-1.3903252,1.5473039,-14.121027
-1.3913597,1.5471141,-14.12113
-1.3923942,1.5469244,-14.121233
-1.3934287,1.5467346,-14.121336
-1.3944632,1.5465448,-14.121439
-1.3954977,1.546355,-14.121542
-1.3965322,1.5461652,-14.121645
-1.3975667,1.5459754,-14.121748
-1.3986012,1.5457857,-14.121851
-1.3996357,1.5455959,-14.121954
-1.4006702,1.5454061,-14.122057
-1.4017047,1.5452163,-14.12216
-1.4027392,1.5450265,-14.122263
-1.4037737,1.5448368,-14.122366
-1.4048082,1.544647,-14.122469
-1.4058427,1.5444572,-14.122572
-1.4068772,1.5442674,-14.122675
-1.4081267,1.5440638,-14.122774
-1.4093763,1.5438602,-14.122873
-1.4106258,1.5436566,-14.1229725
-1.4118754,1.543453,-14.123072
-1.4131249,1.5432494,-14.123171
-1.4143745,1.5430458,-14.12327
-1.415624,1.5428421,-14.123369
-1.4168736,1.5426385,-14.123468
-1.4181231,1.5424349,-14.123568
-1.4193727,1.5422313,-14.123667
-1.4206222,1.5420277,-14.123766
-1.4218718,1.5418241,-14.123865
-1.4231213,1.5416205,-14.123964
-1.4243709,1.5414169,-14.1240635
-1.4256204,1.5412133,-14.124163
-1.42687,1.5410097,-14.124262
-1.4281195,1.540806,-14.124361
-1.4293691,1.5406024,-14.12446
-1.4306186,1.5403988,-14.124559
-1.4318682,1.5401952,-14.124659
-1.4331177,1.5399916,-14.124758
-1.4343673,1.539788,-14.124857
-1.4356169,1.5395844,-14.124956
-1.4368664,1.5393808,-14.125055
-1.438116,1.5391772,-14.1251545
-1.4393655,1.5389736,-14.125254
-1.440615,1.53877,-14.125353
-1.4418646,1.5385664,-14.125452
-1.4431142,1.5383627,-14.125551
-1.4443637,1.5381591,-14.12565
-1.4456133,1.5379555,-14.12575
-1.4468628,1.5377519,-14.125849
-1.4481124,1.5375483,-14.125948
-1.4493619,1.5373447,-14.126047
-1.4506115,1.5371411,-14.126146
-1.451861,1.5369375,-14.1262455
-1.4531106,1.5367339,-14.126345
-1.4545139,1.5364645,-14.126492
-1.4559172,1.536195,-14.126638
-1.4573206,1.5359256,-14.126785
-1.4587239,1.5356562,-14.126932
-1.4601272,1.5353868,-14.127079
-1.4615306,1.5351174,-14.127226
-1.4629339,1.534848,-14.127373
-1.4643371,1.5345771,-14.127519
-1.4657402,1.5343049,-14.127664
-1.4671433,1.5340326,-14.127809
-1.4685464,1.5337603,-14.127954
-1.4699495,1.533488,-14.1280985
-1.4713526,1.5332158,-14.128243
-1.4727557,1.5329435,-14.128388
-1.4741588,1.5326712,-14.128533
-1.4755977,1.5323734,-14.128696
-1.4770726,1.5320501,-14.128878
-1.4785475,1.5317268,-14.129059
-1.4800223,1.5314035,-14.12924
-1.4814972,1.5310802,-14.129421
-1.482972,1.530757,-14.129602
-1.4844469,1.5304337,-14.129784
-1.4859217,1.5301104,-14.129965
-1.4873966,1.5297871,-14.130146
-1.4888715,1.5294638,-14.130327
-1.4903463,1.5291405,-14.130508
-1.4918212,1.5288172,-14.13069
-1.493296,1.5284939,-14.130871
-1.4947709,1.5281706,-14.131052
-1.4962457,1.5278473,-14.131233
-1.4977206,1.527524,-14.131414
-1.4991955,1.5272007,-14.131596
-1.5006703,1.5268774,-14.131777
-1.5021452,1.5265541,-14.131958
-1.50362,1.5262308,-14.132139
-1.5050949,1.5259075,-14.13232
-1.5065697,1.5255842,-14.132502
-1.5080446,1.5252609,-14.132683
-1.5095195,1.5249376,-14.132864
-1.5109943,1.5246143,-14.133045
-1.5124692,1.524291,-14.133226
-1.513944,1.5239677,-14.133408
-1.5154189,1.5236444,-14.133589
-1.5168937,1.5233212,-14.13377
-1.5183686,1.5229979,-14.133951
-1.5198435,1.5226746,-14.134132
-1.5213183,1.5223513,-14.134314
-1.5227932,1.522028,-14.134495
-1.524268,1.5217047,-14.134676
-1.5257429,1.5213814,-14.134857
-1.5272177,1.5210581,-14.135038
-1.5286926,1.5207348,-14.13522
-1.5301931,1.5204232,-14.135389
-1.5317192,1.5201232,-14.135548
-1.5330718,1.5198307,-14.1357155
-1.5344243,1.5195382,-14.135883
-1.5357769,1.5192456,-14.136051
-1.5371294,1.5189531,-14.136219
-1.538482,1.5186605,-14.136387
-1.5398345,1.518368,-14.136555
-1.541187,1.5180755,-14.136723
-1.5425396,1.5177829,-14.13689
-1.5438921,1.5174904,-14.137058
-1.5452447,1.5171978,-14.137226
-1.5465972,1.5169053,-14.137394
-1.5479498,1.5166128,-14.137562
-1.5493023,1.5163202,-14.13773
-1.5506549,1.5160277,-14.1378975
-1.5520077,1.5157369,-14.138066
-1.5533607,1.515448,-14.138236
-1.5547137,1.515159,-14.138406
-1.5560668,1.51487,-14.138576
-1.5574198,1.5145811,-14.138745
-1.5587728,1.5142921,-14.138915
-1.5601258,1.5140032,-14.139085
-1.5614789,1.5137142,-14.139255
-1.5628319,1.5134252,-14.139424
-1.5641849,1.5131363,-14.139594
-1.5655379,1.5128473,-14.139764
-1.566891,1.5125583,-14.139934
-1.568244,1.5122694,-14.140103
-1.569597,1.5119804,-14.140273
-1.57095,1.5116915,-14.140443
-1.572303,1.5114025,-14.140613
-1.5736561,1.5111135,-14.140782
-1.5750091,1.5108246,-14.140952
-1.5763621,1.5105356,-14.141122
-1.5777152,1.5102466,-14.141292
-1.5790682,1.5099577,-14.141461
-1.5804212,1.5096687,-14.141631
-1.5817742,1.5093797,-14.141801
-1.5831273,1.5090908,-14.141971
-1.5844803,1.5088018,-14.14214
-1.5858333,1.5085129,-14.14231
-1.5871863,1.5082239,-14.14248
-1.5885394,1.5079349,-14.14265
-1.5898924,1.507646,-14.142819
-1.5912454,1.507357,-14.142989
-1.5925984,1.507068,-14.143159
-1.5939515,1.5067791,-14.143329
-1.5953045,1.5064901,-14.143498
-1.5966575,1.5062011,-14.143668
-1.5980105,1.5059122,-14.143838
-1.5993636,1.5056232,-14.144008
-1.6007166,1.5053343,-14.144177
-1.6021521,1.5050308,-14.144359
-1.6035876,1.5047272,-14.14454
-1.6050231,1.5044237,-14.144721
-1.6064587,1.5041202,-14.144902
-1.6078942,1.5038167,-14.145083
-1.6093297,1.5035132,-14.145265
-1.6107652,1.5032097,-14.145446
-1.6122735,1.5028623,-14.145667
-1.6137817,1.502515,-14.145888
-1.6152899,1.5021676,-14.14611
-1.6167982,1.5018202,-14.146331
-1.6183064,1.5014728,-14.146552
-1.6198146,1.5011255,-14.146773
-1.6213229,1.5007781,-14.146995
-1.6228311,1.5004307,-14.147216
-1.6243393,1.5000833,-14.147437
-1.6258476,1.499736,-14.147658
-1.6273558,1.4993886,-14.14788
-1.628864,1.4990412,-14.148101
-1.6303723,1.4986938,-14.148322
-1.6318805,1.4983464,-14.148543
-1.6333888,1.4979991,-14.148765
-1.634897,1.4976517,-14.148986
-1.6365032,1.49727,-14.149235
-1.6382074,1.496854,-14.149511
-1.6399117,1.4964379,-14.149788
-1.6416159,1.4960219,-14.150064
-1.6433201,1.4956058,-14.150341
-1.6450243,1.4951898,-14.150618
-1.6467285,1.4947737,-14.150894
-1.6484327,1.4943577,-14.151171
-1.650137,1.4939417,-14.151447
-1.6518412,1.4935256,-14.151724
-1.6535454,1.4931096,-14.152
-1.6552496,1.4926935,-14.152277
-1.6569538,1.4922775,-14.152554
-1.658658,1.4918615,-14.15283
-1.6603622,1.4914454,-14.153107
-1.6620665,1.4910294,-14.153383
-1.6637707,1.4906133,-14.15366
-1.6654749,1.4901973,-14.153936
-1.6671791,1.4897813,-14.154213
-1.6688833,1.4893652,-14.1544895
-1.6705875,1.4889492,-14.154766
-1.6722918,1.4885331,-14.155043
-1.673996,1.4881171,-14.155319
-1.6757002,1.487701,-14.155596
-1.6774044,1.487285,-14.155872
-1.6791086,1.486869,-14.156149
-1.6808128,1.4864529,-14.156425
-1.682517,1.4860369,-14.156702
-1.6842213,1.4856209,-14.156979
-1.6859255,1.4852048,-14.157255
-1.6876297,1.4847888,-14.157532
-1.6893339,1.4843727,-14.157808
-1.6910381,1.4839567,-14.158085
-1.6927423,1.4835407,-14.158361
-1.6944466,1.4831246,-14.158638
-1.6961508,1.4827086,-14.158915
-1.697855,1.4822925,-14.159191
-1.6996322,1.4818321,-14.159506
-1.7014093,1.4813718,-14.159821
-1.7031865,1.4809114,-14.160135
-1.7049637,1.480451,-14.16045
-1.7067409,1.4799906,-14.160765
-1.708518,1.4795302,-14.161079
-1.7102952,1.4790698,-14.161394
-1.7119952,1.478642,-14.161685
-1.7136182,1.4782467,-14.161952
-1.7152411,1.4778514,-14.162219
-1.716864,1.4774561,-14.162486
-1.7184869,1.4770608,-14.162753
-1.7201098,1.4766655,-14.16302
-1.7217327,1.4762702,-14.163287
-1.723371,1.4758548,-14.16357
-1.7250247,1.4754192,-14.16387
-1.7266784,1.4749836,-14.164169
-1.728332,1.474548,-14.164469
-1.7299857,1.4741124,-14.164768
-1.7316394,1.4736768,-14.165068
-1.733293,1.4732412,-14.165367
-1.7349467,1.4728056,-14.165667
-1.7366004,1.47237,-14.165966
-1.7382541,1.4719344,-14.1662655
-1.7399077,1.4714988,-14.166565
-1.7415614,1.4710633,-14.166864
-1.7432151,1.4706277,-14.167164
-1.7448688,1.4701921,-14.167463
-1.7465224,1.4697565,-14.167763
-1.7481761,1.4693209,-14.168062
-1.7498298,1.4688853,-14.168362
-1.7514834,1.4684497,-14.168661
-1.7531371,1.4680141,-14.168961
-1.7547908,1.4675785,-14.16926
-1.7564445,1.4671429,-14.1695595
-1.7580981,1.4667073,-14.169859
-1.7597518,1.4662718,-14.170158
-1.7614055,1.4658362,-14.170458
-1.7630591,1.4654006,-14.170757
-1.7647128,1.464965,-14.171057
-1.7663665,1.4645294,-14.171356
-1.7680202,1.4640938,-14.171656
-1.7696738,1.4636582,-14.171955
-1.7713275,1.4632226,-14.172255
-1.7729812,1.462787,-14.172554
-1.7746348,1.4623514,-14.172853
-1.7762885,1.4619159,-14.173153
-1.7779422,1.4614803,-14.173452
-1.7795959,1.4610447,-14.173752
-1.7812495,1.4606091,-14.174051
-1.7829032,1.4601735,-14.174351
-1.7845569,1.4597379,-14.17465
-1.7862105,1.4593023,-14.17495
-1.7876685,1.4589373,-14.175196
-1.7889673,1.4586219,-14.175406
-1.7901069,1.458356,-14.175582
-1.7912465,1.4580902,-14.175757
-1.7923862,1.4578243,-14.175933
-1.7935258,1.4575585,-14.176108
-1.7946655,1.4572927,-14.176284
-1.7958051,1.4570268,-14.176459
-1.7969447,1.456761,-14.176635
-1.7980844,1.4564952,-14.17681
-1.799224,1.4562293,-14.176986
-1.8003637,1.4559635,-14.177161
-1.8015033,1.4556977,-14.177337
-1.802643,1.4554318,-14.177512
-1.8037826,1.455166,-14.177688
-1.8049222,1.4549001,-14.177863
-1.8059026,1.4546833,-14.178004
-1.8071343,1.4544315,-14.1781645
-1.808366,1.4541798,-14.178325
-1.8095976,1.453928,-14.178485
-1.8108293,1.4536762,-14.178645
-1.812061,1.4534245,-14.178805
-1.8132926,1.4531727,-14.178966
-1.8145243,1.4529209,-14.179126
-1.815756,1.4526691,-14.179286
-1.8169876,1.4524174,-14.179446
-1.8182193,1.4521656,-14.179606
-1.819451,1.4519138,-14.179767
-1.8206826,1.4516621,-14.179927
-1.8219143,1.4514103,-14.180087
-1.823146,1.4511585,-14.180247
-1.8243777,1.4509068,-14.180408
-1.8256093,1.450655,-14.180568
-1.826841,1.4504032,-14.180728
-1.8280727,1.4501514,-14.180888
-1.8293043,1.4498997,-14.181048
-1.830536,1.4496479,-14.181209
-1.8317677,1.4493961,-14.181369
-1.8329993,1.4491444,-14.181529
-1.834231,1.4488926,-14.181689
-1.8354627,1.4486408,-14.1818495
-1.8365301,1.448422,-14.181987
-1.8375154,1.4482195,-14.182113
-1.8385006,1.4480171,-14.182239
-1.8394859,1.4478147,-14.182364
-1.8404711,1.4476123,-14.18249
-1.8414564,1.4474099,-14.182616
-1.8426055,1.4471726,-14.182761
-1.8436313,1.4469604,-14.18289
-1.8446571,1.4467483,-14.183019
-1.8456829,1.4465361,-14.183147
-1.8467087,1.4463239,-14.183276
-1.8477345,1.4461117,-14.183405
-1.8487602,1.4458995,-14.183534
-1.849786,1.4456873,-14.183662
-1.8508118,1.4454751,-14.183791
-1.8518376,1.4452629,-14.18392
-1.8528634,1.4450507,-14.184049
-1.8538892,1.4448385,-14.184177
-1.854915,1.4446263,-14.184306
-1.8559408,1.4444141,-14.184435
-1.8570077,1.4441938,-14.18457
-1.8579929,1.4439917,-14.1847
-1.8590388,1.4438404,-14.184776
-1.8600245,1.4436387,-14.184902
-1.8610101,1.443437,-14.185028
-1.8619957,1.4432353,-14.185154
-1.8629813,1.4430336,-14.18528
-1.863967,1.4428319,-14.185406
-1.8649526,1.4426302,-14.185532
-1.8659564,1.4424849,-14.185594
-1.8669993,1.4424548,-14.185548
-1.8680421,1.4424248,-14.185502
-1.869041,1.4422628,-14.185576
-1.8700252,1.4420568,-14.185691
-1.8710093,1.4418508,-14.185805
-1.8719935,1.4416448,-14.18592
-1.8729777,1.4414388,-14.186041
-1.8739619,1.4412328,-14.186178
-1.8750598,1.4410437,-14.186292
-1.8761978,1.4409078,-14.186343
-1.8773358,1.4407719,-14.186395
-1.8784738,1.440636,-14.186446
-1.8796117,1.4405001,-14.186498
-1.8807497,1.4403642,-14.186549
-1.8818877,1.4402283,-14.186601
-1.8830256,1.4400924,-14.186652
-1.8841636,1.4399565,-14.186704
-1.8853016,1.4398206,-14.186755
-1.8864396,1.4396847,-14.186807
-1.8875775,1.4395489,-14.186858
-1.8887155,1.439413,-14.18691
-1.8897841,1.439197,-14.187043
-1.8908527,1.4389809,-14.187177
-1.8919213,1.4387649,-14.18731
-1.8930928,1.4385288,-14.187456
-1.8942028,1.4383063,-14.187593
-1.8953129,1.4380839,-14.187731
-1.896423,1.4378614,-14.187868
-1.897533,1.437639,-14.188005
-1.8986226,1.4374213,-14.18814
-1.8996712,1.4372132,-14.188269
-1.9007198,1.437005,-14.188397
-1.9017683,1.4367969,-14.188526
-1.9028169,1.4365888,-14.188655
-1.9038655,1.4363806,-14.188784
-1.904914,1.4361725,-14.188912
-1.9059626,1.4359643,-14.189041
-1.9070112,1.4357562,-14.18917
-1.9080597,1.4355481,-14.189299
-1.9091083,1.4353399,-14.189427
-1.9101568,1.4351318,-14.189556
-1.9112054,1.4349236,-14.189685
-1.912254,1.4347155,-14.189814
-1.9133025,1.4345074,-14.189942
-1.9143511,1.4342992,-14.190071
-1.9153997,1.4340911,-14.1902
-1.9164482,1.433883,-14.190329
-1.9174968,1.4336748,-14.190457
-1.9185454,1.4334667,-14.190586
-1.9195939,1.4332585,-14.190715
-1.9206425,1.4330504,-14.190844
-1.9216911,1.4328423,-14.190972
-1.9227396,1.4326341,-14.191101
-1.9237882,1.432426,-14.19123
-1.9250014,1.4321846,-14.191379
-1.926153,1.4319552,-14.19152
-1.9273045,1.4317259,-14.191661
-1.9283943,1.4315087,-14.191794
-1.929525,1.4312828,-14.191933
-1.9306557,1.4310569,-14.192071
-1.9317864,1.430831,-14.192209
-1.9329171,1.430605,-14.192348
-1.9340478,1.4303792,-14.192486
-1.935158,1.4301575,-14.192622
-1.9361862,1.4299531,-14.192751
-1.9372144,1.4297487,-14.19288
-1.9382426,1.4295442,-14.193008
-1.9392707,1.4293398,-14.193137
-1.9402989,1.4291353,-14.193266
-1.9413271,1.4289309,-14.193395
-1.9423553,1.4287264,-14.193523
-1.9433835,1.428522,-14.193652
-1.9444116,1.4283175,-14.193781
-1.9454398,1.4281131,-14.19391
-1.946468,1.4279087,-14.194038
-1.9474962,1.4277042,-14.194167
-1.9485244,1.4274998,-14.194296
-1.9495525,1.4272953,-14.194425
-1.9505807,1.4270911,-14.194553
-1.9516704,1.4268737,-14.194688
-1.9528011,1.4266472,-14.194826
-1.9539318,1.4264207,-14.194964
-1.9550625,1.4261942,-14.195103
-1.9561932,1.4259677,-14.195241
-1.9573239,1.4257412,-14.195379
-1.9584134,1.4255214,-14.195513
-1.9595644,1.4252887,-14.195654
-1.9607155,1.425056,-14.195795
-1.9618666,1.4248233,-14.195936
-1.9630177,1.4245906,-14.196077
-1.9641688,1.4243579,-14.1962185
-1.9653199,1.4241252,-14.19636
-1.966471,1.4238925,-14.196501
-1.967622,1.4236598,-14.196642
-1.9687731,1.4234271,-14.196783
-1.9699242,1.4231944,-14.196924
-1.9710753,1.4229617,-14.197065
-1.9722264,1.422729,-14.1972065
-1.9733775,1.4224963,-14.197348
-1.9745286,1.4222636,-14.197489
-1.9756796,1.4220309,-14.19763
-1.9768307,1.4217982,-14.197771
-1.9779818,1.4215655,-14.197912
-1.9791123,1.4213365,-14.1980505
-1.9802014,1.4211137,-14.198182
-1.981352,1.4208763,-14.198319
-1.9825026,1.4206388,-14.198457
-1.9836532,1.4204013,-14.198594
-1.9848038,1.4201639,-14.198731
-1.9859544,1.4199264,-14.198869
-1.987105,1.4196889,-14.199006
-1.9882556,1.4194515,-14.199143
-1.9894062,1.419214,-14.199281
-1.9905568,1.4189765,-14.199418
-1.9917074,1.4187391,-14.199555
-1.9928626,1.4185147,-14.1996765
-1.9940313,1.4183297,-14.199749
-1.9952,1.4181447,-14.199821
-1.9963688,1.4179597,-14.199894
-1.9975375,1.4177747,-14.199966
-1.9987062,1.4175897,-14.200039
-1.999875,1.4174047,-14.200111
-2.001044,1.4172196,-14.200184
-2.0022132,1.4170346,-14.200256
-2.0033824,1.4168496,-14.200329
-2.0045516,1.4166646,-14.200401
-2.0057209,1.4164796,-14.200474
-2.00689,1.4162946,-14.200546
-2.0080593,1.4161096,-14.200619
-2.0092285,1.4159245,-14.200691
-2.0103977,1.4157395,-14.200764
-2.0115669,1.4155545,-14.200836
-2.012736,1.4153695,-14.200909
-2.0139053,1.4151845,-14.200981
-2.0151353,1.4149841,-14.201059
-2.0163856,1.4147786,-14.201139
-2.0176358,1.4145731,-14.20122
-2.018886,1.4143676,-14.2013
-2.0201569,1.414157,-14.201382
-2.021156,1.4139879,-14.2014475
-2.0221553,1.4138187,-14.201513
-2.0231545,1.4136496,-14.201579
-2.0241537,1.4134804,-14.201645
-2.025153,1.4133112,-14.201711
-2.0261521,1.4131421,-14.2017765
-2.0271513,1.4129729,-14.201842
-2.0281506,1.4128038,-14.201908
-2.0291498,1.4126346,-14.201974
-2.030149,1.4124655,-14.20204
-2.0311482,1.4122963,-14.2021055
-2.0321474,1.4121271,-14.202171
-2.0331466,1.411958,-14.202237
-2.0341458,1.4117888,-14.202303
-2.035145,1.4116197,-14.202369
-2.0361443,1.4114505,-14.202435
-2.0371435,1.4112813,-14.2025
-2.0381427,1.4111122,-14.202566
-2.039142,1.410943,-14.202632
-2.040141,1.4107739,-14.202698
-2.0411403,1.4106047,-14.202764
-2.0421395,1.4104356,-14.202829
-2.0431387,1.4102664,-14.202895
-2.044138,1.4100972,-14.202961
-2.0451686,1.4098907,-14.203061
-2.046215,1.4096653,-14.203178
-2.0472615,1.40944,-14.203296
-2.048308,1.4092147,-14.203413
-2.0493543,1.4089894,-14.20353
-2.05064,1.4087555,-14.203627
-2.0517063,1.4085224,-14.203745
-2.0527725,1.4082892,-14.203863
-2.0538387,1.408056,-14.203981
-2.054905,1.4078228,-14.2041
-2.0559711,1.4075897,-14.204218
-2.0570374,1.4073565,-14.204336
-2.0581036,1.4071233,-14.204454
-2.0591698,1.4068902,-14.204573
-2.060236,1.406657,-14.204691
-2.0613022,1.4064238,-14.204809
-2.0623684,1.4061906,-14.204927
-2.0634346,1.4059575,-14.205046
-2.0645008,1.4057243,-14.205164
-2.065567,1.4054911,-14.205282
-2.0666332,1.4052579,-14.2054
-2.0676994,1.4050248,-14.205519
-2.0687656,1.4047916,-14.205637
-2.0698318,1.4045584,-14.205755
-2.0709076,1.4043515,-14.205843
-2.0719929,1.4041708,-14.2059
-2.0730782,1.40399,-14.205957
-2.0741634,1.4038093,-14.206015
-2.0753095,1.4036132,-14.206078
-2.0764759,1.403412,-14.206142
-2.0776422,1.4032108,-14.206207
-2.0788085,1.4030095,-14.206272
-2.0799444,1.4028479,-14.206301
-2.0810802,1.4026862,-14.206329
-2.082216,1.4025246,-14.206358
-2.0833519,1.402363,-14.206387
-2.0844877,1.4022013,-14.206415
-2.0856235,1.4020396,-14.206444
-2.0867593,1.401878,-14.206472
-2.0878952,1.4017164,-14.206501
-2.089031,1.4015547,-14.20653
-2.0901668,1.401393,-14.206558
-2.0913026,1.4012314,-14.206587
-2.0924385,1.4010698,-14.206615
-2.0935743,1.4009081,-14.206644
-2.09471,1.4007465,-14.206673
-2.095846,1.4005848,-14.206701
-2.0969818,1.4004232,-14.20673
-2.0981176,1.4002615,-14.2067585
-2.0992534,1.4000999,-14.206787
-2.1003892,1.3999382,-14.206816
-2.101525,1.3997766,-14.206844
-2.102661,1.3996149,-14.206873
-2.1037967,1.3994533,-14.206902
-2.1049325,1.3992916,-14.20693
-2.1060684,1.39913,-14.206959
-2.1072407,1.398947,-14.207007
-2.108486,1.3987213,-14.207096
-2.1097312,1.3984957,-14.207185
-2.1109765,1.39827,-14.2072735
-2.1122217,1.3980443,-14.207362
-2.1135082,1.3978117,-14.207456
-2.1148772,1.3975649,-14.207559
-2.1162462,1.3973181,-14.207662
-2.1176152,1.3970714,-14.207765
-2.1189842,1.3968246,-14.207868
-2.1203787,1.3965889,-14.207958
-2.1218243,1.3963754,-14.208024
-2.1232698,1.3961619,-14.20809
-2.1247153,1.3959484,-14.208156
-2.1261609,1.3957349,-14.208221
-2.1276064,1.3955214,-14.208287
-2.129052,1.3953079,-14.208353
-2.1304975,1.3950944,-14.208419
-2.131943,1.3948809,-14.208485
-2.1333885,1.3946674,-14.20855
-2.134834,1.3944539,-14.208616
-2.1362796,1.3942404,-14.208682
-2.137725,1.3940269,-14.208748
-2.1391706,1.3938134,-14.208814
-2.1406162,1.3935999,-14.208879
-2.1420617,1.3933864,-14.208945
-2.1435072,1.3931729,-14.209011
-2.1449528,1.3929594,-14.209077
-2.1463983,1.3927459,-14.209143
-2.1478438,1.3925323,-14.2092085
-2.1492894,1.3923188,-14.209274
-2.150735,1.3921053,-14.20934
-2.1521804,1.3918918,-14.209406
-2.153626,1.3916783,-14.209472
-2.1550715,1.3914648,-14.2095375
-2.1563182,1.3912495,-14.209629
-2.1574419,1.3910605,-14.209707
-2.158504,1.3908845,-14.209779
-2.1595662,1.3907086,-14.20985
-2.1606283,1.3905326,-14.209922
-2.1616905,1.3903567,-14.209993
-2.1627526,1.3901807,-14.210065
-2.1638148,1.3900048,-14.210136
-2.164877,1.3898288,-14.210208
-2.165939,1.3896528,-14.210279
-2.1670012,1.3894769,-14.210351
-2.1680634,1.389301,-14.2104225
-2.1691256,1.389125,-14.210494
-2.1701877,1.388949,-14.210566
-2.1712499,1.3887731,-14.210637
-2.172271,1.3886061,-14.210705
-2.1735232,1.3884072,-14.210785
-2.1747754,1.3882084,-14.210865
-2.1760275,1.3880095,-14.210945
-2.1772797,1.3878107,-14.211025
-2.178532,1.3876119,-14.211105
-2.179784,1.387413,-14.211185
-2.1810362,1.3872142,-14.211266
-2.1822884,1.3870153,-14.211346
-2.1835406,1.3868165,-14.211426
-2.1847928,1.3866177,-14.211506
-2.186045,1.3864188,-14.211586
-2.187297,1.38622,-14.211666
-2.1885493,1.3860211,-14.211746
-2.1898015,1.3858223,-14.211826
-2.1910536,1.3856235,-14.211906
-2.1923058,1.3854246,-14.211987
-2.193558,1.3852258,-14.212067
-2.1945634,1.3850788,-14.212118
-2.1955504,1.3848792,-14.212233
-2.1965375,1.3846797,-14.212347
-2.1975245,1.3844801,-14.212461
-2.1985116,1.3842806,-14.212576
-2.1995168,1.3841356,-14.212629
-2.2005582,1.3840998,-14.212561
-2.2015996,1.3840641,-14.212492
-2.202641,1.3840283,-14.212423
-2.2036824,1.3839926,-14.212355
-2.2047238,1.3839568,-14.212286
-2.2057567,1.3838936,-14.212248
-2.2067435,1.3836933,-14.21235
-2.2077277,1.3834931,-14.212441
-2.208736,1.3832908,-14.21255
-2.209724,1.3830981,-14.212672
-2.210787,1.3829348,-14.212754
-2.2118285,1.3829076,-14.212686
-2.21287,1.3828804,-14.212617
-2.2139113,1.3828533,-14.212548
-2.2149527,1.3828261,-14.21248
-2.2159941,1.3827989,-14.212411
-2.2170105,1.3827623,-14.212356
-2.2179985,1.3825754,-14.212478
-2.2189863,1.3823887,-14.212601
-2.2199705,1.3822056,-14.212738
-2.2209606,1.3820237,-14.212875
-2.2219563,1.3818463,-14.213013
-2.2229824,1.3817748,-14.213013
-2.223998,1.3816746,-14.213038
-2.224988,1.381493,-14.213159
-2.225978,1.3813113,-14.213279
-2.226985,1.3811816,-14.213332
-2.227992,1.3810519,-14.213386
-2.2289991,1.3809222,-14.213439
-2.2300062,1.3807925,-14.213492
-2.2310133,1.3806628,-14.213546
-2.2320204,1.3805331,-14.213599
-2.2330275,1.3804034,-14.213653
-2.2340345,1.3802737,-14.213706
-2.2350416,1.380144,-14.213759
-2.2360487,1.3800143,-14.213813
-2.2370558,1.3798846,-14.213866
-2.2380629,1.3797549,-14.21392
-2.23907,1.3796252,-14.213973
-2.240077,1.3794955,-14.214026
-2.241084,1.3793658,-14.21408
-2.2420912,1.3792361,-14.214133
-2.2430983,1.3791064,-14.214187
-2.2441053,1.3789767,-14.21424
-2.2452362,1.3788245,-14.214308
-2.2462392,1.3786823,-14.214377
-2.2473042,1.3785288,-14.214455
-2.2483692,1.3783754,-14.214532
-2.2494342,1.378222,-14.214609
-2.2504992,1.3780686,-14.214686
-2.2515643,1.3779151,-14.214764
-2.2526293,1.3777617,-14.214841
-2.2536943,1.3776083,-14.214918
-2.2547593,1.3774549,-14.214995
-2.2558036,1.3773047,-14.21507
-2.2568064,1.3771609,-14.215138
-2.2578092,1.3770171,-14.215207
-2.258812,1.3768734,-14.215276
-2.2598147,1.3767296,-14.215344
-2.2608175,1.3765858,-14.215413
-2.2618203,1.3764421,-14.215482
-2.262823,1.3762983,-14.21555
-2.263826,1.3761545,-14.215619
-2.2648287,1.3760108,-14.215688
-2.2658315,1.375867,-14.215756
-2.2668343,1.3757232,-14.215825
-2.267837,1.3755795,-14.215894
-2.2688398,1.3754357,-14.215962
-2.2698426,1.375292,-14.216031
-2.2708454,1.3751482,-14.2161
-2.2718482,1.3750044,-14.216168
-2.272851,1.3748606,-14.216237
-2.2738538,1.3747169,-14.216306
-2.2748566,1.3745731,-14.216374
-2.2758594,1.3744293,-14.216443
-2.2768621,1.3742856,-14.216512
-2.277865,1.3741418,-14.21658
-2.2788677,1.373998,-14.216649
-2.2798705,1.3738543,-14.216718
-2.2810926,1.3737112,-14.2167635
-2.2821999,1.3736168,-14.2167635
-2.283307,1.3735224,-14.2167635
-2.2844143,1.373428,-14.2167635
-2.2855215,1.3733336,-14.2167635
-2.2867234,1.3731946,-14.216805
-2.2878797,1.3730503,-14.216858
-2.289036,1.3729061,-14.21691
-2.2901924,1.3727618,-14.216963
-2.2913487,1.3726176,-14.217015
-2.292505,1.3724734,-14.217068
-2.2936614,1.3723291,-14.21712
-2.2948177,1.3721849,-14.217173
-2.295974,1.3720406,-14.217225
-2.2971303,1.3718964,-14.217278
-2.2982867,1.3717521,-14.21733
-2.299443,1.3716079,-14.217382
-2.3005993,1.3714637,-14.217435
-2.3017557,1.3713194,-14.217487
-2.3028708,1.3711832,-14.217535
-2.3040109,1.371058,-14.217569
-2.305151,1.3709328,-14.217604
-2.3061879,1.3707569,-14.217712
-2.3071797,1.3705757,-14.217834
-2.3081715,1.3703945,-14.217957
-2.3091633,1.3702133,-14.218079
-2.3101552,1.3700321,-14.218201
-2.3111498,1.3698494,-14.218334
-2.3120668,1.3701086,-14.217957
-2.312918,1.3704369,-14.217503
-2.3139272,1.3703676,-14.217507
-2.314902,1.3701884,-14.217642
-2.3158977,1.3700119,-14.217779
-2.3168933,1.3698405,-14.2179165
-2.317889,1.3696746,-14.218054
-2.3188846,1.3695116,-14.218191
-2.3199182,1.3693429,-14.21832
-2.32091,1.3691808,-14.218442
-2.3219018,1.3690187,-14.218564
-2.3228936,1.3688565,-14.218686
-2.3239603,1.3687247,-14.21877
-2.324953,1.3685602,-14.21889
-2.3259459,1.3683957,-14.21901
-2.3269386,1.3682312,-14.2191305
-2.3279314,1.3680667,-14.219251
-2.3289282,1.367915,-14.219356
-2.3299453,1.3678278,-14.219384
-2.3309624,1.3677405,-14.219413
-2.3319795,1.3676533,-14.219441
-2.3329966,1.367566,-14.21947
-2.3340137,1.3674787,-14.219499
-2.3350308,1.3673915,-14.219527
-2.336048,1.3673042,-14.219556
-2.337065,1.367217,-14.219584
-2.338082,1.3671297,-14.219613
-2.3390992,1.3670424,-14.219642
-2.3401163,1.3669552,-14.21967
-2.3411334,1.3668679,-14.219699
-2.3422542,1.366761,-14.219737
-2.3433957,1.3666501,-14.219777
-2.3444047,1.366533,-14.219833
-2.3453965,1.3663604,-14.219952
-2.3463883,1.3661878,-14.22007
-2.3473802,1.3660152,-14.220188
-2.348372,1.3658426,-14.220306
-2.3493638,1.36567,-14.220425
-2.3503556,1.3654974,-14.220543
-2.3513474,1.3653247,-14.220661
-2.3523393,1.3651521,-14.220779
-2.3533483,1.3650339,-14.220837
-2.3543572,1.3649156,-14.220894
-2.3553662,1.3647974,-14.220951
-2.3563752,1.3646791,-14.221008
-2.3573842,1.3645608,-14.2210655
-2.3583932,1.3644426,-14.221123
-2.3594022,1.3643243,-14.22118
-2.3604112,1.3642061,-14.221237
-2.3614202,1.3640878,-14.221294
-2.3624291,1.3639696,-14.221352
-2.3634381,1.3638513,-14.221409
-2.364447,1.363733,-14.221466
-2.365456,1.3636148,-14.221523
-2.366465,1.3634965,-14.2215805
-2.367474,1.3633783,-14.221638
-2.368483,1.36326,-14.221695
-2.369492,1.3631418,-14.221752
-2.370501,1.3630235,-14.221809
-2.37151,1.362906,-14.221867
-2.372519,1.3627887,-14.221924
-2.373528,1.3626714,-14.221981
-2.374537,1.3625541,-14.222038
-2.3756945,1.3624247,-14.2220955
-2.376852,1.3622954,-14.222153
-2.377968,1.362173,-14.222204
-2.379022,1.3620609,-14.222247
-2.3800757,1.3619488,-14.22229
-2.3811295,1.3618368,-14.222333
-2.3821833,1.3617247,-14.222376
-2.3832371,1.3616127,-14.222419
-2.384291,1.3615006,-14.222462
-2.3853447,1.3613886,-14.222505
-2.3863986,1.3612765,-14.222548
-2.3874524,1.3611645,-14.22259
-2.3885062,1.3610524,-14.222633
-2.38956,1.3609403,-14.222676
-2.3906138,1.3608283,-14.222719
-2.3916676,1.3607162,-14.222762
-2.3927214,1.3606042,-14.222805
-2.3937714,1.3604797,-14.222864
-2.3947856,1.3605958,-14.222667
-2.3957875,1.3607427,-14.222436
-2.3967912,1.360618,-14.222541
-2.3977869,1.3604697,-14.222678
-2.3987825,1.3603253,-14.2228155
-2.3997781,1.3601801,-14.222947
-2.4007738,1.3600352,-14.223077
-2.4017694,1.3598902,-14.2232065
-2.402765,1.3597453,-14.223336
-2.4037607,1.3596003,-14.223466
-2.4047563,1.3594553,-14.223596
-2.405752,1.3593104,-14.223725
-2.4067476,1.3591654,-14.223855
-2.4077432,1.3590205,-14.223985
-2.4087389,1.3588755,-14.224113
-2.409925,1.3587171,-14.224249
-2.4109359,1.358627,-14.224314
-2.4119468,1.3585368,-14.224379
-2.4129577,1.3584467,-14.224443
-2.4139686,1.3583566,-14.224508
-2.4149795,1.3582665,-14.224573
-2.4159904,1.3581764,-14.224638
-2.4171257,1.3580693,-14.224718
-2.4183855,1.3579453,-14.224813
-2.4196453,1.3578213,-14.224909
-2.420905,1.3576974,-14.225004
-2.422165,1.3575734,-14.2251
-2.4234247,1.3574494,-14.225195
-2.4246845,1.3573254,-14.22529
-2.4259443,1.3572015,-14.225386
-2.4270144,1.3570927,-14.225474
-2.4280844,1.356984,-14.225563
-2.4291544,1.3568753,-14.225652
-2.4302244,1.3567666,-14.22574
-2.4312944,1.3566579,-14.225829
-2.4323645,1.3565491,-14.225918
-2.4334345,1.3564404,-14.2260065
-2.4345045,1.3563317,-14.226095
-2.4355745,1.356223,-14.226184
-2.4366446,1.3561143,-14.226273
-2.4377146,1.356006,-14.226361
-2.4387846,1.3558987,-14.22645
-2.4398546,1.3557914,-14.226539
-2.4409246,1.3556842,-14.226627
-2.4419947,1.3555769,-14.226716
-2.4430647,1.3554696,-14.226805
-2.4441347,1.3553623,-14.226893
-2.4452047,1.355255,-14.226982
-2.4462748,1.3551477,-14.227071
-2.4473448,1.3550404,-14.2271595
-2.4484148,1.3549331,-14.227248
-2.4494848,1.3548259,-14.227337
-2.4505548,1.3547186,-14.227426
-2.4516249,1.3546113,-14.227514
-2.452695,1.354504,-14.227603
-2.453848,1.354386,-14.227703
-2.4550424,1.3542626,-14.227809
-2.4562368,1.3541392,-14.227915
-2.4574313,1.3540158,-14.228021
-2.4586258,1.3538924,-14.228127
-2.4598203,1.3537691,-14.228232
-2.4610147,1.3536457,-14.228338
-2.4622092,1.3535223,-14.228444
-2.4634037,1.3533989,-14.22855
-2.4645982,1.3532755,-14.228656
-2.4657304,1.3531618,-14.228753
-2.4668627,1.3530481,-14.22885
-2.467995,1.3529344,-14.228948
-2.4691272,1.3528206,-14.229045
-2.4702594,1.3527069,-14.229142
-2.4713917,1.3525932,-14.229239
-2.472524,1.3524795,-14.229337
-2.4736562,1.3523657,-14.229434
-2.4747884,1.352252,-14.229531
-2.4759207,1.3521383,-14.229629
-2.477053,1.3520246,-14.229726
-2.4781852,1.3519108,-14.229823
-2.4793174,1.3517971,-14.22992
-2.4804497,1.3516834,-14.230018
-2.4815404,1.3515763,-14.23011
-2.4825482,1.3514826,-14.230193
-2.483556,1.3513889,-14.230276
-2.4845638,1.3512952,-14.230359
-2.4855716,1.3512015,-14.230442
-2.4865794,1.3511078,-14.230525
-2.4875872,1.3510141,-14.230608
-2.488595,1.3509204,-14.230691
-2.4896028,1.3508267,-14.230774
-2.4906106,1.350733,-14.230857
-2.4916184,1.3506393,-14.23094
-2.4926262,1.3505456,-14.231023
-2.493634,1.350452,-14.231106
-2.4946418,1.3503582,-14.231189
-2.4956496,1.3502645,-14.231272
-2.4966574,1.3501709,-14.231355
-2.4976652,1.3500772,-14.231438
-2.498673,1.3499835,-14.231521
-2.4996808,1.3498898,-14.231604
-2.5006886,1.349796,-14.231687
-2.5016963,1.3497024,-14.23177
-2.5027041,1.3496087,-14.231853
-2.503712,1.349515,-14.2319355
-2.5047197,1.3494213,-14.232018
-2.5057275,1.3493276,-14.232101
-2.5067487,1.3492059,-14.232221
-2.5078497,1.3490648,-14.232371
-2.5088677,1.3489355,-14.2325115
-2.5098858,1.3488061,-14.232652
-2.5109038,1.3486768,-14.232792
-2.5119195,1.3487791,-14.232679
-2.512916,1.3489705,-14.23247
-2.5139127,1.349162,-14.23226
