-2.814043,-0.8747721,-16.056408
-2.813321,-0.87403965,-16.056221
-2.8124733,-0.8734063,-16.056114
-2.8116255,-0.87277293,-16.056007
-2.8107777,-0.8721396,-16.0559
-2.8099298,-0.8715062,-16.055794
-2.809082,-0.87087286,-16.055687
-2.8082366,-0.8701433,-16.055532
-2.8074317,-0.8694376,-16.05538
-2.8066268,-0.86873186,-16.055227
-2.8058825,-0.86807156,-16.055082
-2.805038,-0.86730427,-16.054909
-2.8041935,-0.866537,-16.054735
-2.803349,-0.8657697,-16.054562
-2.8025045,-0.8650024,-16.054388
-2.80166,-0.8642351,-16.054214
-2.8008156,-0.8634678,-16.05404
-2.799971,-0.8627005,-16.053867
-2.7991266,-0.86193323,-16.053694
-2.7982821,-0.86116594,-16.05352
-2.7974377,-0.86039865,-16.053347
-2.7965894,-0.85972667,-16.05321
-2.795741,-0.8590547,-16.053072
-2.7948928,-0.8583827,-16.052935
-2.7940433,-0.85774934,-16.052814
-2.7931938,-0.857116,-16.052694
-2.7923443,-0.8564826,-16.052574
-2.7914948,-0.85584927,-16.052454
-2.7906454,-0.8552159,-16.052334
-2.7897959,-0.85458255,-16.052214
-2.7889464,-0.8539492,-16.052094
-2.788097,-0.85331583,-16.051973
-2.7872474,-0.8526825,-16.051853
-2.786398,-0.8520491,-16.051733
-2.7855515,-0.8513396,-16.051584
-2.784746,-0.85065365,-16.051441
-2.784004,-0.8499725,-16.051287
-2.783327,-0.8492409,-16.051092
-2.7826502,-0.8485093,-16.050898
-2.7819734,-0.8477777,-16.050703
-2.781165,-0.84718406,-16.050608
-2.7803338,-0.84656984,-16.050507
-2.779675,-0.8458045,-16.05029
-2.778778,-0.84528,-16.050247
-2.7778811,-0.8447555,-16.050205
-2.7770262,-0.8442355,-16.050156
-2.7763078,-0.84349823,-16.049969
-2.7755687,-0.8427581,-16.049786
-2.774721,-0.84211975,-16.049679
-2.773873,-0.8414814,-16.049572
-2.7730253,-0.840843,-16.049465
-2.7721775,-0.84020466,-16.049358
-2.7713702,-0.8395903,-16.049253
-2.770474,-0.83913684,-16.04925
-2.7694585,-0.8389951,-16.049427
-2.7685697,-0.83840775,-16.049356
-2.7677252,-0.8377677,-16.04925
-2.766858,-0.8371629,-16.049166
-2.7659664,-0.8366312,-16.049124
-2.7650747,-0.83609945,-16.049082
-2.764183,-0.8355677,-16.04904
-2.7632914,-0.835036,-16.048998
-2.7623997,-0.83450425,-16.048956
-2.761508,-0.8339725,-16.048914
-2.7605314,-0.8334686,-16.048906
-2.759618,-0.8329533,-16.048878
-2.7587104,-0.8323235,-16.048792
-2.7577984,-0.83180743,-16.048763
-2.7568843,-0.83134824,-16.048763
-2.7559702,-0.83088905,-16.048763
-2.7550561,-0.83042985,-16.048763
-2.754142,-0.82997066,-16.048763
-2.753228,-0.82951146,-16.048763
-2.7523139,-0.82905227,-16.048763
-2.7513998,-0.8285931,-16.048763
-2.750424,-0.8281247,-16.048775
-2.7494426,-0.8277685,-16.048843
-2.7484612,-0.8274123,-16.048912
-2.7475724,-0.82691306,-16.04889
-2.746686,-0.8263754,-16.048847
-2.7457995,-0.8258378,-16.048805
-2.7448657,-0.8254636,-16.048857
-2.7441142,-0.824804,-16.048725
-2.7434494,-0.82406026,-16.04853
-2.7425907,-0.8234792,-16.048466
-2.741618,-0.82310796,-16.048534
-2.7406452,-0.82273674,-16.048603
-2.7396784,-0.82226926,-16.048634
-2.7387998,-0.8217172,-16.048613
-2.7379212,-0.82116514,-16.048592
-2.7370427,-0.8206131,-16.04857
-2.736164,-0.820061,-16.04855
-2.7352855,-0.81950897,-16.048529
-2.734407,-0.8189569,-16.048508
-2.7334366,-0.8185448,-16.04858
-2.7325127,-0.8180437,-16.048592
-2.7315533,-0.81744146,-16.048561
-2.7306108,-0.8169179,-16.048567
-2.7297075,-0.8164383,-16.048584
-2.728804,-0.81595874,-16.048601
-2.7279007,-0.81547916,-16.048618
-2.7269974,-0.8149996,-16.048635
-2.726094,-0.81452,-16.048653
-2.7251906,-0.8140404,-16.04867
-2.7242873,-0.81356084,-16.048687
-2.723384,-0.8130811,-16.048704
-2.7224805,-0.8126015,-16.048721
-2.7215772,-0.8121219,-16.048738
-2.7206738,-0.81164235,-16.048756
-2.719701,-0.81126827,-16.048847
-2.7187283,-0.8108942,-16.048939
-2.7177556,-0.8105201,-16.04903
-2.7167828,-0.81014603,-16.049122
-2.71581,-0.80977196,-16.049213
-2.7148373,-0.8093979,-16.049305
-2.7139587,-0.8088465,-16.049284
-2.7129867,-0.8084726,-16.04937
-2.7120101,-0.80817455,-16.049492
-2.7110336,-0.8078765,-16.049614
-2.710057,-0.8075785,-16.049736
-2.7091103,-0.8071314,-16.04978
-2.708207,-0.80665237,-16.049797
-2.7073035,-0.8061733,-16.049814
-2.7064002,-0.8056943,-16.049831
-2.7054968,-0.80521524,-16.049849
-2.7045934,-0.8047362,-16.049866
-2.70369,-0.80425715,-16.049883
-2.7027867,-0.8037781,-16.0499
-2.7017314,-0.8034105,-16.05001
-2.700756,-0.8030927,-16.050123
-2.699789,-0.8026402,-16.050169
-2.698781,-0.8021811,-16.050222
-2.6977913,-0.8017622,-16.05029
-2.6968017,-0.8013433,-16.050356
-2.695812,-0.8009244,-16.050423
-2.6948223,-0.8005055,-16.05049
-2.6938326,-0.8000866,-16.050556
-2.692843,-0.7996677,-16.050623
-2.6918533,-0.7992488,-16.05069
-2.6908636,-0.7988299,-16.050756
-2.689874,-0.798411,-16.050823
-2.6888843,-0.7979921,-16.05089
-2.6879144,-0.79759467,-16.050964
-2.6869473,-0.7971407,-16.05101
-2.6859803,-0.79668677,-16.051056
-2.6850123,-0.79625165,-16.051111
-2.6840377,-0.7959484,-16.051233
-2.683063,-0.7956451,-16.051355
-2.6820884,-0.79534185,-16.051477
-2.6811137,-0.7950386,-16.0516
-2.680139,-0.7947353,-16.051722
-2.6791644,-0.79443204,-16.051844
-2.6781898,-0.7941288,-16.051966
-2.677215,-0.7938255,-16.052088
-2.6762404,-0.79352224,-16.05221
-2.6752706,-0.79316026,-16.052303
-2.6742978,-0.7928546,-16.052425
-2.673325,-0.79254895,-16.052547
-2.6723523,-0.7922433,-16.05267
-2.6713796,-0.79193765,-16.052792
-2.6703432,-0.79165995,-16.052946
-2.6693203,-0.7914984,-16.053156
-2.6682975,-0.7913369,-16.053366
-2.6672747,-0.79117537,-16.053576
-2.666252,-0.79101384,-16.053785
-2.665229,-0.7908523,-16.053995
-2.6642063,-0.7906908,-16.054205
-2.6631858,-0.790491,-16.054396
-2.662175,-0.7901381,-16.05451
-2.661227,-0.7897748,-16.054605
-2.6601956,-0.7894352,-16.054737
-2.6591752,-0.7892689,-16.054947
-2.6581547,-0.7891026,-16.055157
-2.6571343,-0.7889363,-16.055367
-2.6561139,-0.78877,-16.055576
-2.6550934,-0.7886037,-16.055786
-2.654073,-0.7884374,-16.055996
-2.6530538,-0.788252,-16.056196
-2.6520452,-0.78789437,-16.05631
-2.6511095,-0.78737605,-16.05633
-2.6502388,-0.7868109,-16.056309
-2.6492836,-0.78627026,-16.056322
-2.6483128,-0.78595746,-16.056444
-2.647342,-0.78564465,-16.056566
-2.6463711,-0.78533185,-16.056688
-2.6454003,-0.78501904,-16.05681
-2.6444294,-0.78470623,-16.056932
-2.6434586,-0.7843934,-16.057055
-2.6424878,-0.7840806,-16.057177
-2.641517,-0.7837678,-16.057299
-2.640549,-0.78341687,-16.057405
-2.6396244,-0.78303385,-16.05749
-2.6386588,-0.78264403,-16.05758
-2.6376932,-0.7822542,-16.057673
-2.6367276,-0.7818644,-16.057764
-2.635762,-0.7814746,-16.057856
-2.634779,-0.7810419,-16.057936
-2.633796,-0.78060925,-16.058016
-2.632813,-0.7801766,-16.058096
-2.63183,-0.7797439,-16.058176
-2.630847,-0.77931124,-16.058256
-2.629864,-0.77887857,-16.058336
-2.628881,-0.7784459,-16.058416
-2.627898,-0.7780132,-16.058496
-2.626915,-0.77758056,-16.058577
-2.625932,-0.7771479,-16.058657
-2.6250083,-0.77676296,-16.05874
-2.6239226,-0.7763499,-16.058855
-2.6228368,-0.77593684,-16.05897
-2.621751,-0.77552366,-16.059084
-2.6206653,-0.77511024,-16.059198
-2.6195796,-0.7746968,-16.059313
-2.6184938,-0.7742834,-16.059427
-2.617408,-0.77387,-16.059542
-2.6163223,-0.7734566,-16.059656
-2.6152365,-0.77304316,-16.05977
-2.6141508,-0.77262974,-16.059885
-2.613065,-0.7722163,-16.06
-2.6119792,-0.7718029,-16.060114
-2.6108935,-0.7713895,-16.060228
-2.6098077,-0.77097607,-16.060343
-2.6088076,-0.7705189,-16.06042
-2.6078074,-0.77006173,-16.060495
-2.6068048,-0.76964164,-16.06059
-2.605743,-0.7692083,-16.060703
-2.6046438,-0.7687291,-16.060808
-2.6035447,-0.76824987,-16.060913
-2.6024456,-0.76777065,-16.061018
-2.6013465,-0.7672914,-16.061123
-2.6002474,-0.7668122,-16.061228
-2.5991483,-0.766333,-16.061333
-2.5980492,-0.76585376,-16.061438
-2.59695,-0.76537454,-16.061543
-2.595851,-0.7648953,-16.061647
-2.5947518,-0.7644161,-16.061752
-2.5936527,-0.7639369,-16.061857
-2.5925536,-0.76345766,-16.061962
-2.5914545,-0.76297843,-16.062067
-2.5905128,-0.7626034,-16.062174
-2.5893836,-0.7622534,-16.06235
-2.5882545,-0.7619034,-16.062525
-2.5871253,-0.7615534,-16.0627
-2.5859568,-0.76117736,-16.062876
-2.584992,-0.7608367,-16.063007
-2.584027,-0.7604961,-16.063139
-2.5830622,-0.76015544,-16.06327
-2.5820973,-0.7598148,-16.063402
-2.5811324,-0.75947416,-16.063534
-2.5801675,-0.7591335,-16.063665
-2.5792027,-0.7587929,-16.063797
-2.5782378,-0.75845224,-16.063929
-2.577273,-0.7581116,-16.06406
-2.5762646,-0.7578022,-16.064219
-2.5752347,-0.7575084,-16.06439
-2.5742047,-0.7572146,-16.064562
-2.5731747,-0.7569208,-16.064734
-2.5721447,-0.756627,-16.064905
-2.5711148,-0.75633323,-16.065077
-2.5700848,-0.75603944,-16.065248
-2.5690548,-0.75574565,-16.06542
-2.5680249,-0.75545186,-16.065592
-2.566995,-0.75515807,-16.065763
-2.565965,-0.7548643,-16.065935
-2.564935,-0.7545705,-16.066107
-2.563905,-0.7542767,-16.066278
-2.562875,-0.7539829,-16.06645
-2.561845,-0.7536891,-16.066622
-2.560815,-0.7533953,-16.066793
-2.5597851,-0.7531015,-16.066965
-2.5587552,-0.75280774,-16.067137
-2.5577252,-0.75251395,-16.067308
-2.5566952,-0.75222015,-16.06748
-2.5556653,-0.75192636,-16.067652
-2.5546353,-0.7516326,-16.067823
-2.5536053,-0.7513388,-16.067995
-2.5525753,-0.751045,-16.068167
-2.5514638,-0.75073725,-16.068356
-2.5501893,-0.7504016,-16.068579
-2.5489147,-0.750066,-16.068802
-2.54764,-0.74973035,-16.069025
-2.5463655,-0.7493947,-16.069248
-2.545093,-0.7490548,-16.069471
-2.5438206,-0.74871486,-16.069695
-2.5425482,-0.74837494,-16.069918
-2.5412757,-0.748035,-16.07014
-2.5400033,-0.7476951,-16.070364
-2.5387313,-0.74735385,-16.07059
-2.5374603,-0.74701,-16.070818
-2.5361893,-0.74666613,-16.071047
-2.5349183,-0.7463223,-16.071276
-2.5336473,-0.7459784,-16.071505
-2.5323763,-0.74563456,-16.071733
-2.5311053,-0.7452907,-16.071962
-2.5298343,-0.74494684,-16.072191
-2.5285633,-0.744603,-16.07242
-2.5272923,-0.7442591,-16.072649
-2.5260212,-0.74391526,-16.072878
-2.5247502,-0.7435714,-16.073107
-2.5234792,-0.74322754,-16.073336
-2.5222082,-0.7428837,-16.073565
-2.5209372,-0.7425398,-16.073793
-2.5196662,-0.74219596,-16.074022
-2.5183952,-0.7418521,-16.074251
-2.5171242,-0.74150825,-16.07448
-2.5158532,-0.7411644,-16.074709
-2.5145822,-0.7408205,-16.074938
-2.5133111,-0.74047667,-16.075167
-2.5120401,-0.7401328,-16.075396
-2.5107691,-0.73978895,-16.075624
-2.5094981,-0.7394451,-16.075853
-2.508207,-0.73909676,-16.076088
-2.506876,-0.7387395,-16.076334
-2.505545,-0.7383822,-16.07658
-2.5042138,-0.73802495,-16.076826
-2.5028827,-0.7376677,-16.077072
-2.5016713,-0.73736906,-16.077307
-2.5005198,-0.73709977,-16.077536
-2.4993682,-0.7368305,-16.077765
-2.4982166,-0.7365612,-16.077993
-2.497065,-0.7362919,-16.078222
-2.4959598,-0.73595357,-16.078405
-2.4948776,-0.73558074,-16.078566
-2.4937954,-0.7352079,-16.078726
-2.4927132,-0.7348351,-16.078886
-2.491631,-0.73446226,-16.079046
-2.4905488,-0.73408943,-16.079206
-2.4894667,-0.7337166,-16.079367
-2.4883845,-0.7333438,-16.079527
-2.4873023,-0.73297095,-16.079687
-2.4862201,-0.7325981,-16.079847
-2.485138,-0.7322253,-16.080008
-2.4840558,-0.7318525,-16.080168
-2.4829736,-0.73147964,-16.080328
-2.4818914,-0.7311068,-16.080488
-2.4808092,-0.730734,-16.080648
-2.479727,-0.73036116,-16.080809
-2.4786448,-0.72998834,-16.080969
-2.4775627,-0.7296155,-16.08113
-2.4764805,-0.7292427,-16.08129
-2.4753983,-0.72886986,-16.08145
-2.4743161,-0.728497,-16.08161
-2.473234,-0.7281242,-16.08177
-2.4721518,-0.7277514,-16.08193
-2.4710696,-0.72737855,-16.08209
-2.4700656,-0.7270583,-16.08225
-2.4688601,-0.7266811,-16.082445
-2.4677358,-0.7263187,-16.08262
-2.4666114,-0.7259563,-16.082796
-2.465487,-0.7255939,-16.082972
-2.4643626,-0.7252315,-16.083147
-2.4632382,-0.72486913,-16.083323
-2.4621139,-0.72450674,-16.083498
-2.4609895,-0.72414434,-16.083673
-2.459865,-0.72378194,-16.083849
-2.4587407,-0.72341955,-16.084024
-2.4576163,-0.72305715,-16.0842
-2.4565125,-0.7226984,-16.084372
-2.45547,-0.72235054,-16.084532
-2.4544277,-0.7220027,-16.084692
-2.4533854,-0.72165483,-16.084852
-2.452343,-0.721307,-16.085012
-2.4513006,-0.7209591,-16.085173
-2.4502583,-0.7206113,-16.085333
-2.449216,-0.7202634,-16.085493
-2.4481735,-0.71991557,-16.085653
-2.4471312,-0.7195677,-16.085814
-2.4460888,-0.71921986,-16.085974
-2.4450464,-0.718872,-16.086134
-2.444004,-0.71852416,-16.086294
-2.4429617,-0.7181763,-16.086454
-2.4419193,-0.71782845,-16.086615
-2.440877,-0.7174806,-16.086775
-2.4398346,-0.71713275,-16.086935
-2.4387922,-0.7167849,-16.087095
-2.4377499,-0.71643704,-16.087255
-2.436785,-0.71614236,-16.087416
-2.43582,-0.7158477,-16.087576
-2.4348552,-0.715553,-16.087736
-2.4338903,-0.7152583,-16.087896
-2.4329255,-0.7149636,-16.088057
-2.4318607,-0.7146312,-16.088232
-2.430596,-0.7142233,-16.088438
-2.4293315,-0.71381545,-16.088644
-2.428067,-0.7134076,-16.08885
-2.4268024,-0.7129997,-16.089056
-2.4255378,-0.7125918,-16.089262
-2.4242733,-0.71218395,-16.089468
-2.4230087,-0.7117761,-16.089674
-2.421744,-0.7113682,-16.08988
-2.4204795,-0.7109603,-16.090086
-2.419215,-0.71055245,-16.090292
-2.4179504,-0.7101446,-16.090498
-2.4166858,-0.7097367,-16.090704
-2.4154212,-0.70932883,-16.09091
-2.4141567,-0.70892096,-16.091116
-2.412892,-0.7085131,-16.091322
-2.4116275,-0.7081052,-16.091528
-2.410363,-0.70769733,-16.091734
-2.4090984,-0.70728946,-16.09194
-2.4078338,-0.7068816,-16.092146
-2.4065692,-0.7064737,-16.092352
-2.4053047,-0.70606583,-16.092558
-2.40404,-0.70565796,-16.092764
-2.4027755,-0.7052501,-16.09297
-2.401511,-0.7048422,-16.093176
-2.4003065,-0.7044637,-16.093374
-2.399102,-0.70408523,-16.093573
-2.3978975,-0.70370674,-16.093771
-2.396693,-0.70332825,-16.09397
-2.3954885,-0.70294976,-16.094168
-2.394284,-0.7025713,-16.094366
-2.3930795,-0.7021928,-16.094564
-2.391835,-0.7018062,-16.094774
-2.3905904,-0.7014196,-16.094984
-2.3892248,-0.70100975,-16.095224
-2.387859,-0.7005999,-16.095465
-2.3864934,-0.70019007,-16.095705
-2.3851278,-0.6997802,-16.095945
-2.3837621,-0.6993704,-16.096186
-2.3823965,-0.69896054,-16.096426
-2.3810308,-0.6985507,-16.096666
-2.3796651,-0.69814086,-16.096907
-2.3782995,-0.697731,-16.097147
-2.3769338,-0.6973212,-16.097387
-2.3755682,-0.69691133,-16.097628
-2.3742025,-0.6965015,-16.097868
-2.3728368,-0.69609165,-16.098108
-2.3714712,-0.6956818,-16.098349
-2.3701055,-0.69527197,-16.098589
-2.3687398,-0.6948621,-16.09883
-2.3673742,-0.6944523,-16.09907
-2.3660085,-0.69404244,-16.09931
-2.3646429,-0.6936326,-16.09955
-2.3632772,-0.69322276,-16.09979
-2.3619115,-0.6928129,-16.10003
-2.3605459,-0.6924031,-16.100271
-2.3591802,-0.69199324,-16.100512
-2.3578146,-0.6915834,-16.100752
-2.356449,-0.69117355,-16.100992
-2.3550832,-0.6907637,-16.101233
-2.3537176,-0.6903539,-16.101473
-2.352352,-0.689944,-16.101713
-2.3509862,-0.6895342,-16.101954
-2.3496206,-0.68912435,-16.102194
-2.348255,-0.6887145,-16.102434
-2.3468893,-0.68830466,-16.102674
-2.3455236,-0.6878948,-16.102915
-2.344158,-0.687485,-16.103155
-2.3425944,-0.6869954,-16.103426
-2.3410308,-0.6865058,-16.103697
-2.3394673,-0.6860162,-16.103968
-2.3379037,-0.6855266,-16.104239
-2.3363402,-0.685037,-16.10451
-2.3347766,-0.6845474,-16.10478
-2.333213,-0.68405783,-16.105051
-2.331536,-0.6834649,-16.105318
-2.329859,-0.68287194,-16.105585
-2.328182,-0.682279,-16.105852
-2.326505,-0.68168604,-16.10612
-2.324828,-0.6810931,-16.106386
-2.3231509,-0.68050015,-16.106653
-2.3214738,-0.6799072,-16.10692
-2.319843,-0.6792805,-16.107164
-2.3182123,-0.67865384,-16.107409
-2.3165815,-0.67802715,-16.107653
-2.3149507,-0.67740047,-16.107897
-2.31332,-0.6767738,-16.10814
-2.3116891,-0.6761471,-16.108385
-2.3100584,-0.6755204,-16.10863
-2.3084276,-0.67489374,-16.108873
-2.3067968,-0.67426705,-16.109118
-2.305166,-0.6736404,-16.109362
-2.3035352,-0.6730137,-16.109606
-2.3019044,-0.672387,-16.10985
-2.3002737,-0.6717603,-16.110094
-2.2986429,-0.67113364,-16.110338
-2.297012,-0.67050695,-16.110582
-2.2953813,-0.6698803,-16.110826
-2.2937505,-0.6692536,-16.11107
-2.2921197,-0.6686269,-16.111315
-2.290489,-0.6680002,-16.111559
-2.2888582,-0.66737354,-16.111803
-2.2872274,-0.66674685,-16.112047
-2.2855966,-0.6661202,-16.112291
-2.2839658,-0.6654935,-16.112535
-2.282335,-0.6648668,-16.11278
-2.2807043,-0.6642401,-16.113024
-2.2790735,-0.66361344,-16.113268
-2.2774427,-0.66298676,-16.113512
-2.275812,-0.6623601,-16.113756
-2.2741811,-0.6617334,-16.114
-2.2725503,-0.6611067,-16.114244
-2.2709196,-0.66048,-16.114489
-2.2692888,-0.65985334,-16.114733
-2.267658,-0.65922666,-16.114977
-2.2660272,-0.6586,-16.115221
-2.2643964,-0.6579733,-16.115465
-2.2627656,-0.6573466,-16.11571
-2.2609417,-0.6566006,-16.115973
-2.2591178,-0.6558546,-16.116236
-2.257294,-0.6551086,-16.116499
-2.25547,-0.65436256,-16.116762
-2.2536461,-0.65361655,-16.117025
-2.2518222,-0.65287054,-16.117289
-2.2499983,-0.6521245,-16.117552
-2.248113,-0.6513677,-16.117826
-2.2471395,-0.6509839,-16.11797
-2.246166,-0.65060014,-16.118113
-2.2451925,-0.65021634,-16.118256
-2.244219,-0.64983255,-16.118399
-2.2432456,-0.64944875,-16.118542
-2.2422721,-0.64906496,-16.118685
-2.2412987,-0.64868116,-16.118828
-2.2403252,-0.64829737,-16.11897
-2.2393517,-0.6479136,-16.119114
-2.2383783,-0.6475298,-16.119257
-2.2374048,-0.647146,-16.1194
-2.2364314,-0.6467622,-16.119543
-2.235458,-0.6463784,-16.119686
-2.2344844,-0.6459946,-16.11983
-2.233511,-0.6456108,-16.119972
-2.2325375,-0.645227,-16.120115
-2.231564,-0.6448432,-16.120258
-2.2305906,-0.6444594,-16.120401
-2.229617,-0.64407563,-16.120544
-2.2286437,-0.64369184,-16.120687
-2.2276702,-0.64330804,-16.12083
-2.2266967,-0.64292425,-16.120974
-2.2257233,-0.64254045,-16.121117
-2.2247498,-0.64215666,-16.12126
-2.2237763,-0.64177287,-16.121403
-2.2228029,-0.6413891,-16.121546
-2.2218294,-0.6410053,-16.121689
-2.220856,-0.6406215,-16.121832
-2.2197824,-0.64019984,-16.121986
-2.2187088,-0.6397782,-16.12214
-2.2176352,-0.63935655,-16.122295
-2.2165616,-0.6389349,-16.12245
-2.215488,-0.63851327,-16.122604
-2.2144144,-0.6380916,-16.122759
-2.2133408,-0.63767,-16.122913
-2.2122672,-0.63724834,-16.123068
-2.2111936,-0.6368267,-16.123222
-2.21012,-0.63640505,-16.123377
-2.2090464,-0.6359834,-16.123531
-2.2079728,-0.63556176,-16.123686
-2.2068992,-0.6351401,-16.12384
-2.2058256,-0.6347185,-16.123995
-2.204752,-0.63429683,-16.12415
-2.2036784,-0.6338752,-16.124304
-2.2026048,-0.63345355,-16.124458
-2.2015312,-0.6330319,-16.124613
-2.2004576,-0.63261026,-16.124767
-2.199384,-0.6321886,-16.124922
-2.1983104,-0.631767,-16.125076
-2.1972368,-0.63134533,-16.12523
-2.1961632,-0.6309237,-16.125385
-2.1950896,-0.63050205,-16.12554
-2.194016,-0.6300804,-16.125694
-2.1929424,-0.62965876,-16.125849
-2.1918688,-0.6292371,-16.126003
-2.1907952,-0.6288155,-16.126158
-2.1897216,-0.6283938,-16.126312
-2.188648,-0.6279722,-16.126467
-2.1875744,-0.62755054,-16.126621
-2.1865008,-0.6271289,-16.126776
-2.1854272,-0.62670726,-16.12693
-2.1843536,-0.6262856,-16.127085
-2.18328,-0.62586397,-16.12724
-2.1822064,-0.6254423,-16.127394
-2.1811328,-0.6250207,-16.127548
-2.1800592,-0.62459904,-16.127703
-2.1789856,-0.6241774,-16.127857
-2.177912,-0.62375575,-16.128012
-2.1768384,-0.6233341,-16.128166
-2.1757648,-0.62291247,-16.12832
-2.1746912,-0.6224908,-16.128475
-2.1736176,-0.6220692,-16.12863
-2.172544,-0.62164754,-16.128784
-2.1714704,-0.6212259,-16.128939
-2.1703968,-0.62080425,-16.129093
-2.1693232,-0.6203826,-16.129248
-2.1682496,-0.61996096,-16.129402
-2.167176,-0.6195393,-16.129557
-2.1661024,-0.6191177,-16.129711
-2.1650288,-0.61869603,-16.129866
-2.1639552,-0.6182744,-16.13002
-2.1628816,-0.61785275,-16.130175
-2.161808,-0.6174311,-16.13033
-2.1607344,-0.61700946,-16.130484
-2.1596608,-0.6165878,-16.130638
-2.1585872,-0.6161662,-16.130793
-2.1575136,-0.61574453,-16.130947
-2.15644,-0.6153229,-16.131102
-2.1553664,-0.61490124,-16.131256
-2.1542928,-0.6144796,-16.13141
-2.1532192,-0.61405796,-16.131565
-2.1521456,-0.6136363,-16.13172
-2.151072,-0.6132147,-16.131874
-2.1499984,-0.612793,-16.132029
-2.1489248,-0.6123714,-16.132183
-2.1478512,-0.61194974,-16.132338
-2.1467776,-0.6115281,-16.132492
-2.145704,-0.61110646,-16.132647
-2.1446304,-0.6106848,-16.132801
-2.1435134,-0.6102926,-16.132984
-2.1423965,-0.6099004,-16.133167
-2.1412795,-0.6095082,-16.13335
-2.1402204,-0.60916513,-16.13354
-2.1391613,-0.60882205,-16.133728
-2.1381023,-0.60847896,-16.133917
-2.1370432,-0.6081359,-16.134106
-2.1359842,-0.6077928,-16.134295
-2.1349251,-0.6074497,-16.134483
-2.133866,-0.6071066,-16.134672
-2.132807,-0.60676354,-16.134861
-2.131748,-0.60642046,-16.13505
-2.130689,-0.6060774,-16.135239
-2.1296299,-0.6057343,-16.135427
-2.1285708,-0.6053912,-16.135616
-2.1275117,-0.6050481,-16.135805
-2.1264527,-0.60470504,-16.135994
-2.1253936,-0.60436195,-16.136183
-2.1243346,-0.60401887,-16.136372
-2.1232755,-0.6036758,-16.13656
-2.1222165,-0.6033327,-16.13675
-2.1211574,-0.6029896,-16.136938
-2.1200984,-0.6026465,-16.137127
-2.1190393,-0.60230345,-16.137316
-2.1179802,-0.60196036,-16.137505
-2.1169212,-0.6016173,-16.137693
-2.1158621,-0.6012742,-16.137882
-2.114803,-0.6009311,-16.138071
-2.113744,-0.600588,-16.13826
-2.112685,-0.60024494,-16.138449
-2.111626,-0.59990185,-16.138638
-2.1105669,-0.5995588,-16.138826
-2.109429,-0.5991798,-16.139025
-2.108291,-0.59880084,-16.139223
-2.107153,-0.5984219,-16.139421
-2.106015,-0.5980429,-16.13962
-2.104877,-0.59766394,-16.139818
-2.103739,-0.597285,-16.140017
-2.102601,-0.596906,-16.140215
-2.101463,-0.59652704,-16.140413
-2.100325,-0.5961481,-16.140612
-2.0991871,-0.5957691,-16.14081
-2.0980492,-0.59539014,-16.141008
-2.0969112,-0.5950112,-16.141207
-2.0957732,-0.5946322,-16.141405
-2.0946352,-0.59425324,-16.141603
-2.0934973,-0.5938743,-16.141802
-2.0923593,-0.5934953,-16.142
-2.0912213,-0.59311634,-16.142199
-2.0900834,-0.5927374,-16.142397
-2.0889454,-0.5923584,-16.142595
-2.0878074,-0.59197944,-16.142794
-2.0866694,-0.5916005,-16.142992
-2.0855315,-0.5912215,-16.14319
-2.0843935,-0.59084255,-16.143389
-2.0832555,-0.5904636,-16.143587
-2.0821176,-0.5900846,-16.143785
-2.0809796,-0.58970565,-16.143984
-2.0798416,-0.5893267,-16.144182
-2.0787036,-0.5889477,-16.14438
-2.0775657,-0.58856875,-16.144579
-2.076404,-0.58822376,-16.144798
-2.0752425,-0.58787876,-16.145018
-2.074081,-0.5875338,-16.145237
-2.0729194,-0.5871888,-16.145456
-2.0717578,-0.5868438,-16.145676
-2.0705962,-0.5864988,-16.145895
-2.0694346,-0.5861538,-16.146114
-2.068273,-0.5858088,-16.146334
-2.0671115,-0.5854638,-16.146553
-2.06595,-0.58511883,-16.146772
-2.0647883,-0.58477384,-16.146992
-2.0636268,-0.58442885,-16.147211
-2.0624652,-0.58408386,-16.14743
-2.0613036,-0.58373886,-16.14765
-2.060142,-0.5833939,-16.14787
-2.0589805,-0.5830489,-16.148088
-2.057819,-0.5827039,-16.148308
-2.0566573,-0.5823589,-16.148527
-2.0554957,-0.5820139,-16.148746
-2.0543342,-0.5816689,-16.148966
-2.0531726,-0.5813239,-16.149185
-2.052011,-0.58097893,-16.149405
-2.0508494,-0.58063394,-16.149624
-2.0496879,-0.58028895,-16.149843
-2.0485263,-0.57994395,-16.150063
-2.0473647,-0.57959896,-16.150282
-2.0462031,-0.579254,-16.150501
-2.0450416,-0.578909,-16.15072
-2.04388,-0.578564,-16.15094
-2.0427184,-0.578219,-16.15116
-2.0415568,-0.577874,-16.151379
-2.0403953,-0.577529,-16.151598
-2.0392337,-0.577184,-16.151817
-2.038072,-0.576839,-16.152037
-2.0369105,-0.57649404,-16.152256
-2.035749,-0.57614905,-16.152475
-2.0345874,-0.57580405,-16.152695
-2.0334258,-0.57545906,-16.152914
-2.0322642,-0.5751141,-16.153133
-2.0311027,-0.5747691,-16.153353
-2.029941,-0.5744241,-16.153572
-2.0287795,-0.5740791,-16.153791
-2.027618,-0.5737341,-16.15401
-2.0264564,-0.5733891,-16.15423
-2.0252948,-0.5730441,-16.15445
-2.0241332,-0.5726991,-16.154669
-2.0229716,-0.57235414,-16.154888
-2.0218322,-0.5719933,-16.155094
-2.0206928,-0.57163244,-16.1553
-2.0195534,-0.5712716,-16.155506
-2.018414,-0.57091075,-16.155712
-2.0172746,-0.5705499,-16.155918
-2.0161352,-0.57018906,-16.156124
-2.0149958,-0.5698282,-16.15633
-2.0138564,-0.56946737,-16.156536
-2.012717,-0.5691065,-16.156742
-2.0115776,-0.5687457,-16.156948
-2.0104382,-0.5683848,-16.157154
-2.0092988,-0.568024,-16.15736
-2.0081594,-0.56766313,-16.157566
-2.00702,-0.5673023,-16.157772
-2.0058806,-0.56694144,-16.157978
-2.0047412,-0.5665806,-16.158184
-2.0036018,-0.56621975,-16.15839
-2.0024624,-0.5658589,-16.158596
-2.001323,-0.56549805,-16.158802
-2.0001836,-0.5651372,-16.159008
-1.9990443,-0.56477636,-16.159214
-1.997905,-0.5644155,-16.15942
-1.9967657,-0.56405467,-16.159626
-1.9956264,-0.5636938,-16.159832
-1.9944872,-0.563333,-16.160038
-1.9933479,-0.5629721,-16.160244
-1.9922086,-0.5626113,-16.16045
-1.9910693,-0.56225044,-16.160656
-1.98993,-0.5618896,-16.160862
-1.9887908,-0.56152874,-16.161068
-1.9876515,-0.5611679,-16.161274
-1.9865122,-0.56080705,-16.16148
-1.9853729,-0.5604462,-16.161686
-1.9842336,-0.56008536,-16.161892
-1.9830943,-0.5597245,-16.162098
-1.981955,-0.55936366,-16.162304
-1.9808158,-0.5590028,-16.16251
-1.9796765,-0.55864197,-16.162716
-1.9785372,-0.5582811,-16.162922
-1.9773979,-0.5579203,-16.163128
-1.9762586,-0.55755943,-16.163334
-1.9751194,-0.5571986,-16.16354
-1.9739801,-0.55683774,-16.163746
-1.9728408,-0.5564769,-16.163952
-1.9717015,-0.55611604,-16.164158
-1.9705622,-0.5557552,-16.164364
-1.9694229,-0.55539435,-16.16457
-1.9682837,-0.5550335,-16.164776
-1.9671444,-0.55467266,-16.164982
-1.9660051,-0.5543118,-16.165188
-1.9648658,-0.55395097,-16.165394
-1.9637265,-0.5535901,-16.1656
-1.9625872,-0.5532293,-16.165806
-1.961448,-0.5528684,-16.166012
-1.9603087,-0.5525076,-16.166218
-1.9591694,-0.55214673,-16.166424
-1.9580301,-0.5517859,-16.16663
-1.9568908,-0.55142504,-16.166836
-1.9557515,-0.5510642,-16.167042
-1.9546123,-0.55070335,-16.167248
-1.953473,-0.5503425,-16.167454
-1.9523337,-0.54998165,-16.16766
-1.9511944,-0.5496208,-16.167866
-1.9500551,-0.54925996,-16.168072
-1.9489158,-0.5488991,-16.168278
-1.9477766,-0.54853827,-16.168484
-1.9466373,-0.5481774,-16.16869
-1.945498,-0.5478166,-16.168896
-1.9443587,-0.5474557,-16.169102
-1.9432194,-0.5470949,-16.169308
-1.9420801,-0.54673404,-16.169514
-1.9409409,-0.5463732,-16.16972
-1.9398825,-0.5460279,-16.169909
-1.9388242,-0.5456826,-16.170097
-1.9377658,-0.5453373,-16.170286
-1.9367075,-0.544992,-16.170475
-1.9356492,-0.54464674,-16.170664
-1.9345908,-0.54430145,-16.170853
-1.9335325,-0.54395616,-16.171041
-1.9324741,-0.5436109,-16.17123
-1.9314158,-0.5432656,-16.17142
-1.9303575,-0.5429203,-16.171608
-1.9292991,-0.542575,-16.171797
-1.9282408,-0.5422297,-16.171986
-1.9271824,-0.5418844,-16.172174
-1.9261241,-0.54153913,-16.172363
-1.9250857,-0.5411973,-16.172544
-1.9240472,-0.54085547,-16.172726
-1.9230088,-0.54051363,-16.172907
-1.9219704,-0.5401718,-16.173088
-1.9209319,-0.53982997,-16.17327
-1.9198935,-0.53948814,-16.17345
-1.9188551,-0.5391463,-16.173632
-1.9178166,-0.5388045,-16.173813
-1.9167782,-0.53846264,-16.173994
-1.9157398,-0.5381208,-16.174175
-1.9147013,-0.537779,-16.174356
-1.9136629,-0.53743714,-16.174538
-1.9126245,-0.5370953,-16.174719
-1.911586,-0.5367535,-16.1749
-1.9104263,-0.53638667,-16.175106
-1.9092665,-0.53601986,-16.175312
-1.9081067,-0.53565305,-16.175518
-1.9069469,-0.53528625,-16.175724
-1.9057871,-0.53491944,-16.17593
-1.9046273,-0.53455263,-16.176136
-1.9034675,-0.5341858,-16.176342
-1.9023077,-0.533819,-16.176548
-1.901148,-0.5334522,-16.176754
-1.8999882,-0.5330854,-16.17696
-1.8988284,-0.5327186,-16.177166
-1.8976686,-0.5323518,-16.177372
-1.8965088,-0.531985,-16.177578
-1.895349,-0.5316182,-16.177784
-1.8941892,-0.5312514,-16.17799
-1.8930295,-0.53088456,-16.178196
-1.8918697,-0.53051776,-16.178402
-1.8907099,-0.53015095,-16.178608
-1.8895501,-0.52978414,-16.178814
-1.8883903,-0.52941734,-16.17902
-1.8872305,-0.5290505,-16.179226
-1.8860707,-0.5286837,-16.179432
-1.884911,-0.5283169,-16.179638
-1.8837512,-0.5279501,-16.179844
-1.8825914,-0.5275833,-16.18005
-1.8814316,-0.5272165,-16.180256
-1.8802718,-0.5268497,-16.180462
-1.879112,-0.5264829,-16.180668
-1.8779522,-0.5261161,-16.180874
-1.8767924,-0.52574927,-16.18108
-1.8756326,-0.52538246,-16.181286
-1.8744729,-0.52501565,-16.181492
-1.8733131,-0.52464885,-16.181698
-1.8721533,-0.52428204,-16.181904
-1.8709935,-0.52391523,-16.18211
-1.8698337,-0.5235484,-16.182316
-1.8686739,-0.5231816,-16.182522
-1.8675141,-0.5228148,-16.182728
-1.8663543,-0.522448,-16.182934
-1.8651946,-0.5220812,-16.18314
-1.8640348,-0.5217144,-16.183346
-1.862875,-0.5213476,-16.183552
-1.8617152,-0.5209808,-16.183758
-1.8605554,-0.52061397,-16.183964
-1.8593956,-0.52024716,-16.18417
-1.8582358,-0.51988035,-16.184376
-1.857076,-0.51951355,-16.184582
-1.8559163,-0.51914674,-16.184788
-1.8547565,-0.51877993,-16.184994
-1.8535967,-0.5184131,-16.1852
-1.8524369,-0.5180463,-16.185406
-1.8512771,-0.5176795,-16.185612
-1.8501173,-0.5173127,-16.185818
-1.8489575,-0.5169459,-16.186024
-1.8477978,-0.5165791,-16.18623
-1.846638,-0.5162123,-16.186436
-1.8454782,-0.5158455,-16.186642
-1.8443184,-0.5154787,-16.186848
-1.8431586,-0.51511186,-16.187054
-1.8419988,-0.51474506,-16.18726
-1.840839,-0.51437825,-16.187466
-1.8396792,-0.51401144,-16.187672
-1.8385195,-0.51364464,-16.187878
-1.8373597,-0.5132778,-16.188084
-1.8361999,-0.512911,-16.18829
-1.8350401,-0.5125442,-16.188496
-1.8338803,-0.5121774,-16.188702
-1.8327205,-0.5118106,-16.188908
-1.8315607,-0.5114438,-16.189114
-1.830401,-0.511077,-16.18932
-1.8292412,-0.5107102,-16.189526
-1.8281032,-0.5103287,-16.189718
-1.8269652,-0.50994724,-16.18991
-1.8258272,-0.5095658,-16.190104
-1.8247664,-0.50923914,-16.190294
-1.8237056,-0.5089125,-16.190485
-1.8226447,-0.5085859,-16.190676
-1.8215839,-0.50825924,-16.190866
-1.820523,-0.5079326,-16.191057
-1.8194622,-0.50760597,-16.191248
-1.8184013,-0.50727934,-16.191439
-1.8173405,-0.5069527,-16.19163
-1.8162796,-0.50662607,-16.19182
-1.8152188,-0.50629944,-16.19201
-1.814158,-0.5059728,-16.192202
-1.8130971,-0.50564617,-16.192392
-1.8120363,-0.50531954,-16.192583
-1.8109754,-0.5049929,-16.192774
-1.8099146,-0.50466627,-16.192965
-1.8088537,-0.50433964,-16.193155
-1.8077929,-0.504013,-16.193346
-1.806732,-0.50368637,-16.193537
-1.8056712,-0.50335974,-16.193727
-1.8046104,-0.5030331,-16.193918
-1.8035495,-0.50270647,-16.194109
-1.8024887,-0.50237983,-16.1943
-1.8014278,-0.5020532,-16.19449
-1.800367,-0.50172657,-16.194681
-1.7993062,-0.50139993,-16.194872
-1.7982453,-0.5010733,-16.195063
-1.7971845,-0.50074667,-16.195253
-1.7961236,-0.50042003,-16.195444
-1.7950416,-0.5000903,-16.195637
-1.7939595,-0.49976054,-16.19583
-1.7928774,-0.49943078,-16.196022
-1.7917954,-0.499101,-16.196215
-1.7907133,-0.49877125,-16.196407
-1.7896312,-0.4984415,-16.1966
-1.7885492,-0.49811172,-16.196793
-1.7874671,-0.49778196,-16.196985
-1.786385,-0.4974522,-16.197178
-1.785303,-0.49712244,-16.19737
-1.7842209,-0.49679267,-16.197563
-1.7831389,-0.4964629,-16.197756
-1.7820568,-0.49613315,-16.197948
-1.7809747,-0.4958034,-16.198141
-1.7798927,-0.49547362,-16.198334
-1.7788106,-0.49514386,-16.198526
-1.7777286,-0.4948141,-16.198719
-1.7766465,-0.49448434,-16.198912
-1.7755644,-0.49415457,-16.199104
-1.7744824,-0.4938248,-16.199297
-1.7734003,-0.49349505,-16.19949
-1.7723182,-0.49316528,-16.199682
-1.7712362,-0.49283552,-16.199875
-1.7701541,-0.49250576,-16.200068
-1.769072,-0.492176,-16.20026
-1.76799,-0.49184623,-16.200453
-1.7669079,-0.49151647,-16.200645
-1.7658259,-0.4911867,-16.200838
-1.7647438,-0.49085695,-16.20103
-1.7636617,-0.49052718,-16.201223
-1.7625797,-0.49019742,-16.201416
-1.7614976,-0.48986766,-16.201609
-1.7604156,-0.4895379,-16.201801
-1.7593335,-0.48920813,-16.201994
-1.7582514,-0.48887837,-16.202187
-1.7571694,-0.4885486,-16.20238
-1.7560873,-0.48821884,-16.202572
-1.7550052,-0.48788908,-16.202765
-1.7539232,-0.48755932,-16.202957
-1.7528411,-0.48722956,-16.20315
-1.751759,-0.4868998,-16.203342
-1.750677,-0.48657003,-16.203535
-1.7495949,-0.48624027,-16.203728
-1.7485129,-0.4859105,-16.20392
-1.7474308,-0.48558074,-16.204113
-1.7463487,-0.48525098,-16.204306
-1.7452667,-0.48492122,-16.204498
-1.7441846,-0.48459145,-16.20469
-1.7431026,-0.4842617,-16.204884
-1.7420205,-0.48393193,-16.205076
-1.7409384,-0.48360217,-16.205269
-1.7398564,-0.4832724,-16.205462
-1.7387743,-0.48294264,-16.205654
-1.7376922,-0.48261288,-16.205847
-1.7366102,-0.48228312,-16.20604
-1.7355281,-0.48195335,-16.206232
-1.734446,-0.4816236,-16.206425
-1.733364,-0.48129383,-16.206617
-1.7322819,-0.48096406,-16.20681
-1.7311999,-0.4806343,-16.207003
-1.7301178,-0.48030454,-16.207195
-1.7290357,-0.47997478,-16.207388
-1.7279537,-0.479645,-16.20758
-1.7268716,-0.47931525,-16.207773
-1.7257895,-0.4789855,-16.207966
-1.7247075,-0.47865573,-16.208158
-1.7236254,-0.47832596,-16.208351
-1.7225434,-0.4779962,-16.208544
-1.7214613,-0.47766644,-16.208736
-1.7203792,-0.47733667,-16.20893
-1.7192972,-0.4770069,-16.209122
-1.7182151,-0.47667715,-16.209314
-1.7171913,-0.47637874,-16.2095
-1.7161676,-0.47608033,-16.209684
-1.7151438,-0.47578192,-16.20987
-1.71412,-0.4754835,-16.210054
-1.7130963,-0.4751851,-16.21024
-1.7120725,-0.4748867,-16.210424
-1.7110487,-0.47458827,-16.21061
-1.710025,-0.47428986,-16.210794
-1.7090012,-0.47399145,-16.21098
-1.7079774,-0.47369304,-16.211164
-1.7069536,-0.47339463,-16.21135
-1.7059299,-0.47309622,-16.211535
-1.7049061,-0.4727978,-16.21172
-1.7038823,-0.4724994,-16.211905
-1.7028586,-0.472201,-16.21209
-1.7018348,-0.47190258,-16.212275
-1.700811,-0.47160417,-16.21246
-1.6997873,-0.47130576,-16.212645
-1.6979362,-0.47079024,-16.212976
-1.6960851,-0.47027472,-16.213308
-1.694234,-0.4697592,-16.21364
-1.6923829,-0.46924368,-16.213972
-1.6905318,-0.46872815,-16.214304
-1.6886808,-0.46821263,-16.214636
-1.6868297,-0.4676971,-16.214968
-1.6849786,-0.4671816,-16.2153
-1.6831275,-0.46666607,-16.215631
-1.6812764,-0.46615055,-16.215963
-1.6794254,-0.46563503,-16.216295
-1.6775743,-0.4651195,-16.216627
-1.6757232,-0.464604,-16.216959
-1.6738721,-0.46408847,-16.21729
-1.672021,-0.46357295,-16.217623
-1.67017,-0.46305743,-16.217955
-1.6683189,-0.4625419,-16.218287
-1.6664678,-0.4620264,-16.218618
-1.6646167,-0.46151087,-16.21895
-1.6627656,-0.46099535,-16.219282
-1.6609145,-0.46047983,-16.219614
-1.6590635,-0.4599643,-16.219946
-1.6572124,-0.45944878,-16.220278
-1.6553613,-0.45893326,-16.22061
-1.6535102,-0.45841774,-16.220942
-1.6516591,-0.45790222,-16.221273
-1.649808,-0.4573867,-16.221605
-1.647957,-0.45687118,-16.221937
-1.6461059,-0.45635566,-16.22227
-1.6442548,-0.45584014,-16.2226
-1.6424037,-0.45532462,-16.222933
-1.6405526,-0.4548091,-16.223265
-1.6387016,-0.45429358,-16.223597
-1.6368505,-0.45377806,-16.223928
-1.6349994,-0.45326254,-16.22426
-1.6331483,-0.45274702,-16.224592
-1.6315347,-0.4523197,-16.224882
-1.6299211,-0.4518924,-16.225172
-1.6283075,-0.4514651,-16.225462
-1.6266938,-0.4510378,-16.225752
-1.6250802,-0.4506105,-16.226042
-1.6234666,-0.45018318,-16.226332
-1.621853,-0.44975588,-16.226622
-1.6205565,-0.44946775,-16.226877
-1.61926,-0.44917962,-16.227133
-1.6179634,-0.4488915,-16.227388
-1.6166669,-0.44860336,-16.227644
-1.6153704,-0.44831523,-16.2279
-1.6140739,-0.4480271,-16.228155
-1.6127774,-0.44773898,-16.22841
-1.6116835,-0.4474902,-16.22862
-1.6105896,-0.4472414,-16.22883
-1.6094958,-0.4469926,-16.22904
-1.6084019,-0.44674382,-16.22925
-1.607308,-0.44649503,-16.22946
-1.6062142,-0.44624624,-16.22967
-1.6051203,-0.44599745,-16.22988
-1.6040264,-0.44574866,-16.23009
-1.6029326,-0.44549987,-16.230299
-1.6018387,-0.44525108,-16.230509
-1.6007448,-0.4450023,-16.230719
-1.599651,-0.4447535,-16.230928
-1.5985571,-0.4445047,-16.231138
-1.5974633,-0.44425592,-16.231348
-1.5963694,-0.44400713,-16.231558
-1.5952755,-0.44375834,-16.231768
-1.5941817,-0.44350955,-16.231977
-1.5930878,-0.44326076,-16.232187
-1.5919939,-0.44301197,-16.232397
-1.5909001,-0.44276318,-16.232607
-1.5898062,-0.4425144,-16.232817
-1.5887123,-0.4422656,-16.233027
-1.5876185,-0.4420168,-16.233236
-1.5865246,-0.44176802,-16.233446
-1.5854307,-0.44151923,-16.233656
-1.5843369,-0.44127044,-16.233866
-1.583243,-0.44102165,-16.234076
-1.5821491,-0.44077286,-16.234285
-1.5810553,-0.44052407,-16.234495
-1.5799614,-0.44027528,-16.234705
-1.5788676,-0.4400265,-16.234915
-1.5777737,-0.4397777,-16.235125
-1.5766798,-0.4395289,-16.235334
-1.575586,-0.43928012,-16.235544
-1.5744921,-0.43903133,-16.235754
-1.5733982,-0.43878254,-16.235964
-1.5721233,-0.43847838,-16.236198
-1.570904,-0.4382421,-16.23645
-1.5696847,-0.43800583,-16.236702
-1.5684655,-0.43776956,-16.236954
-1.5672462,-0.4375333,-16.237206
-1.5660269,-0.43729702,-16.237457
-1.5648077,-0.43706074,-16.237709
-1.5635884,-0.43682447,-16.23796
-1.5625516,-0.43662342,-16.238176
-1.5614537,-0.43641046,-16.238405
-1.5603558,-0.4361975,-16.238634
-1.5592579,-0.43598452,-16.238863
-1.55816,-0.43577155,-16.239092
-1.557062,-0.4355586,-16.23932
-1.5559641,-0.43534562,-16.23955
-1.5548662,-0.43513265,-16.239779
-1.5537683,-0.4349197,-16.240007
-1.5526704,-0.43470672,-16.240236
-1.5515724,-0.43449375,-16.240465
-1.5504745,-0.43428078,-16.240694
-1.5495092,-0.43397805,-16.240839
-1.5485269,-0.43363383,-16.240965
-1.5475503,-0.43344596,-16.241148
-1.546562,-0.4331598,-16.241287
-1.5457044,-0.43257234,-16.241245
-1.5448468,-0.43198487,-16.241203
-1.5439892,-0.4313974,-16.241161
-1.5430125,-0.43119112,-16.241335
-1.5420398,-0.4309471,-16.24149
-1.5410613,-0.43076187,-16.241673
-1.5400827,-0.43057734,-16.241856
-1.5390985,-0.4303928,-16.242039
-1.5381143,-0.43020937,-16.242222
-1.5371301,-0.4300277,-16.242405
-1.5361459,-0.42984647,-16.242588
-1.5352929,-0.43022624,-16.243004
-1.5345309,-0.43073794,-16.243458
-1.5335481,-0.4307473,-16.243732
-1.5325333,-0.43065584,-16.243958
-1.5315865,-0.43090367,-16.244293
-1.5306398,-0.4311515,-16.244629
-1.529693,-0.43139935,-16.244965
-1.5288715,-0.43184403,-16.245396
-1.5278873,-0.43166235,-16.245579
-1.5269065,-0.43163538,-16.245834
-1.526159,-0.43213302,-16.246275
-1.5253372,-0.4325418,-16.246687
-1.5247984,-0.43325537,-16.247171
-1.524241,-0.43394575,-16.247633
-1.523361,-0.43431008,-16.247967
-1.522371,-0.434137,-16.248058
-1.5213811,-0.4339639,-16.24815
-1.5203848,-0.43384784,-16.248276
-1.5194345,-0.43406826,-16.248589
-1.5184798,-0.4343266,-16.248924
-1.5175252,-0.43458492,-16.24926
-1.5165387,-0.43456614,-16.249441
-1.5155488,-0.43439162,-16.249533
-1.514543,-0.4343506,-16.24971
-1.513581,-0.4344731,-16.249968
-1.512619,-0.43459558,-16.250225
-1.5115768,-0.43468404,-16.250479
-1.5105597,-0.43473768,-16.250708
-1.5095426,-0.43479133,-16.250937
-1.5085255,-0.43484497,-16.251165
-1.5075084,-0.4348986,-16.251394
-1.5064913,-0.43495226,-16.251623
-1.5052311,-0.43492356,-16.25187
-1.5040579,-0.43487188,-16.252087
-1.5028846,-0.4348202,-16.252304
-1.5017114,-0.43476853,-16.252522
-1.5005381,-0.43471685,-16.252739
-1.4993649,-0.43466517,-16.252956
-1.4981916,-0.4346135,-16.253174
-1.4970183,-0.43456182,-16.253391
-1.4958451,-0.43451014,-16.253609
-1.4946718,-0.43445846,-16.253826
-1.4934986,-0.4344068,-16.254044
-1.4923253,-0.4343551,-16.254261
-1.491152,-0.43430343,-16.254478
-1.4899788,-0.43425176,-16.254696
-1.4888055,-0.43420008,-16.254913
-1.4875786,-0.4340628,-16.255102
-1.4863517,-0.43392554,-16.255291
-1.4851248,-0.43378827,-16.25548
-1.4838979,-0.433651,-16.255669
-1.482671,-0.43351373,-16.255857
-1.4814441,-0.43337646,-16.256046
-1.4802172,-0.4332392,-16.256235
-1.4789903,-0.43310192,-16.256424
-1.4777634,-0.43296465,-16.256613
-1.4765365,-0.43282738,-16.256802
-1.4753096,-0.4326901,-16.25699
-1.4740827,-0.43255284,-16.25718
-1.4728558,-0.43241557,-16.257368
-1.4716289,-0.4322783,-16.257557
-1.470402,-0.43214104,-16.257746
-1.4691751,-0.43200377,-16.257935
-1.4679482,-0.4318665,-16.258123
-1.4667213,-0.43172923,-16.258312
-1.4654944,-0.43159196,-16.258501
-1.4642675,-0.4314547,-16.25869
-1.4630406,-0.43131742,-16.258879
-1.4618137,-0.43118015,-16.259068
-1.4605868,-0.43104288,-16.259256
-1.4593599,-0.4309056,-16.259445
-1.458133,-0.43076834,-16.259634
-1.4569061,-0.43063107,-16.259823
-1.4556792,-0.4304938,-16.260012
-1.4544523,-0.43035653,-16.2602
-1.4532254,-0.43021926,-16.26039
-1.4519985,-0.430082,-16.260578
-1.4507716,-0.42994472,-16.260767
-1.4495447,-0.42980745,-16.260956
-1.4483178,-0.42967018,-16.261145
-1.4470909,-0.42953292,-16.261333
-1.445864,-0.42939565,-16.261522
-1.4446371,-0.42925838,-16.261711
-1.4434102,-0.4291211,-16.2619
-1.4421833,-0.42898384,-16.262089
-1.4409564,-0.42884657,-16.262278
-1.4397295,-0.4287093,-16.262466
-1.4385026,-0.42857203,-16.262655
-1.4372756,-0.42843476,-16.262844
-1.4360487,-0.4282975,-16.263033
-1.4348218,-0.42816022,-16.263222
-1.433595,-0.42802295,-16.26341
-1.432368,-0.42788568,-16.2636
-1.4311411,-0.4277484,-16.263788
-1.4299142,-0.42761114,-16.263977
-1.4286873,-0.42747387,-16.264166
-1.4274604,-0.4273366,-16.264355
-1.4262335,-0.42719933,-16.264544
-1.4250066,-0.42706206,-16.264732
-1.4237797,-0.4269248,-16.264921
-1.4225528,-0.42678753,-16.26511
-1.4213259,-0.42665026,-16.265299
-1.420099,-0.426513,-16.265488
-1.4188721,-0.42637572,-16.265676
-1.4176452,-0.42623845,-16.265865
-1.4164183,-0.42610118,-16.266054
-1.4151914,-0.4259639,-16.266243
-1.4139645,-0.42582664,-16.266432
-1.4127376,-0.42568937,-16.26662
-1.4115107,-0.4255521,-16.26681
-1.4102838,-0.42541483,-16.266998
-1.4090569,-0.42527756,-16.267187
-1.40783,-0.4251403,-16.267376
-1.4066031,-0.42500302,-16.267565
-1.4053762,-0.42486575,-16.267754
-1.4041493,-0.42472848,-16.267942
-1.4029224,-0.4245912,-16.268131
-1.4012219,-0.42438245,-16.268404
-1.3995214,-0.42417368,-16.268677
-1.3978208,-0.42396492,-16.26895
-1.3961203,-0.42375615,-16.269222
-1.3944198,-0.4235474,-16.269495
-1.3927193,-0.42333862,-16.269768
-1.3910187,-0.42312986,-16.27004
-1.3893182,-0.4229211,-16.270313
-1.3876177,-0.42271233,-16.270586
-1.3859172,-0.42250356,-16.270859
-1.3842167,-0.4222948,-16.271132
-1.3825161,-0.42208603,-16.271404
-1.3808156,-0.42187726,-16.271677
-1.3791151,-0.4216685,-16.27195
-1.376945,-0.42136702,-16.272308
-1.3747749,-0.42106554,-16.272667
-1.3726048,-0.42076406,-16.273026
-1.3704348,-0.42046258,-16.273384
-1.3682647,-0.4201611,-16.273743
-1.3660946,-0.41985962,-16.274101
-1.3639245,-0.41955814,-16.27446
-1.3617544,-0.41925666,-16.274818
-1.3595843,-0.41895518,-16.275177
-1.3574142,-0.4186537,-16.275536
-1.3552442,-0.41835222,-16.275894
-1.3530741,-0.41805074,-16.276253
-1.350904,-0.41774926,-16.276611
-1.3487339,-0.41744778,-16.27697
-1.3465638,-0.4171463,-16.277328
-1.3443937,-0.41684482,-16.277687
-1.3422236,-0.41654333,-16.278046
-1.3400536,-0.41624185,-16.278404
-1.3378835,-0.41594037,-16.278763
-1.3357134,-0.4156389,-16.279121
-1.3335433,-0.4153374,-16.27948
-1.3313732,-0.41503593,-16.279839
-1.3292031,-0.41473445,-16.280197
-1.327033,-0.41443297,-16.280556
-1.324863,-0.4141315,-16.280914
-1.3226929,-0.41383,-16.281273
-1.3205228,-0.41352853,-16.281631
-1.3183527,-0.41322705,-16.28199
-1.3161826,-0.41292557,-16.282349
-1.3140125,-0.4126241,-16.282707
-1.3118424,-0.4123226,-16.283066
-1.3096724,-0.41202113,-16.283424
-1.3071481,-0.4116787,-16.28383
-1.3046238,-0.41133627,-16.284237
-1.3020996,-0.41099384,-16.284643
-1.2995753,-0.41065142,-16.28505
-1.2970511,-0.410309,-16.285456
-1.2945268,-0.40996656,-16.285862
-1.2920026,-0.40962413,-16.286268
-1.2894783,-0.4092817,-16.286674
-1.286954,-0.40893927,-16.28708
-1.2844298,-0.40859684,-16.287487
-1.2819055,-0.4082544,-16.287893
-1.2793813,-0.407912,-16.2883
-1.276857,-0.40756956,-16.288706
-1.2743328,-0.40722713,-16.289112
-1.2718085,-0.4068847,-16.289518
-1.2692842,-0.40654227,-16.289925
-1.26676,-0.40619984,-16.29033
-1.2642357,-0.4058574,-16.290737
-1.2617115,-0.405515,-16.291143
-1.2591872,-0.40517256,-16.29155
-1.256663,-0.40483013,-16.291956
-1.2541387,-0.4044877,-16.292362
-1.2516145,-0.40414527,-16.292768
-1.2490902,-0.40380284,-16.293175
-1.2465659,-0.4034604,-16.293581
-1.2440417,-0.40311798,-16.293987
-1.2415174,-0.40277556,-16.294394
-1.2389932,-0.40243313,-16.2948
-1.2364689,-0.4020907,-16.295206
-1.2339447,-0.40174827,-16.295612
-1.2314204,-0.40140584,-16.296019
-1.2288961,-0.4010634,-16.296425
-1.2263719,-0.40072098,-16.296831
-1.2238476,-0.40037856,-16.297237
-1.2213234,-0.40003613,-16.297644
-1.2187991,-0.3996937,-16.29805
-1.2162749,-0.39935127,-16.298456
-1.2137506,-0.39900884,-16.298862
-1.2112263,-0.3986664,-16.299269
-1.2087021,-0.39832398,-16.299675
-1.2061778,-0.39798155,-16.300081
-1.2036536,-0.39763913,-16.300488
-1.2011293,-0.3972967,-16.300894
-1.1986051,-0.39695427,-16.3013
-1.1960808,-0.39661184,-16.301706
-1.1935565,-0.3962694,-16.302113
-1.1910323,-0.39592698,-16.302519
-1.188508,-0.39558455,-16.302925
-1.1859838,-0.39524212,-16.303331
-1.1834595,-0.3948997,-16.303738
-1.1809353,-0.39455727,-16.304144
-1.178411,-0.39421484,-16.30455
-1.1758868,-0.3938724,-16.304956
-1.1733625,-0.39352998,-16.305363
-1.1708382,-0.39318755,-16.305769
-1.168314,-0.39284512,-16.306175
-1.1657897,-0.3925027,-16.306581
-1.1632655,-0.39216027,-16.306988
-1.1607412,-0.39181784,-16.307394
-1.158217,-0.3914754,-16.3078
-1.1556927,-0.39113298,-16.308207
-1.1531684,-0.39079055,-16.308613
-1.1506442,-0.39044812,-16.30902
-1.1481199,-0.3901057,-16.309425
-1.1455957,-0.38976327,-16.309832
-1.1430714,-0.38942084,-16.310238
-1.1405472,-0.3890784,-16.310644
-1.1380229,-0.38873598,-16.31105
-1.1354986,-0.38839355,-16.311457
-1.1329744,-0.38805112,-16.311863
-1.1306819,-0.38769457,-16.312202
-1.1283894,-0.387338,-16.312542
-1.1260968,-0.38698146,-16.312881
-1.1238043,-0.3866249,-16.313221
-1.1215118,-0.38626835,-16.31356
-1.1192193,-0.3859118,-16.3139
-1.1169268,-0.38555524,-16.31424
-1.1146343,-0.38519868,-16.314579
-1.1123418,-0.38484213,-16.314919
-1.1100492,-0.38448557,-16.315258
-1.1077567,-0.38412902,-16.315598
-1.1054642,-0.38377246,-16.315937
-1.1031717,-0.3834159,-16.316277
-1.1010066,-0.3830572,-16.316597
-1.0988415,-0.3826985,-16.316917
-1.0966765,-0.3823398,-16.317238
-1.0945114,-0.3819811,-16.317558
-1.0923463,-0.3816224,-16.317879
-1.0901812,-0.3812637,-16.3182
-1.0880162,-0.380905,-16.31852
-1.0858511,-0.3805463,-16.31884
-1.083686,-0.3801876,-16.31916
-1.0815209,-0.3798289,-16.31948
-1.0793558,-0.3794702,-16.319801
-1.0771908,-0.3791115,-16.320122
-1.0750257,-0.3787528,-16.320442
-1.0728606,-0.3783941,-16.320763
-1.0706955,-0.3780354,-16.321083
-1.0686988,-0.37768304,-16.321375
-1.066702,-0.3773307,-16.321667
-1.0647053,-0.37697834,-16.321959
-1.0627085,-0.37662598,-16.32225
-1.0607117,-0.37627363,-16.322542
-1.058715,-0.37592128,-16.322834
-1.0567182,-0.37556893,-16.323126
-1.0547215,-0.37521657,-16.323418
-1.0527247,-0.37486422,-16.32371
-1.050728,-0.37451187,-16.324001
-1.0487312,-0.37415951,-16.324293
-1.0467345,-0.37380716,-16.324585
-1.0447377,-0.3734548,-16.324877
-1.042741,-0.37310246,-16.325169
-1.0407442,-0.3727501,-16.32546
-1.0387474,-0.37239775,-16.325752
-1.0367507,-0.3720454,-16.326044
-1.0347539,-0.37169304,-16.326336
-1.0327572,-0.3713407,-16.326628
-1.0307604,-0.37098834,-16.32692
-1.0287637,-0.370636,-16.327211
-1.0267669,-0.37028363,-16.327503
-1.0247701,-0.36993128,-16.327795
-1.0227734,-0.36957893,-16.328087
-1.0207766,-0.36922657,-16.328379
-1.0187799,-0.36887422,-16.32867
-1.0167831,-0.36852187,-16.328962
-1.0147864,-0.36816952,-16.329254
-1.0127896,-0.36781716,-16.329546
-1.0107929,-0.3674648,-16.329838
-1.0087961,-0.36711246,-16.33013
-1.0067993,-0.3667601,-16.330421
-1.0048026,-0.36640775,-16.330713
-1.0028058,-0.3660554,-16.331005
-1.0008091,-0.36570305,-16.331297
-0.9988124,-0.3653507,-16.331589
-0.9968157,-0.36499834,-16.33188
-0.994819,-0.364646,-16.332172
-0.9928223,-0.36429363,-16.332464
-0.9908256,-0.36394128,-16.332756
-0.9888289,-0.36358893,-16.333048
-0.9868322,-0.36323658,-16.33334
-0.9848355,-0.36288422,-16.333632
-0.9828388,-0.36253187,-16.333923
-0.9808421,-0.36217952,-16.334215
-0.9788454,-0.36182716,-16.334507
-0.9768487,-0.3614748,-16.334799
-0.974852,-0.36112246,-16.33509
-0.9728553,-0.3607701,-16.335382
-0.97085863,-0.36041775,-16.335674
-0.96886194,-0.3600654,-16.335966
-0.96686524,-0.35971305,-16.336258
-0.96486855,-0.3593607,-16.33655
-0.96287185,-0.35900834,-16.336842
-0.96087515,-0.358656,-16.337133
-0.95887846,-0.35830364,-16.337425
-0.95688176,-0.35795128,-16.337717
-0.95488507,-0.35759893,-16.338009
-0.95288837,-0.35724658,-16.3383
-0.9508917,-0.35689422,-16.338593
-0.948895,-0.35654187,-16.338884
-0.9468983,-0.35618952,-16.339176
-0.9449016,-0.35583717,-16.339468
-0.9429049,-0.3554848,-16.33976
-0.9409082,-0.35513246,-16.340052
-0.9389115,-0.3547801,-16.340343
-0.9369148,-0.35442775,-16.340635
-0.9349181,-0.3540754,-16.340927
-0.9329214,-0.35372305,-16.341219
-0.9309247,-0.3533707,-16.34151
-0.928928,-0.35301834,-16.341803
-0.9270382,-0.35264698,-16.342058
-0.92514837,-0.3522756,-16.342314
-0.92325854,-0.35190424,-16.34257
-0.9217456,-0.35154423,-16.342745
-0.92023265,-0.35118422,-16.34292
-0.9187197,-0.3508242,-16.343096
-0.91720676,-0.3504642,-16.343271
-0.9156938,-0.35010418,-16.343447
-0.9141809,-0.34974417,-16.343622
-0.91266793,-0.34938416,-16.343798
-0.911155,-0.34902415,-16.343973
-0.90964204,-0.34866413,-16.344149
-0.9081291,-0.34830412,-16.344324
-0.90661615,-0.3479441,-16.3445
-0.9051032,-0.3475841,-16.344675
-0.90359026,-0.3472241,-16.34485
-0.9020773,-0.34686407,-16.345026
-0.9005644,-0.34650406,-16.345201
-0.8990514,-0.34614405,-16.345377
-0.8975385,-0.34578404,-16.345552
-0.89602554,-0.34542403,-16.345728
-0.8945126,-0.345064,-16.345903
-0.89299965,-0.344704,-16.346079
-0.8914867,-0.344344,-16.346254
-0.88997376,-0.34398398,-16.34643
-0.8884608,-0.34362397,-16.346605
-0.8869479,-0.34326395,-16.34678
-0.8854349,-0.34290394,-16.346956
-0.883922,-0.34254393,-16.347132
-0.88240904,-0.34218392,-16.347307
-0.88101786,-0.34185046,-16.347458
-0.8796267,-0.341517,-16.347609
-0.8782355,-0.34118354,-16.34776
-0.87684435,-0.34085009,-16.34791
-0.8754532,-0.34051663,-16.34806
-0.874062,-0.34018317,-16.348211
-0.8726708,-0.3398497,-16.348362
-0.87127966,-0.33951625,-16.348513
-0.8698885,-0.3391828,-16.348663
-0.8684973,-0.33884934,-16.348814
-0.86710614,-0.33851588,-16.348965
-0.86571497,-0.33818242,-16.349115
-0.8643238,-0.33784896,-16.349266
-0.8629326,-0.3375155,-16.349417
-0.86154145,-0.33718204,-16.349567
-0.8601503,-0.3368486,-16.349718
-0.8587591,-0.33651513,-16.349869
-0.85736793,-0.33618167,-16.35002
-0.85597676,-0.3358482,-16.35017
-0.8545856,-0.33551475,-16.35032
-0.8531944,-0.3351813,-16.350471
-0.85180324,-0.33484784,-16.350622
-0.8504121,-0.33451438,-16.350773
-0.8490209,-0.33418092,-16.350924
-0.8476297,-0.33384746,-16.351074
-0.84623855,-0.333514,-16.351225
-0.8448474,-0.33318055,-16.351376
-0.8434562,-0.3328471,-16.351526
-0.84206504,-0.33251363,-16.351677
-0.84067386,-0.33218017,-16.351828
-0.8392827,-0.3318467,-16.351978
-0.8378915,-0.33151326,-16.352129
-0.83650035,-0.3311798,-16.35228
-0.8351092,-0.33084634,-16.35243
-0.833718,-0.33051288,-16.352581
-0.8323268,-0.33017942,-16.352732
-0.83093566,-0.32984596,-16.352882
-0.8295445,-0.3295125,-16.353033
-0.8281533,-0.32917905,-16.353184
-0.82676214,-0.3288456,-16.353334
-0.82537097,-0.32851213,-16.353485
-0.8239798,-0.32817867,-16.353636
-0.8225886,-0.32784522,-16.353786
-0.82119745,-0.32751176,-16.353937
-0.8198063,-0.3271783,-16.354088
-0.8184151,-0.32684484,-16.354239
-0.81702393,-0.32651138,-16.35439
-0.81563276,-0.32617792,-16.35454
-0.8142416,-0.32584447,-16.35469
-0.8128504,-0.325511,-16.354841
-0.81145924,-0.32517755,-16.354992
-0.8100681,-0.3248441,-16.355143
-0.8086769,-0.32451063,-16.355293
-0.8072857,-0.32417718,-16.355444
-0.80589455,-0.32384372,-16.355595
-0.8045034,-0.32351026,-16.355745
-0.8031122,-0.3231768,-16.355896
-0.80172104,-0.32284334,-16.356047
-0.80032986,-0.32250988,-16.356197
-0.7989387,-0.32217643,-16.356348
-0.7975475,-0.32184297,-16.356499
-0.79615635,-0.3215095,-16.35665
-0.7947652,-0.32117605,-16.3568
-0.793374,-0.3208426,-16.35695
-0.7919828,-0.32050914,-16.357101
-0.79059166,-0.32017568,-16.357252
-0.7892005,-0.31984222,-16.357403
-0.7878093,-0.31950876,-16.357553
-0.78641814,-0.3191753,-16.357704
-0.78502697,-0.31884184,-16.357855
-0.78367543,-0.31851944,-16.357994
-0.7823239,-0.31819704,-16.358133
-0.78097236,-0.31787464,-16.358273
-0.7796208,-0.31755224,-16.358412
-0.7782693,-0.31722984,-16.358551
-0.77691776,-0.31690744,-16.35869
-0.7755662,-0.31658503,-16.35883
-0.7742147,-0.31626263,-16.358969
-0.77286315,-0.31594023,-16.359108
-0.7715116,-0.31561783,-16.359247
-0.7701601,-0.31529543,-16.359386
-0.76880854,-0.31497303,-16.359526
-0.767457,-0.31465062,-16.359665
-0.7661055,-0.31432822,-16.359804
-0.76475394,-0.31400582,-16.359943
-0.7634024,-0.31368342,-16.360083
-0.76205087,-0.31336102,-16.360222
-0.76069933,-0.31303862,-16.360361
-0.75936574,-0.3127402,-16.360504
-0.75803214,-0.3124418,-16.360647
-0.75669855,-0.3121434,-16.36079
-0.75536495,-0.31184497,-16.360933
-0.75403136,-0.31154656,-16.361076
-0.75269777,-0.31124815,-16.36122
-0.7513642,-0.31094974,-16.361362
-0.7500306,-0.31065133,-16.361506
-0.748697,-0.31035292,-16.361649
-0.7473634,-0.3100545,-16.361792
-0.7460298,-0.3097561,-16.361935
-0.7446962,-0.3094577,-16.362078
-0.7433626,-0.30915928,-16.36222
-0.742029,-0.30886087,-16.362364
-0.7406954,-0.30856246,-16.362507
-0.7393618,-0.30826405,-16.36265
-0.7380282,-0.30796564,-16.362793
-0.73669463,-0.30766723,-16.362936
-0.73536104,-0.30736881,-16.36308
-0.73402745,-0.3070704,-16.363222
-0.73269385,-0.306772,-16.363365
-0.73136026,-0.30647358,-16.363508
-0.73002666,-0.30617517,-16.363651
-0.72869307,-0.30587676,-16.363794
-0.7273595,-0.30557835,-16.363937
-0.7260259,-0.30527994,-16.36408
-0.7246923,-0.30498153,-16.364223
-0.7233587,-0.30468312,-16.364367
-0.7220251,-0.3043847,-16.36451
-0.7206915,-0.3040863,-16.364653
-0.7193579,-0.3037879,-16.364796
-0.7180243,-0.30348948,-16.364939
-0.7166907,-0.30319107,-16.365082
-0.7153571,-0.30289266,-16.365225
-0.71402353,-0.30259424,-16.365368
-0.71268994,-0.30229583,-16.36551
-0.71135634,-0.30199742,-16.365654
-0.71002275,-0.301699,-16.365797
-0.70868915,-0.3014006,-16.36594
-0.70735556,-0.3011022,-16.366083
-0.70602196,-0.30080378,-16.366226
-0.7046884,-0.30050537,-16.36637
-0.7033548,-0.30020696,-16.366512
-0.7020212,-0.29990855,-16.366655
-0.7006876,-0.29961014,-16.366798
-0.699354,-0.29931173,-16.366941
-0.6980204,-0.29901332,-16.367085
-0.6966868,-0.2987149,-16.367228
-0.6953532,-0.2984165,-16.36737
-0.6940196,-0.29811808,-16.367514
-0.692686,-0.29781967,-16.367657
-0.6913524,-0.29752126,-16.3678
-0.69001883,-0.29722285,-16.367943
-0.68868524,-0.29692444,-16.368086
-0.68735164,-0.29662603,-16.368229
-0.68601805,-0.29632762,-16.368372
-0.68468446,-0.2960292,-16.368515
-0.68335086,-0.2957308,-16.368658
-0.68201727,-0.2954324,-16.368801
-0.6806837,-0.29513398,-16.368944
-0.6793501,-0.29483557,-16.369087
-0.6780165,-0.29453716,-16.36923
-0.6766829,-0.29423875,-16.369373
-0.6753493,-0.29394034,-16.369516
-0.6740157,-0.29364192,-16.36966
-0.6726821,-0.2933435,-16.369802
-0.6713485,-0.2930451,-16.369946
-0.6700149,-0.2927467,-16.370089
-0.6686813,-0.29244828,-16.370232
-0.6673477,-0.29214987,-16.370375
-0.66601413,-0.29185146,-16.370518
-0.6646572,-0.29156965,-16.370672
-0.6633002,-0.29128784,-16.370827
-0.66194326,-0.29100603,-16.370981
-0.6605863,-0.29072422,-16.371136
-0.65922934,-0.2904424,-16.37129
-0.6578724,-0.2901606,-16.371445
-0.6565154,-0.2898788,-16.3716
-0.65515846,-0.28959697,-16.371754
-0.6538015,-0.28931516,-16.371908
-0.65244454,-0.28903335,-16.372063
-0.6510876,-0.28875154,-16.372217
-0.6497306,-0.28846973,-16.372372
-0.64837366,-0.28818792,-16.372526
-0.6470167,-0.2879061,-16.37268
-0.6455532,-0.2876277,-16.372852
-0.64408964,-0.28734928,-16.373024
-0.6426261,-0.28707087,-16.373196
-0.6412053,-0.28678295,-16.373348
-0.6397845,-0.28649503,-16.3735
-0.6383637,-0.2862071,-16.373653
-0.6369429,-0.2859192,-16.373806
-0.6355221,-0.28563127,-16.373959
-0.63410133,-0.28534335,-16.374111
-0.63268054,-0.28505543,-16.374264
-0.63125974,-0.2847675,-16.374416
-0.62983894,-0.2844796,-16.374569
-0.62841815,-0.28419167,-16.374722
-0.62699735,-0.28390375,-16.374874
-0.62557656,-0.28361583,-16.375027
-0.62415576,-0.2833279,-16.37518
-0.62273496,-0.28304,-16.375332
-0.62131417,-0.28275207,-16.375484
-0.6198934,-0.28246415,-16.375637
-0.6184726,-0.28217623,-16.37579
-0.6170518,-0.2818883,-16.375942
-0.615631,-0.2816004,-16.376095
-0.6142102,-0.28131247,-16.376247
-0.6127894,-0.28102455,-16.3764
-0.6113686,-0.28073663,-16.376553
-0.6099478,-0.2804487,-16.376705
-0.608527,-0.28016078,-16.376858
-0.6071062,-0.27987286,-16.37701
-0.6056854,-0.27958494,-16.377163
-0.6042646,-0.27929702,-16.377316
-0.6028438,-0.2790091,-16.377468
-0.601423,-0.27872118,-16.37762
-0.6000022,-0.27843326,-16.377773
-0.59858143,-0.27814534,-16.377926
-0.59716064,-0.27785742,-16.378078
-0.59573984,-0.2775695,-16.378231
-0.59431905,-0.27728158,-16.378384
-0.59289825,-0.27699366,-16.378536
-0.59147745,-0.27670574,-16.378689
-0.59005666,-0.27641782,-16.378841
-0.58863586,-0.2761299,-16.378994
-0.58721507,-0.27584198,-16.379147
-0.58579427,-0.27555406,-16.3793
-0.5843735,-0.27526614,-16.379452
-0.5829527,-0.27497822,-16.379604
-0.5815319,-0.2746903,-16.379757
-0.5801111,-0.27440238,-16.37991
-0.5786903,-0.27411446,-16.380062
-0.5772695,-0.27382654,-16.380215
-0.5758487,-0.27353862,-16.380367
-0.5744279,-0.2732507,-16.38052
-0.5730071,-0.27296278,-16.380672
-0.5715863,-0.27267486,-16.380825
-0.5701655,-0.27238694,-16.380978
-0.5687447,-0.27209902,-16.38113
-0.5673239,-0.2718111,-16.381283
-0.5659031,-0.27152318,-16.381435
-0.56448233,-0.27123526,-16.381588
-0.56306154,-0.27094734,-16.38174
-0.56164074,-0.27065942,-16.381893
-0.56021994,-0.2703715,-16.382046
-0.55879915,-0.27008358,-16.382198
-0.55737835,-0.26979566,-16.38235
-0.55595756,-0.26950774,-16.382504
-0.55453676,-0.26921982,-16.382656
-0.55311596,-0.2689319,-16.382809
-0.55169517,-0.26864398,-16.382961
-0.5502744,-0.26835606,-16.383114
-0.5488536,-0.26806813,-16.383266
-0.5474328,-0.2677802,-16.383419
-0.546012,-0.2674923,-16.383572
-0.5445912,-0.26720437,-16.383724
-0.5431704,-0.26691645,-16.383877
-0.5417496,-0.26662853,-16.38403
-0.54041165,-0.26634118,-16.384153
-0.5390737,-0.26605383,-16.384277
-0.53773576,-0.26576647,-16.384401
-0.5363978,-0.26547912,-16.384525
-0.53505987,-0.26519176,-16.38465
-0.5337219,-0.2649044,-16.384773
-0.532384,-0.26461706,-16.384897
-0.53104603,-0.2643297,-16.385021
-0.5297081,-0.26404235,-16.385145
-0.52837014,-0.263755,-16.38527
-0.5270322,-0.26346764,-16.385393
-0.52569425,-0.2631803,-16.385517
-0.5243563,-0.26289293,-16.385641
-0.52301836,-0.26260558,-16.385765
-0.5219663,-0.2623907,-16.385859
-0.5209142,-0.26217583,-16.385952
-0.5198621,-0.26196095,-16.386045
-0.51881003,-0.26174608,-16.386139
-0.51775795,-0.2615312,-16.386232
-0.5167059,-0.26131633,-16.386326
-0.5156538,-0.26110145,-16.38642
-0.5146017,-0.26088658,-16.386513
-0.5135496,-0.2606717,-16.386606
-0.51249754,-0.26045683,-16.3867
-0.51144546,-0.26024196,-16.386793
-0.5103934,-0.26002708,-16.386887
-0.5093413,-0.2598122,-16.38698
-0.5082892,-0.25959733,-16.387074
-0.50723714,-0.25938246,-16.387167
-0.50618505,-0.25916758,-16.38726
-0.505133,-0.2589527,-16.387354
-0.5040809,-0.25873783,-16.387447
-0.5030288,-0.25852296,-16.38754
-0.5019767,-0.25830808,-16.387634
-0.50092465,-0.2580932,-16.387728
-0.49987257,-0.25787833,-16.387821
-0.49882048,-0.25766346,-16.387915
-0.4977684,-0.25744858,-16.388008
-0.49671632,-0.2572337,-16.388102
-0.49566424,-0.25701883,-16.388195
-0.49461216,-0.25680396,-16.388288
-0.49356008,-0.25658908,-16.388382
-0.4918269,-0.25622723,-16.38852
-0.4900937,-0.25586537,-16.388657
-0.48836052,-0.2555035,-16.388794
-0.48662734,-0.25514165,-16.388931
-0.48489416,-0.2547798,-16.389069
-0.48316097,-0.25441793,-16.389206
-0.4814278,-0.25405607,-16.389343
-0.4796946,-0.2536942,-16.38948
-0.47796142,-0.25333235,-16.389618
-0.47622824,-0.2529705,-16.389755
-0.47449505,-0.25260863,-16.389893
-0.47276187,-0.25224677,-16.39003
-0.4710287,-0.2518849,-16.390167
-0.4692955,-0.25152305,-16.390305
-0.46756232,-0.2511612,-16.390442
-0.46582913,-0.25079933,-16.39058
-0.46409595,-0.25043747,-16.390717
-0.46236277,-0.2500756,-16.390854
-0.46062958,-0.24971375,-16.390991
-0.4588964,-0.24935189,-16.391129
-0.4571632,-0.24899003,-16.391266
-0.45543003,-0.24862817,-16.391403
-0.45369685,-0.24826631,-16.39154
-0.45196366,-0.24790445,-16.391678
-0.45023048,-0.24754259,-16.391815
-0.4484973,-0.24718073,-16.391953
-0.4467641,-0.24681887,-16.39209
-0.44503093,-0.24645701,-16.392227
-0.44329774,-0.24609515,-16.392365
-0.44156456,-0.24573329,-16.392502
-0.43983138,-0.24537143,-16.39264
-0.4380982,-0.24500957,-16.392776
-0.436365,-0.24464771,-16.392914
-0.43463182,-0.24428585,-16.393051
-0.43343657,-0.24401614,-16.393127
-0.43224132,-0.24374643,-16.393204
-0.43104607,-0.24347672,-16.39328
-0.42985082,-0.24320701,-16.393356
-0.42865556,-0.2429373,-16.393433
-0.4274603,-0.24266759,-16.393509
-0.42626506,-0.24239787,-16.393585
-0.4250698,-0.24212816,-16.393661
-0.42387456,-0.24185845,-16.393738
-0.42269716,-0.24161272,-16.393818
-0.42151976,-0.24136698,-16.393898
-0.42034236,-0.24112125,-16.393978
-0.41916496,-0.24087551,-16.394058
-0.41798756,-0.24062978,-16.394138
-0.41681015,-0.24038404,-16.394218
-0.41563275,-0.2401383,-16.394299
-0.41445535,-0.23989257,-16.394379
-0.41327795,-0.23964684,-16.394459
-0.41210055,-0.2394011,-16.394539
-0.41092315,-0.23915537,-16.394619
-0.40974575,-0.23890963,-16.3947
-0.40856835,-0.2386639,-16.39478
-0.40739095,-0.23841816,-16.39486
-0.40621355,-0.23817243,-16.39494
-0.40503615,-0.23792669,-16.39502
-0.40385875,-0.23768096,-16.3951
-0.40268135,-0.23743522,-16.39518
-0.40150395,-0.23718949,-16.39526
-0.40032655,-0.23694375,-16.39534
-0.39914915,-0.23669802,-16.39542
-0.39797175,-0.23645228,-16.3955
-0.39679435,-0.23620655,-16.39558
-0.39563975,-0.23594575,-16.395649
-0.39453074,-0.23565482,-16.395695
-0.3935442,-0.23540267,-16.395739
-0.3925348,-0.23533772,-16.395721
-0.3915227,-0.23529373,-16.395676
-0.39061937,-0.23484848,-16.395473
-0.3897172,-0.23438396,-16.395264
-0.38881502,-0.23391943,-16.395054
-0.38791284,-0.23345566,-16.394844
-0.38694066,-0.23310445,-16.394663
-0.38600948,-0.23277432,-16.394491
-0.3850783,-0.23244418,-16.39432
-0.38414714,-0.23211405,-16.394148
-0.38324293,-0.23168841,-16.393934
