-2.5148957,1.3492275,-14.23219
-2.5147285,1.3485616,-14.23297
-2.5145645,1.3479093,-14.233733
-2.5144005,1.347257,-14.234496
-2.5142365,1.3466047,-14.235259
-2.5140724,1.3459524,-14.236022
-2.5139084,1.3453001,-14.236785
-2.5137444,1.3446478,-14.237548
-2.5135803,1.3439966,-14.238311
-2.513291,1.3433574,-14.239053
-2.512876,1.3427294,-14.239774
-2.5124612,1.3421015,-14.240495
-2.5120463,1.3414735,-14.241216
-2.5116315,1.3408455,-14.241937
-2.5112166,1.3402175,-14.242658
-2.5109413,1.3395481,-14.243435
-2.51078,1.3388958,-14.244192
-2.5106199,1.3382435,-14.244947
-2.5104597,1.3375912,-14.245703
-2.5102994,1.3369389,-14.2464695
-2.5101426,1.3362991,-14.247223
-2.5099823,1.3356448,-14.247986
-2.5098221,1.3349906,-14.248749
-2.509662,1.3343364,-14.249512
-2.5095017,1.3336822,-14.250275
-2.5093431,1.3330269,-14.251036
-2.5091858,1.3323703,-14.251791
-2.5090284,1.3317137,-14.252546
-2.5088685,1.3310424,-14.253312
-2.508712,1.3303844,-14.25406
-2.5085557,1.3297263,-14.254807
-2.5083992,1.3290683,-14.255555
-2.5082424,1.3284103,-14.256302
-2.5080822,1.3277522,-14.257057
-2.507922,1.3270942,-14.257818
-2.507765,1.3264499,-14.25858
-2.5076082,1.3258055,-14.259342
-2.5074513,1.3251612,-14.260104
-2.5075252,1.3245012,-14.260887
-2.5075681,1.3237902,-14.261726
-2.5075796,1.3231236,-14.262512
-2.507548,1.3224598,-14.26329
-2.5075166,1.3217961,-14.264069
-2.5074852,1.3211323,-14.264847
-2.5074537,1.3204685,-14.265625
-2.5074222,1.3198048,-14.266403
-2.5073907,1.319141,-14.267181
-2.5073593,1.3184773,-14.26796
-2.5073278,1.3178135,-14.268738
-2.5072963,1.3171498,-14.269516
-2.5072649,1.316486,-14.270294
-2.5072334,1.3158222,-14.271072
-2.507202,1.3151585,-14.271851
-2.5072515,1.3143904,-14.272751
-2.5073316,1.3136613,-14.273605
-2.5074117,1.3129323,-14.27446
-2.5074854,1.312176,-14.275346
-2.5075397,1.3113382,-14.276326
-2.507594,1.3105004,-14.277307
-2.5076485,1.3096626,-14.278287
-2.5077028,1.3088248,-14.279267
-2.5077572,1.307987,-14.280248
-2.5078115,1.3071492,-14.281228
-2.507866,1.3063114,-14.282208
-2.507984,1.3054686,-14.283197
-2.5081232,1.3046241,-14.284189
-2.5082624,1.3037796,-14.285181
-2.5084016,1.3029351,-14.286173
-2.5085409,1.3020906,-14.287165
-2.50868,1.3012462,-14.2881565
-2.5088193,1.3004017,-14.289148
-2.5089586,1.2995572,-14.29014
-2.5090978,1.2987127,-14.291132
-2.509237,1.2978683,-14.292124
-2.5093763,1.2970238,-14.293116
-2.5095155,1.2961793,-14.294107
-2.5096548,1.2953348,-14.295099
-2.509794,1.2944903,-14.296091
-2.5099332,1.2936459,-14.297083
-2.5100725,1.2928014,-14.298075
-2.5102117,1.2919569,-14.299067
-2.510351,1.2911124,-14.300058
-2.5104463,1.2902706,-14.301044
-2.510495,1.2894303,-14.302025
-2.5105426,1.2885896,-14.303005
-2.5105903,1.2877489,-14.303986
-2.510638,1.2869083,-14.304966
-2.5106857,1.2860676,-14.305946
-2.5107334,1.285227,-14.306927
-2.510781,1.2843863,-14.307907
-2.5108356,1.2835726,-14.308856
-2.510911,1.2828397,-14.3097105
-2.5109863,1.2821068,-14.310565
-2.5110617,1.2813739,-14.3114195
-2.511137,1.280641,-14.312274
-2.5112123,1.2799081,-14.313128
-2.5112877,1.2791752,-14.313983
-2.511363,1.2784423,-14.314837
-2.5114384,1.2777094,-14.315692
-2.5115137,1.2769765,-14.316546
-2.511589,1.2762436,-14.317401
-2.5116644,1.2755107,-14.318255
-2.5117397,1.2747778,-14.31911
-2.511815,1.2740449,-14.319964
-2.5118904,1.273312,-14.320819
-2.5119658,1.2725791,-14.321673
-2.512041,1.2718462,-14.322528
-2.5121164,1.2711133,-14.323382
-2.5121918,1.2703804,-14.324237
-2.5122805,1.2697014,-14.3250265
-2.5123577,1.2689689,-14.325881
-2.512435,1.2682365,-14.3267355
-2.5125122,1.2675041,-14.32759
-2.5125895,1.2667717,-14.3284445
-2.5126667,1.2660393,-14.329299
-2.512744,1.2653068,-14.330153
-2.5128212,1.2645744,-14.331008
-2.512928,1.2637845,-14.331931
-2.5130644,1.2629372,-14.332923
-2.5132008,1.2620898,-14.333915
-2.5133371,1.2612425,-14.334907
-2.5134735,1.2603952,-14.335898
-2.51361,1.2595478,-14.33689
-2.5137463,1.2587005,-14.337882
-2.5138826,1.2578532,-14.338874
-2.514019,1.2570058,-14.339866
-2.5141554,1.2561585,-14.3408575
-2.5142918,1.2553111,-14.341849
-2.5144281,1.2544638,-14.342841
-2.5145645,1.2536165,-14.343833
-2.514701,1.2527691,-14.344825
-2.5148373,1.2519218,-14.345817
-2.5149736,1.2510744,-14.346808
-2.51511,1.2502271,-14.3478
-2.5152464,1.2493798,-14.348792
-2.5153828,1.2485324,-14.349784
-2.5155187,1.2477692,-14.350679
-2.5156546,1.247006,-14.351575
-2.5157905,1.2462429,-14.35247
-2.5159264,1.2454797,-14.353366
-2.5160701,1.2446601,-14.354327
-2.5162296,1.2437278,-14.35542
-2.5163891,1.2427955,-14.356513
-2.5165486,1.2418631,-14.357606
-2.5167081,1.2409308,-14.358699
-2.5168676,1.2399985,-14.359792
-2.5170271,1.2390661,-14.360885
-2.5171866,1.2381338,-14.361978
-2.5173461,1.2372015,-14.3630705
-2.5175056,1.2362691,-14.364163
-2.5176651,1.2353368,-14.365256
-2.5178246,1.2344044,-14.366349
-2.5179772,1.2334447,-14.367474
-2.5180697,1.2327683,-14.368265
-2.5181623,1.2320919,-14.369057
-2.5182548,1.2314155,-14.369848
-2.5183473,1.2307391,-14.37064
-2.5184398,1.2300627,-14.371431
-2.5185323,1.2293863,-14.372223
-2.5186248,1.2287099,-14.373014
-2.5187173,1.2280335,-14.373806
-2.5188098,1.2273571,-14.374598
-2.5189023,1.2266808,-14.375389
-2.5189948,1.2260044,-14.376181
-2.5190873,1.225328,-14.376972
-2.5191798,1.2246516,-14.377764
-2.5192723,1.2239752,-14.378555
-2.5193648,1.2232988,-14.379347
-2.5194573,1.2226224,-14.380138
-2.5195498,1.221946,-14.38093
-2.5196424,1.2212696,-14.3817215
-2.5197349,1.2205932,-14.382513
-2.5198274,1.2199168,-14.383305
-2.5199199,1.2192404,-14.384096
-2.5200124,1.218564,-14.384888
-2.520105,1.2178876,-14.385679
-2.5201974,1.2172112,-14.386471
-2.52029,1.2165349,-14.387262
-2.5203824,1.2158585,-14.388054
-2.520475,1.2151821,-14.388845
-2.5205674,1.2145057,-14.389637
-2.52066,1.2138293,-14.390429
-2.5207524,1.2131529,-14.39122
-2.520845,1.2124765,-14.392012
-2.5209374,1.2118001,-14.392803
-2.52103,1.2111237,-14.393595
-2.5211225,1.2104473,-14.394386
-2.521215,1.2097709,-14.395178
-2.5213075,1.2090945,-14.395969
-2.5214171,1.2084025,-14.396779
-2.521544,1.2076949,-14.397607
-2.5216708,1.2069873,-14.398435
-2.5217977,1.2062796,-14.399262
-2.5219245,1.205572,-14.40009
-2.5220513,1.2048644,-14.400918
-2.5221782,1.2041568,-14.401746
-2.522305,1.2034491,-14.402574
-2.5224319,1.2027415,-14.403401
-2.5225291,1.2020909,-14.4041605
-2.5226264,1.2014402,-14.40492
-2.5227237,1.2007896,-14.405679
-2.522821,1.2001389,-14.406438
-2.5229182,1.1994883,-14.407197
-2.5230155,1.1988376,-14.407956
-2.5231128,1.198187,-14.408715
-2.52321,1.1975363,-14.409474
-2.5233216,1.1966873,-14.410461
-2.5234332,1.1958383,-14.4114485
-2.5235448,1.1949893,-14.412436
-2.5236564,1.1941403,-14.413423
-2.523768,1.1932913,-14.41441
-2.5238795,1.1924423,-14.415397
-2.523991,1.1915933,-14.416384
-2.5241027,1.1907443,-14.417371
-2.5242143,1.1898953,-14.418358
-2.5243258,1.1890463,-14.419345
-2.5244374,1.1881973,-14.420332
-2.524549,1.1873482,-14.421319
-2.5246606,1.1864992,-14.422306
-2.5247722,1.1856502,-14.423293
-2.5248837,1.1848012,-14.42428
-2.5249953,1.1839522,-14.425267
-2.525107,1.1831032,-14.426254
-2.5252185,1.1822542,-14.427241
-2.52533,1.1814052,-14.428228
-2.5254416,1.1805562,-14.429215
-2.5255532,1.1797072,-14.4302025
-2.5256648,1.1788582,-14.43119
-2.5257764,1.1780092,-14.432177
-2.525888,1.1771601,-14.433164
-2.5259795,1.1763253,-14.434131
-2.5261083,1.1755673,-14.435003
-2.5262465,1.1748496,-14.435828
-2.5263848,1.174132,-14.436653
-2.526523,1.1734143,-14.437478
-2.5266614,1.1726967,-14.438303
-2.5267997,1.1719791,-14.439128
-2.526938,1.1712614,-14.439953
-2.5270762,1.1705438,-14.440778
-2.5272145,1.1698261,-14.441603
-2.5272503,1.1691204,-14.442413
-2.527286,1.1684147,-14.443224
-2.5273218,1.167709,-14.444035
-2.5273576,1.1670033,-14.444845
-2.5273933,1.1662976,-14.445656
-2.527429,1.1655918,-14.446466
-2.5274649,1.1648861,-14.447277
-2.527707,1.1642404,-14.448023
-2.5275774,1.1635778,-14.448763
-2.527404,1.162907,-14.449518
-2.52723,1.1622239,-14.4503
-2.527186,1.1615131,-14.451117
-2.5271373,1.1607614,-14.451981
-2.5270886,1.1600096,-14.452845
-2.52704,1.1592579,-14.453709
-2.5269914,1.1585062,-14.454573
-2.5269427,1.1577544,-14.455437
-2.526894,1.1570027,-14.456301
-2.5268455,1.156251,-14.457165
-2.5267968,1.1554992,-14.458029
-2.5267482,1.1547475,-14.458893
-2.5266995,1.1539958,-14.459757
-2.526651,1.153244,-14.460621
-2.5266023,1.1524923,-14.461485
-2.526632,1.1517174,-14.462377
-2.5266619,1.1509426,-14.463268
-2.5266917,1.1501677,-14.46416
-2.5267048,1.1495053,-14.464919
-2.5267143,1.1488286,-14.465693
-2.5267239,1.148152,-14.466468
-2.5267544,1.147388,-14.46734
-2.5268245,1.1466184,-14.468216
-2.5268946,1.1458488,-14.469091
-2.5269647,1.1450791,-14.469967
-2.5270348,1.1443095,-14.470842
-2.5271049,1.1435399,-14.471718
-2.527175,1.1427703,-14.472593
-2.527245,1.1420007,-14.473469
-2.5273151,1.1412311,-14.474344
-2.5273852,1.1404614,-14.47522
-2.5274553,1.1396918,-14.476095
-2.5275254,1.1389222,-14.476971
-2.5275843,1.1381959,-14.477797
-2.5275881,1.1375159,-14.478567
-2.527592,1.1368355,-14.479338
-2.5275958,1.1361536,-14.480108
-2.5275996,1.1354717,-14.480879
-2.5277293,1.1347762,-14.481667
-2.5278902,1.13412,-14.48241
-2.5280511,1.1334637,-14.483154
-2.528212,1.1328075,-14.483898
-2.528373,1.1321512,-14.484642
-2.5282161,1.1314276,-14.485455
-2.5281944,1.1307309,-14.486236
-2.5281727,1.1300341,-14.487017
-2.528151,1.1293373,-14.487798
-2.5281293,1.1286405,-14.488579
-2.528257,1.1278424,-14.4894705
-2.5283844,1.1270443,-14.490362
-2.528512,1.1262462,-14.491254
-2.5286396,1.1254481,-14.492146
-2.528767,1.12465,-14.493037
-2.5288947,1.1238519,-14.493929
-2.5290222,1.1230538,-14.494821
-2.5291498,1.1222557,-14.495712
-2.5292773,1.1214576,-14.496604
-2.5294049,1.1206595,-14.497496
-2.5295324,1.1198614,-14.498387
-2.52966,1.1190633,-14.499279
-2.5297875,1.1182652,-14.500171
-2.529915,1.117467,-14.501062
-2.53003,1.1166131,-14.502016
-2.530095,1.1158938,-14.50282
-2.530213,1.1150284,-14.50379
-2.5303311,1.1141629,-14.50476
-2.5304492,1.1132975,-14.50573
-2.5305672,1.112432,-14.5067
-2.5306852,1.1115665,-14.507669
-2.5308032,1.1107011,-14.508639
-2.5309212,1.1098356,-14.509609
-2.5310392,1.1089702,-14.510579
-2.5311573,1.1081047,-14.511549
-2.5312753,1.1072392,-14.512519
-2.531414,1.106545,-14.513303
-2.5315528,1.1058507,-14.514087
-2.5316916,1.1051564,-14.514871
-2.5318303,1.1044621,-14.515655
-2.531969,1.1037679,-14.5164385
-2.5321078,1.1030736,-14.517222
-2.5322466,1.1023793,-14.518006
-2.5323853,1.101685,-14.51879
-2.532524,1.1009908,-14.519574
-2.5326629,1.1002965,-14.520358
-2.5328016,1.0996022,-14.521142
-2.5329404,1.098908,-14.521926
-2.5330791,1.0982137,-14.52271
-2.533218,1.0975194,-14.523494
-2.5333567,1.0968251,-14.524278
-2.5334954,1.0961308,-14.525062
-2.5336342,1.0954366,-14.525846
-2.533773,1.0947423,-14.526629
-2.5339117,1.094048,-14.527413
-2.5340505,1.0933537,-14.528197
-2.5341892,1.0926595,-14.528981
-2.534328,1.0919652,-14.529765
-2.5344667,1.0912709,-14.530549
-2.5346055,1.0905766,-14.531333
-2.5347443,1.0898824,-14.532117
-2.534883,1.0891881,-14.532901
-2.5350218,1.0884938,-14.533685
-2.5351605,1.0877995,-14.534469
-2.5352993,1.0871053,-14.535253
-2.535438,1.086411,-14.5360365
-2.5355768,1.0857167,-14.53682
-2.5357156,1.0850224,-14.537604
-2.5358543,1.0843282,-14.538388
-2.535993,1.0836339,-14.539172
-2.5361319,1.0829396,-14.539956
-2.5362706,1.0822453,-14.54074
-2.5363822,1.0815244,-14.541552
-2.5364666,1.0807767,-14.542391
-2.536551,1.080029,-14.54323
-2.5366354,1.0792813,-14.544069
-2.5367198,1.0785336,-14.544909
-2.5368042,1.077786,-14.545748
-2.5368886,1.0770383,-14.546587
-2.536973,1.0762906,-14.547426
-2.5370574,1.0755429,-14.548265
-2.53719,1.0748191,-14.549078
-2.5373225,1.0740952,-14.5498905
-2.537455,1.0733714,-14.550703
-2.5375876,1.0726476,-14.551516
-2.5377202,1.0719237,-14.552328
-2.5378528,1.0711999,-14.553141
-2.5379853,1.070476,-14.553953
-2.538118,1.0697522,-14.554766
-2.5382504,1.0690284,-14.555578
-2.538383,1.0683045,-14.556391
-2.5385156,1.0675807,-14.557203
-2.5386481,1.0668569,-14.558016
-2.5387807,1.066133,-14.558828
-2.5389132,1.0654092,-14.559641
-2.5390458,1.0646853,-14.560453
-2.5391784,1.0639615,-14.561266
-2.539311,1.0632377,-14.562078
-2.5394435,1.0625138,-14.562891
-2.539576,1.06179,-14.563704
-2.5397086,1.0610662,-14.564516
-2.5398412,1.0603423,-14.565329
-2.5399737,1.0596185,-14.566141
-2.5401063,1.0588946,-14.566954
-2.5402389,1.0581708,-14.567766
-2.5403714,1.057447,-14.568579
-2.540504,1.0567231,-14.569391
-2.5406365,1.0559993,-14.570204
-2.540769,1.0552754,-14.571016
-2.5409017,1.0545516,-14.571829
-2.5410342,1.0538278,-14.572641
-2.5411668,1.0531039,-14.573454
-2.5412993,1.0523801,-14.574266
-2.541432,1.0516562,-14.575079
-2.5415645,1.0509324,-14.5758915
-2.541697,1.0502086,-14.576704
-2.5418296,1.0494847,-14.577517
-2.5419621,1.0487609,-14.578329
-2.5420947,1.048037,-14.579142
-2.54222,1.0472853,-14.579985
-2.5423455,1.0465336,-14.580828
-2.542471,1.0457819,-14.581671
-2.5425963,1.0450301,-14.582514
-2.5427217,1.0442784,-14.583357
-2.5428472,1.0435266,-14.5842
-2.5429726,1.0427749,-14.585043
-2.5431042,1.0420511,-14.5858555
-2.5432358,1.0413272,-14.586668
-2.5433383,1.0406623,-14.587414
-2.5434408,1.0399973,-14.58816
-2.5435433,1.0393324,-14.588905
-2.5436459,1.0386674,-14.589651
-2.5437484,1.0380025,-14.590397
-2.543851,1.0373375,-14.591143
-2.5439534,1.0366726,-14.591888
-2.544056,1.0360076,-14.592634
-2.5441585,1.0353427,-14.59338
-2.544261,1.0346777,-14.594126
-2.5443635,1.0340128,-14.5948715
-2.544466,1.0333478,-14.595617
-2.5445685,1.0326829,-14.596363
-2.544671,1.032018,-14.597109
-2.5447736,1.031353,-14.597855
-2.544876,1.030688,-14.5986
-2.5449786,1.0300231,-14.599346
-2.5450811,1.0293581,-14.600092
-2.5451837,1.0286932,-14.600838
-2.5452862,1.0280282,-14.6015835
-2.5453887,1.0273633,-14.602329
-2.5454912,1.0266984,-14.603075
-2.5455937,1.0260334,-14.603821
-2.5456963,1.0253685,-14.604567
-2.5457988,1.0247035,-14.605312
-2.5459013,1.0240386,-14.606058
-2.5460038,1.0233736,-14.606804
-2.5461063,1.0227087,-14.60755
-2.5462089,1.0220437,-14.608295
-2.5463114,1.0213788,-14.609041
-2.546414,1.0207138,-14.609787
-2.5465164,1.0200489,-14.610533
-2.546619,1.0193839,-14.611279
-2.5467215,1.018719,-14.612024
-2.546824,1.018054,-14.61277
-2.5469265,1.017389,-14.613516
-2.547029,1.0167241,-14.614262
-2.5471315,1.0160592,-14.615007
-2.547234,1.0153942,-14.615753
-2.5473635,1.0145692,-14.616677
-2.547493,1.0137441,-14.617601
-2.5476224,1.0129191,-14.6185255
-2.547752,1.012094,-14.61945
-2.5479028,1.0112673,-14.620376
-2.5480967,1.0104373,-14.621305
-2.5482905,1.0096072,-14.622235
-2.5484843,1.0087771,-14.623165
-2.5486782,1.0079471,-14.624095
-2.548872,1.007117,-14.625025
-2.5490658,1.006287,-14.625955
-2.5492597,1.0054569,-14.626884
-2.5494535,1.0046269,-14.627814
-2.5496473,1.0037968,-14.628744
-2.5498354,1.0029387,-14.629705
-2.550012,1.0020247,-14.63073
-2.5501888,1.0011106,-14.631754
-2.5503654,1.0001965,-14.632778
-2.550542,0.99928236,-14.633802
-2.5507188,0.99836826,-14.634827
-2.5508955,0.99745417,-14.635851
-2.5510721,0.99654007,-14.636875
-2.5512488,0.995626,-14.637899
-2.5514255,0.9947119,-14.638924
-2.5516021,0.9937978,-14.639948
-2.5517788,0.9928837,-14.640972
-2.5519555,0.9919696,-14.641996
-2.5521321,0.9910555,-14.643021
-2.5523088,0.9901414,-14.644045
-2.5524855,0.9892273,-14.645069
-2.5526621,0.9883132,-14.646093
-2.5528388,0.9873991,-14.647118
-2.5530155,0.986485,-14.648142
-2.5531921,0.9855709,-14.649166
-2.5533688,0.9846568,-14.65019
-2.5535455,0.9837427,-14.651215
-2.5537221,0.9828286,-14.652239
-2.5538988,0.9819145,-14.653263
-2.5540755,0.9810004,-14.654287
-2.5541809,0.98033273,-14.655029
-2.5542862,0.97966504,-14.655771
-2.5543916,0.97899735,-14.656513
-2.554497,0.97832966,-14.657255
-2.5546024,0.97766197,-14.657997
-2.5547078,0.9769943,-14.658739
-2.5548131,0.9763266,-14.659481
-2.5549185,0.9756589,-14.660223
-2.555024,0.9749912,-14.660965
-2.5551875,0.97420156,-14.661839
-2.555351,0.9734119,-14.662712
-2.5555146,0.9726223,-14.663586
-2.5556781,0.97183263,-14.664459
-2.5558417,0.971043,-14.665333
-2.5560052,0.97025335,-14.666206
-2.5561688,0.9694637,-14.66708
-2.5563323,0.96867406,-14.6679535
-2.556496,0.9678844,-14.668827
-2.5566595,0.9670948,-14.669701
-2.556823,0.96630514,-14.670574
-2.5569866,0.9655155,-14.671448
-2.5571501,0.96472585,-14.672321
-2.5573137,0.9639362,-14.673195
-2.5574772,0.96314657,-14.674068
-2.5576408,0.9623569,-14.674942
-2.5578043,0.9615673,-14.675816
-2.557968,0.96077764,-14.676689
-2.5581315,0.959988,-14.677563
-2.558295,0.95919836,-14.678436
-2.5584586,0.9584087,-14.67931
-2.5586221,0.9576191,-14.680183
-2.5587857,0.9568294,-14.681057
-2.5589492,0.9560398,-14.681931
-2.5591128,0.95525014,-14.682804
-2.5592763,0.9544605,-14.683678
-2.55944,0.95367086,-14.684551
-2.5596035,0.9528812,-14.685425
-2.559767,0.9520916,-14.686298
-2.5599306,0.95130193,-14.687172
-2.560094,0.9505123,-14.6880455
-2.5602577,0.94972265,-14.688919
-2.5604212,0.948933,-14.689793
-2.5605848,0.94814336,-14.690666
-2.5607483,0.9473537,-14.69154
-2.560912,0.9465641,-14.692413
-2.5610754,0.94577444,-14.693287
-2.5612562,0.94486797,-14.694288
-2.561437,0.9439615,-14.69529
-2.5616176,0.94305503,-14.696291
-2.5617983,0.94214857,-14.697292
-2.561979,0.9412421,-14.698294
-2.5621598,0.94033563,-14.699295
-2.5623405,0.93942916,-14.700296
-2.5625222,0.9385222,-14.701298
-2.5627038,0.9376153,-14.702299
-2.5629184,0.93667257,-14.703333
-2.563133,0.93572986,-14.704367
-2.5633476,0.93478715,-14.7054
-2.5635622,0.93384445,-14.706434
-2.5637767,0.93290174,-14.707468
-2.5639913,0.93195903,-14.708502
-2.564206,0.9310163,-14.709536
-2.5644205,0.9300736,-14.710569
-2.564635,0.9291309,-14.711603
-2.5648496,0.9281882,-14.712637
-2.5650642,0.9272455,-14.713671
-2.5652788,0.9263028,-14.7147045
-2.5654933,0.9253601,-14.715738
-2.565708,0.9244174,-14.716772
-2.5659225,0.92347467,-14.717806
-2.566137,0.92253196,-14.71884
-2.5663517,0.92158926,-14.719873
-2.5665662,0.92064655,-14.720907
-2.5667808,0.91970384,-14.721941
-2.5669954,0.91876113,-14.722975
-2.56721,0.9178184,-14.724009
-2.5674245,0.9168757,-14.725042
-2.567639,0.915933,-14.726076
-2.5678537,0.9149903,-14.72711
-2.5680683,0.9140476,-14.728144
-2.5682828,0.9131049,-14.729177
-2.5684974,0.9121622,-14.730211
-2.568712,0.9112195,-14.731245
-2.5689266,0.9102768,-14.732279
-2.5691411,0.90933406,-14.733313
-2.5693557,0.90839136,-14.734346
-2.5695703,0.90744865,-14.73538
-2.5697849,0.90650594,-14.736414
-2.5699995,0.90556324,-14.737448
-2.570214,0.9046205,-14.7384815
-2.5704286,0.9036778,-14.739515
-2.5706213,0.902735,-14.740545
-2.570792,0.90179205,-14.741571
-2.5709627,0.9008491,-14.742598
-2.5711334,0.89990616,-14.743624
-2.571304,0.8989632,-14.74465
-2.5714748,0.89802027,-14.745676
-2.5716455,0.8970773,-14.746702
-2.5718102,0.8962056,-14.747648
-2.571969,0.8954051,-14.748514
-2.5721278,0.8946046,-14.74938
-2.5722866,0.89380413,-14.750246
-2.5724454,0.89300364,-14.751112
-2.5726042,0.89220315,-14.751978
-2.572763,0.89140266,-14.752844
-2.5729063,0.8906312,-14.753675
-2.573034,0.88988876,-14.754473
-2.5731618,0.8891463,-14.75527
-2.5732896,0.8884039,-14.756067
-2.5734174,0.88766146,-14.756865
-2.5735452,0.886919,-14.757662
-2.573673,0.8861766,-14.758459
-2.5738008,0.88543415,-14.759256
-2.5739286,0.8846917,-14.760054
-2.5740564,0.8839493,-14.760851
-2.5741842,0.88320684,-14.761648
-2.574312,0.8824644,-14.762445
-2.5744398,0.881722,-14.763243
-2.5745676,0.88097954,-14.76404
-2.5746953,0.8802371,-14.764837
-2.5748231,0.87949467,-14.765635
-2.574951,0.87875223,-14.766432
-2.5750787,0.8780098,-14.767229
-2.5752065,0.87726736,-14.768026
-2.5753343,0.8765249,-14.768824
-2.575462,0.8757825,-14.769621
-2.57559,0.87504005,-14.770418
-2.5757177,0.8742976,-14.771215
-2.5758455,0.8735552,-14.772013
-2.5759733,0.87281275,-14.77281
-2.576101,0.8720703,-14.773607
-2.5762289,0.8713279,-14.774405
-2.5763566,0.87058544,-14.775202
-2.5764844,0.869843,-14.775999
-2.5766122,0.8691006,-14.776796
-2.57674,0.86835814,-14.777594
-2.5768678,0.8676157,-14.778391
-2.5769956,0.86687326,-14.779188
-2.5771234,0.8661308,-14.779985
-2.5772512,0.8653884,-14.780783
-2.577379,0.86464596,-14.78158
-2.5775068,0.8639035,-14.782377
-2.5776393,0.8631871,-14.783142
-2.577772,0.8624706,-14.783907
-2.5779045,0.8617542,-14.784672
-2.578037,0.86103773,-14.785437
-2.5781696,0.8603213,-14.7862015
-2.5783021,0.85960484,-14.786966
-2.5784347,0.8588884,-14.787731
-2.5785491,0.85818744,-14.788477
-2.5786455,0.857502,-14.789204
-2.5787418,0.85681653,-14.78993
-2.578838,0.8561311,-14.790657
-2.5789344,0.8554456,-14.791384
-2.5790308,0.85476017,-14.79211
-2.579127,0.8540747,-14.792837
-2.5792234,0.85338926,-14.793564
-2.5793197,0.8527038,-14.794291
-2.579416,0.85201836,-14.795017
-2.5795124,0.8513329,-14.795744
-2.5796087,0.85064745,-14.796471
-2.579705,0.849962,-14.797197
-2.5798013,0.84927654,-14.797924
-2.5798976,0.8485911,-14.798651
-2.579994,0.84790564,-14.799377
-2.580157,0.8469604,-14.800376
-2.5803201,0.8460152,-14.801374
-2.5804832,0.84507,-14.802373
-2.5806463,0.8441248,-14.803371
-2.5808094,0.8431796,-14.80437
-2.5809724,0.8422344,-14.805368
-2.5811355,0.84128916,-14.806367
-2.5812986,0.84034395,-14.807365
-2.5814617,0.83939874,-14.808364
-2.5816247,0.83845353,-14.809362
-2.5817878,0.8375083,-14.810361
-2.581951,0.8365631,-14.811359
-2.582114,0.8356179,-14.812358
-2.582277,0.8346727,-14.813356
-2.5824401,0.8337275,-14.814355
-2.5826032,0.83278227,-14.815353
-2.5827663,0.83183706,-14.816352
-2.5829294,0.83089185,-14.81735
-2.5830925,0.82994664,-14.818349
-2.5832555,0.8290014,-14.819347
-2.5834186,0.8280562,-14.820346
-2.5835817,0.827111,-14.821344
-2.5837448,0.8261658,-14.822343
-2.5839078,0.8252206,-14.823341
-2.5840628,0.8242439,-14.824367
-2.5842094,0.82323587,-14.825419
-2.5843015,0.822543,-14.82614
-2.5843935,0.8218502,-14.826861
-2.5844855,0.82115734,-14.827582
-2.5845776,0.8204645,-14.828303
-2.5846696,0.81977165,-14.829024
-2.5847616,0.8190788,-14.829745
-2.5848536,0.81838596,-14.830466
-2.5849457,0.8176931,-14.831187
-2.5850377,0.81700027,-14.831908
-2.5851297,0.8163074,-14.832629
-2.5852218,0.8156146,-14.83335
-2.5853138,0.81492174,-14.834071
-2.5854058,0.8142289,-14.834792
-2.5854979,0.81353605,-14.835513
-2.5855818,0.81281185,-14.836261
-2.5856657,0.81208766,-14.837008
-2.5857496,0.81136346,-14.837756
-2.5858335,0.81063926,-14.838504
-2.5859175,0.80991507,-14.8392515
-2.5860014,0.80919087,-14.839999
-2.5860853,0.8084667,-14.840747
-2.5861692,0.8077425,-14.841495
-2.5862532,0.8070183,-14.842242
-2.586337,0.8062941,-14.84299
-2.586421,0.8055699,-14.843738
-2.586505,0.8048457,-14.844485
-2.5865889,0.8041215,-14.845233
-2.5866728,0.8033973,-14.845981
-2.5867567,0.8026731,-14.846728
-2.5868406,0.8019489,-14.847476
-2.5869246,0.8012247,-14.848224
-2.5870085,0.8005005,-14.848971
-2.5870924,0.7997763,-14.849719
-2.5871763,0.7990521,-14.850467
-2.5872602,0.7983279,-14.851214
-2.5873442,0.7976037,-14.851962
-2.587428,0.79687953,-14.85271
-2.587512,0.79615533,-14.853457
-2.587596,0.79543114,-14.854205
-2.5876799,0.79470694,-14.854953
-2.5877638,0.79398274,-14.8557005
-2.5878477,0.79325855,-14.856448
-2.5879316,0.79253435,-14.857196
-2.5880156,0.79181015,-14.857944
-2.5880995,0.79108596,-14.858691
-2.5881834,0.79036176,-14.859439
-2.5882673,0.78963757,-14.860187
-2.5883512,0.78891337,-14.860934
-2.5884352,0.7881892,-14.861682
-2.588519,0.787465,-14.86243
-2.5886226,0.7864687,-14.863456
-2.5887218,0.78554595,-14.864404
-2.5888348,0.7846803,-14.865291
-2.5889478,0.78381467,-14.866178
-2.5890608,0.78294903,-14.867064
-2.5891738,0.7820834,-14.867951
-2.5892868,0.78121775,-14.868838
-2.5893998,0.7803521,-14.869725
-2.5895128,0.7794865,-14.870612
-2.5896258,0.77862084,-14.871499
-2.5897388,0.7777552,-14.872386
-2.5897965,0.7770163,-14.873145
-2.5898366,0.77611554,-14.874072
-2.5898767,0.7752148,-14.874999
-2.5899167,0.77431405,-14.875926
-2.5899568,0.7734133,-14.876853
-2.5899968,0.77251256,-14.87778
-2.5900369,0.7716118,-14.878707
-2.590077,0.77071106,-14.879634
-2.590117,0.7698103,-14.880561
-2.590157,0.7689096,-14.881488
-2.590197,0.7680088,-14.882415
-2.5902371,0.7671081,-14.883342
-2.5902772,0.76620734,-14.884269
-2.5903172,0.7653066,-14.885196
-2.5903573,0.76440585,-14.886123
-2.5903974,0.7635051,-14.88705
-2.5904374,0.76260436,-14.887977
-2.5904775,0.7617036,-14.888904
-2.5905175,0.76080287,-14.889831
-2.590545,0.76004857,-14.890598
-2.5905724,0.7592943,-14.891366
-2.5906098,0.7585826,-14.892088
-2.5907183,0.7578249,-14.892842
-2.5908267,0.7570672,-14.893597
-2.5909352,0.7563095,-14.894351
-2.5910134,0.75560224,-14.895057
-2.590836,0.75490844,-14.895766
-2.5906587,0.75421464,-14.896476
-2.5904813,0.75352085,-14.897185
-2.5903864,0.7528117,-14.897904
-2.5904078,0.7520505,-14.898667
-2.5903711,0.75131327,-14.899408
-2.5903344,0.750576,-14.900149
-2.5902977,0.74983877,-14.90089
-2.590261,0.7491015,-14.901631
-2.5902243,0.74836427,-14.902372
-2.5901875,0.747627,-14.903113
-2.5901508,0.74688977,-14.903854
-2.590114,0.7461525,-14.904595
-2.5900774,0.7454153,-14.905336
-2.5900407,0.744678,-14.906077
-2.5900092,0.7438791,-14.906878
-2.5899708,0.74314183,-14.907619
-2.5899324,0.7424046,-14.9083605
-2.589894,0.74166733,-14.9091015
-2.5898557,0.7409301,-14.9098425
-2.5898173,0.74019283,-14.9105835
-2.589779,0.7394556,-14.9113245
-2.5897617,0.7387144,-14.912065
-2.5897484,0.7379877,-14.912789
-2.589735,0.737261,-14.913514
-2.5897217,0.7365343,-14.914239
-2.5897083,0.7358076,-14.914964
-2.589695,0.7350809,-14.9156885
-2.5896816,0.7343542,-14.916413
-2.5896683,0.7336275,-14.917138
-2.589655,0.7329008,-14.917863
-2.5895379,0.7321932,-14.918583
-2.5893567,0.73149484,-14.919298
-2.5891736,0.73079103,-14.919985
-2.5889962,0.73002315,-14.920747
-2.588956,0.72927296,-14.921474
-2.588916,0.7285228,-14.922202
-2.5889647,0.72768056,-14.923009
-2.5890133,0.72683835,-14.923816
-2.589062,0.72599614,-14.924623
-2.5891106,0.7251539,-14.925429
-2.5891593,0.7243117,-14.926236
-2.589208,0.7234695,-14.927043
-2.5892565,0.7226273,-14.92785
-2.5893052,0.72178507,-14.928657
-2.5893538,0.72094285,-14.929463
-2.5894024,0.72010064,-14.93027
-2.589451,0.7192584,-14.931077
-2.5894997,0.7184162,-14.931884
-2.5896285,0.7176235,-14.932637
-2.5897572,0.71683073,-14.933391
-2.589865,0.71604115,-14.934142
-2.5898888,0.7152642,-14.934886
-2.5899127,0.71448725,-14.93563
-2.5899365,0.7137103,-14.936374
-2.5899937,0.7128941,-14.937148
-2.5900652,0.7121359,-14.937863
-2.5901368,0.71137774,-14.938579
-2.5902083,0.71061957,-14.939294
-2.5902798,0.7098614,-14.940009
-2.5903513,0.7091032,-14.940724
-2.5904229,0.70834506,-14.94144
-2.5904944,0.7075869,-14.942155
-2.590566,0.7068287,-14.94287
-2.5906374,0.70607054,-14.943585
-2.590709,0.7053124,-14.944301
-2.5907805,0.7045542,-14.945016
-2.5908132,0.70372564,-14.945802
-2.590778,0.7029717,-14.946523
-2.5907533,0.7021692,-14.947289
-2.5907438,0.7014258,-14.947999
-2.5907342,0.7006824,-14.948709
-2.5907247,0.699939,-14.949418
-2.5908842,0.6991774,-14.950123
-2.5910923,0.6984371,-14.950801
-2.5913005,0.6976968,-14.951479
-2.5915086,0.6969565,-14.952157
-2.5917168,0.6962162,-14.952835
-2.591925,0.69547594,-14.953513
-2.592133,0.69473565,-14.954191
-2.5923412,0.69399536,-14.954869
-2.5924149,0.6932322,-14.955579
-2.5924892,0.6924683,-14.956288
-2.5925636,0.6917044,-14.956998
-2.592774,0.6909625,-14.957667
-2.5929842,0.6902206,-14.958337
-2.5931945,0.6894787,-14.959006
-2.5934048,0.6887368,-14.959676
-2.593615,0.6879949,-14.960345
-2.5938253,0.687253,-14.961015
-2.5940356,0.6865111,-14.961684
-2.594246,0.6857692,-14.962354
-2.5943606,0.68497014,-14.963094
-2.5944421,0.6842091,-14.963803
-2.5944958,0.6833147,-14.964644
-2.5945172,0.68245816,-14.965455
-2.5945387,0.68160164,-14.966266
-2.5945601,0.6807451,-14.967076
-2.594646,0.67998356,-14.967786
-2.5947318,0.679222,-14.968495
-2.5948176,0.6784604,-14.969205
-2.5949035,0.67769885,-14.969914
-2.5949893,0.6769373,-14.970624
-2.5950751,0.6761757,-14.9713335
-2.595161,0.67541414,-14.972043
-2.5952468,0.6746526,-14.972753
-2.5953326,0.673891,-14.973462
-2.5954185,0.67312944,-14.974172
-2.5955043,0.6723679,-14.974881
-2.59559,0.6716063,-14.975591
-2.595676,0.67084473,-14.9763
-2.5957618,0.67008317,-14.97701
-2.5958476,0.6693216,-14.977719
-2.5959334,0.66856,-14.978429
-2.5960193,0.66779846,-14.979138
-2.596105,0.6670369,-14.979848
-2.596191,0.6662753,-14.980557
-2.5962768,0.66551375,-14.981267
-2.5963626,0.6647522,-14.9819765
-2.5964484,0.6639906,-14.982686
-2.5965343,0.66322905,-14.983396
-2.596627,0.6624028,-14.984163
-2.5967336,0.6614472,-14.985047
-2.5968401,0.66049165,-14.985931
-2.5969467,0.65953606,-14.986815
-2.5970533,0.6585805,-14.9876995
-2.5971568,0.65760994,-14.988598
-2.597254,0.6566095,-14.989525
-2.5973513,0.655609,-14.990452
-2.5974486,0.65460855,-14.991379
-2.5975459,0.6536081,-14.992306
-2.5976431,0.6526076,-14.993233
-2.5977404,0.65160716,-14.99416
-2.5978377,0.6506067,-14.995087
-2.597935,0.6496062,-14.996014
-2.5980322,0.64860576,-14.996941
-2.5981193,0.647654,-14.997823
-2.5981858,0.6467996,-14.998615
-2.5982523,0.64594525,-14.999408
-2.5983188,0.6450909,-15.0002
-2.5983853,0.6442365,-15.000993
-2.5984519,0.64338213,-15.001785
-2.5985184,0.64252776,-15.002578
-2.598585,0.6416734,-15.00337
-2.5986514,0.640819,-15.004163
-2.598718,0.63996464,-15.004955
-2.5987844,0.63911027,-15.005748
-2.598851,0.6382559,-15.00654
-2.5989175,0.6374015,-15.007333
-2.598984,0.63654715,-15.008125
-2.5990505,0.6356928,-15.008918
-2.599117,0.6348384,-15.00971
-2.5991836,0.633984,-15.010503
-2.59925,0.63312966,-15.011295
-2.5993166,0.6322753,-15.012088
-2.599383,0.6314209,-15.01288
-2.5994496,0.63056654,-15.013673
-2.5995162,0.62971216,-15.014465
-2.5995827,0.6288578,-15.015258
-2.5996492,0.6280034,-15.01605
-2.599718,0.62716305,-15.016828
-2.5997918,0.6263507,-15.017574
-2.5999033,0.62543356,-15.01841
-2.600015,0.6245164,-15.019245
-2.6001265,0.6235993,-15.020081
-2.600238,0.62268215,-15.020916
-2.6003497,0.621765,-15.021751
-2.6004612,0.6208479,-15.022587
-2.6005728,0.61993074,-15.023422
-2.6006844,0.6190136,-15.024258
-2.600796,0.6180965,-15.025093
-2.6008909,0.6171981,-15.025912
-2.6009524,0.6163373,-15.026699
-2.601014,0.6154765,-15.027486
-2.6010754,0.6146157,-15.028273
-2.601137,0.61375487,-15.029059
-2.6011984,0.61289406,-15.029846
-2.60126,0.61203325,-15.030633
-2.6013215,0.61117244,-15.03142
-2.601383,0.6103116,-15.032207
-2.6014445,0.6094508,-15.032993
-2.601506,0.60859,-15.03378
-2.6015675,0.6077292,-15.034567
-2.601629,0.6068684,-15.035354
-2.6016905,0.6060076,-15.03614
-2.601752,0.60514677,-15.036927
-2.6018136,0.60428596,-15.037714
-2.601875,0.60342515,-15.038501
-2.6019366,0.60256433,-15.039288
-2.601998,0.6017035,-15.040074
-2.6020596,0.6008427,-15.040861
-2.602121,0.5999819,-15.041648
-2.6021826,0.5991211,-15.042435
-2.6022441,0.5982603,-15.043221
-2.6023057,0.5973995,-15.044008
-2.6023672,0.59653866,-15.044795
-2.602493,0.59566694,-15.045585
-2.602619,0.5947952,-15.046374
-2.6027448,0.5939235,-15.047164
-2.6028707,0.5930518,-15.047954
-2.6029966,0.5921801,-15.048743
-2.6031158,0.5912779,-15.0495615
-2.6032217,0.5903148,-15.050437
-2.6033275,0.5893517,-15.051312
-2.6034334,0.5883886,-15.052188
-2.6035392,0.58742553,-15.053063
-2.603645,0.58646244,-15.053939
-2.603751,0.58549935,-15.054814
-2.6038568,0.58453625,-15.05569
-2.6039627,0.58357316,-15.056565
-2.6040685,0.5826101,-15.057441
-2.6041744,0.581647,-15.058316
-2.6042802,0.5806839,-15.059192
-2.604386,0.5797208,-15.060067
-2.604492,0.5787577,-15.060943
-2.6045978,0.5777946,-15.061818
-2.6047037,0.5768315,-15.062694
-2.6048095,0.5758684,-15.063569
-2.6049154,0.57490534,-15.064445
-2.6050212,0.57394224,-15.06532
-2.605127,0.57297915,-15.0661955
-2.605233,0.57201606,-15.067071
-2.6053388,0.57105297,-15.067946
-2.6054447,0.5700899,-15.068822
-2.6055505,0.5691268,-15.069697
-2.6056564,0.5681637,-15.070573
-2.605743,0.5671094,-15.071534
-2.6058295,0.5660551,-15.072495
-2.605916,0.56500083,-15.073457
-2.6060026,0.56394655,-15.074418
-2.6061068,0.5628729,-15.075394
-2.6061997,0.5621313,-15.076063
-2.6062927,0.5613897,-15.076733
-2.6063857,0.5606481,-15.077402
-2.6064787,0.5599065,-15.078072
-2.6065717,0.5591649,-15.078741
-2.6066647,0.5584233,-15.079411
-2.6067576,0.5576817,-15.08008
-2.6068444,0.556909,-15.080777
-2.606925,0.5561053,-15.081502
-2.6070056,0.5553016,-15.082227
-2.6070862,0.5544979,-15.082952
-2.6071668,0.5536942,-15.083676
-2.6072474,0.5528905,-15.084401
-2.607328,0.5520868,-15.085126
-2.6074085,0.55128306,-15.085851
-2.607489,0.55047935,-15.0865755
-2.6075697,0.54967564,-15.0873
-2.6076503,0.54887193,-15.088025
-2.6077309,0.5480682,-15.08875
-2.6078115,0.5472645,-15.089475
-2.607892,0.5464608,-15.090199
-2.6079726,0.5456571,-15.090924
-2.6080532,0.5448534,-15.091649
-2.6081338,0.5440497,-15.092374
-2.6082144,0.543246,-15.093099
-2.608295,0.54244226,-15.093823
-2.6083755,0.54163855,-15.094548
-2.6084561,0.54083484,-15.095273
-2.6085367,0.54003114,-15.095998
-2.6086173,0.5392274,-15.096723
-2.608698,0.5384237,-15.097447
-2.6087785,0.53762,-15.098172
-2.608859,0.5368163,-15.098897
-2.6089396,0.5360126,-15.099622
-2.6090202,0.5352089,-15.100347
-2.6091008,0.5344052,-15.101071
-2.6091814,0.53360146,-15.101796
-2.609262,0.53279775,-15.102521
-2.6093426,0.53199404,-15.103246
-2.6094232,0.53119034,-15.103971
-2.6095037,0.5303866,-15.104695
-2.6095843,0.5295829,-15.10542
-2.609665,0.5287792,-15.106145
-2.6097455,0.5279755,-15.10687
-2.6098328,0.52720135,-15.107566
-2.6099162,0.5264116,-15.108276
-2.6099958,0.5256062,-15.109001
-2.6100755,0.52480084,-15.109726
-2.610155,0.52399546,-15.110451
-2.6102347,0.5231901,-15.111176
-2.6103144,0.5223847,-15.1119
-2.610394,0.5215793,-15.112625
-2.6104736,0.52077395,-15.11335
-2.6105533,0.51996857,-15.114075
-2.610633,0.5191632,-15.1147995
-2.6107125,0.5183578,-15.115524
-2.6107922,0.51755244,-15.116249
-2.6108718,0.51674706,-15.116974
-2.6109514,0.5159417,-15.117699
-2.611031,0.5151363,-15.118423
-2.6110964,0.51436436,-15.119118
-2.611173,0.5132566,-15.120113
-2.6112494,0.51214886,-15.121109
-2.611326,0.5110411,-15.122105
-2.6114025,0.50993335,-15.1231
-2.611479,0.5088256,-15.124096
-2.6115556,0.50771785,-15.125092
-2.611632,0.5066101,-15.126087
-2.6117086,0.50550234,-15.127083
-2.6117852,0.5043946,-15.128078
-2.6118684,0.5033163,-15.129044
-2.611955,0.5022527,-15.129993
-2.6120415,0.5011891,-15.130943
-2.612128,0.5001255,-15.131893
-2.6122146,0.49906194,-15.132843
-2.612301,0.49799836,-15.133793
-2.6123877,0.49693477,-15.134743
-2.6124742,0.4958712,-15.135693
-2.6125607,0.4948076,-15.136642
-2.6126473,0.49374402,-15.137592
-2.6127338,0.49268043,-15.138542
-2.6128204,0.49161685,-15.139492
-2.612907,0.49055326,-15.140442
-2.6129935,0.48948967,-15.141392
-2.61308,0.4884261,-15.142342
-2.613198,0.48749894,-15.143163
-2.613316,0.4865718,-15.143984
-2.613434,0.48564464,-15.144805
-2.613552,0.4847175,-15.145626
-2.61367,0.48379034,-15.146447
-2.6137881,0.4828632,-15.147268
-2.6139061,0.48193604,-15.148089
-2.6140242,0.4810089,-15.1489105
-2.6141422,0.48008174,-15.149732
-2.6142602,0.4791546,-15.150553
-2.6143782,0.47822744,-15.151374
-2.6144962,0.4773003,-15.152195
-2.6146142,0.47637314,-15.153016
-2.6147323,0.475446,-15.153837
-2.6148503,0.47451884,-15.154658
-2.6149683,0.4735917,-15.155479
-2.6150863,0.47266454,-15.156301
-2.6152043,0.47173738,-15.157122
-2.6153224,0.47081023,-15.157943
-2.6154404,0.46988308,-15.158764
-2.6155584,0.46895593,-15.159585
-2.6156764,0.46802878,-15.160406
-2.6157944,0.46710163,-15.161227
-2.6159124,0.46617448,-15.162048
-2.6160028,0.46531534,-15.16281
-2.616079,0.4644893,-15.163542
-2.616155,0.4636615,-15.164271
-2.6162307,0.46283367,-15.165001
-2.6163065,0.46200585,-15.16573
-2.6163824,0.46117803,-15.16646
-2.6164582,0.46035022,-15.16719
-2.616534,0.4595224,-15.167919
-2.6166098,0.45869458,-15.168649
-2.6166856,0.45786676,-15.169378
-2.6167614,0.45703894,-15.170108
-2.6168363,0.4562095,-15.1708355
-2.6169107,0.45537928,-15.171562
-2.616985,0.45454904,-15.172289
-2.6170595,0.4537188,-15.173016
-2.6171339,0.45288858,-15.173742
-2.6172082,0.45205835,-15.174469
-2.6172826,0.4512281,-15.175196
-2.617357,0.45039788,-15.175922
-2.6174314,0.44956765,-15.176649
-2.6175058,0.4487374,-15.177376
-2.6175802,0.44790718,-15.1781025
-2.6176546,0.44707695,-15.178829
-2.617729,0.4462467,-15.179556
-2.6178033,0.44541648,-15.180283
-2.6178777,0.44458625,-15.181009
-2.617952,0.443756,-15.181736
-2.6180265,0.44292578,-15.182463
-2.618101,0.44209555,-15.183189
-2.6181753,0.4412653,-15.183916
-2.6182497,0.44043508,-15.184643
-2.618324,0.43960485,-15.1853695
-2.6183984,0.43877462,-15.186096
-2.6184728,0.43794438,-15.186823
-2.6185472,0.43711415,-15.18755
-2.6186702,0.43630633,-15.18825
-2.6188176,0.4355097,-15.188936
-2.618965,0.4347131,-15.189623
-2.6191123,0.43391648,-15.19031
-2.6192596,0.43311986,-15.190996
-2.619407,0.43232325,-15.191683
-2.6195133,0.43153384,-15.192368
-2.619599,0.43074805,-15.193051
-2.619685,0.42996225,-15.193735
-2.6197708,0.42917645,-15.194419
-2.6198566,0.42839065,-15.195103
-2.6199424,0.42760485,-15.195786
-2.6200283,0.42681906,-15.19647
-2.620114,0.42603326,-15.197154
-2.6202,0.42524746,-15.197838
-2.6202857,0.42446166,-15.198522
-2.6203716,0.42367586,-15.199205
-2.6204574,0.42289007,-15.199889
-2.6205432,0.42210427,-15.200573
-2.620629,0.42131847,-15.201257
-2.620715,0.42053267,-15.201941
-2.6208007,0.41974688,-15.202624
-2.6208866,0.41896108,-15.203308
-2.6209724,0.41817528,-15.203992
-2.6210582,0.41738948,-15.204676
-2.621144,0.41660368,-15.205359
-2.62123,0.4158179,-15.206043
-2.6213157,0.4150321,-15.206727
-2.6214015,0.4142463,-15.207411
-2.6214874,0.4134605,-15.208095
-2.62157,0.41265887,-15.208792
-2.6216466,0.4118256,-15.209516
-2.6217232,0.41099232,-15.210239
-2.6217997,0.41015905,-15.210963
-2.6218762,0.40932578,-15.211687
-2.6219563,0.4085076,-15.212397
-2.6220255,0.40773797,-15.213061
-2.6220694,0.40676093,-15.213904
-2.6221132,0.4057839,-15.214747
-2.622157,0.40480685,-15.2155905
-2.622201,0.4038298,-15.216434
-2.6222448,0.40285277,-15.217277
-2.6222887,0.40187573,-15.21812
-2.6223326,0.4008987,-15.218963
-2.6223764,0.39992166,-15.219806
-2.6224203,0.39894462,-15.220649
-2.6224642,0.39796758,-15.221492
-2.622508,0.39699054,-15.222335
-2.622552,0.3960135,-15.223178
-2.6225958,0.39503646,-15.224021
-2.6226397,0.39405942,-15.224864
-2.6226835,0.39308238,-15.225707
-2.6227274,0.39210534,-15.22655
-2.6227713,0.3911283,-15.227393
-2.6228151,0.39015126,-15.228236
-2.6228783,0.38926515,-15.228993
-2.622948,0.38840935,-15.229722
-2.6230175,0.38755354,-15.230451
-2.6230872,0.3866975,-15.231179
-2.6231568,0.38584074,-15.231908
-2.6232264,0.384984,-15.232636
-2.623296,0.38412723,-15.233365
-2.6233656,0.38327047,-15.234094
-2.6234353,0.38241372,-15.234822
-2.6235049,0.38155696,-15.235551
-2.6235745,0.3807002,-15.2362795
-2.623562,0.37985834,-15.237004
-2.6235497,0.3790165,-15.237729
-2.6235373,0.37817463,-15.238454
-2.623525,0.37733278,-15.239179
-2.6235125,0.37649092,-15.239903
-2.6235,0.37564906,-15.240628
-2.6234877,0.3748072,-15.241353
-2.6234753,0.37396535,-15.242078
-2.623463,0.3731235,-15.242803
-2.6234505,0.37228164,-15.243527
-2.6234381,0.37143978,-15.244252
-2.6234257,0.37059793,-15.244977
-2.6234133,0.36975607,-15.245702
-2.623401,0.36891422,-15.246427
-2.6233885,0.36807236,-15.247151
-2.6233761,0.3672305,-15.247876
-2.6233637,0.36638865,-15.248601
-2.6233513,0.3655468,-15.249326
-2.623339,0.36470494,-15.250051
-2.6233506,0.36387393,-15.250761
-2.6234345,0.36307546,-15.251429
-2.6235185,0.362277,-15.252096
-2.6236024,0.36147854,-15.252764
-2.6236863,0.36068007,-15.253431
-2.6237493,0.35988495,-15.254098
-2.6237493,0.35909984,-15.254762
-2.6237493,0.35831472,-15.255425
-2.6237493,0.3575296,-15.256089
-2.6237493,0.3567445,-15.256753
-2.6237493,0.3559594,-15.257417
-2.6237493,0.35517427,-15.2580805
-2.6237493,0.35438916,-15.258744
-2.6237493,0.35360405,-15.259408
-2.6237493,0.35281894,-15.260072
-2.6237493,0.35203382,-15.2607355
-2.6237493,0.3512487,-15.261399
-2.6237493,0.3504636,-15.262063
-2.6237493,0.3496785,-15.262727
-2.6237493,0.34889337,-15.263391
-2.6237493,0.34810826,-15.264054
-2.6237493,0.34732315,-15.264718
-2.6237493,0.34653804,-15.265382
-2.6237493,0.34575292,-15.266046
-2.6238358,0.34495273,-15.266712
-2.6239223,0.34415254,-15.267379
-2.624009,0.34335235,-15.268045
-2.6240954,0.34255216,-15.268712
-2.6241615,0.34154487,-15.269558
-2.6242075,0.34055388,-15.270387
-2.6242523,0.3395617,-15.2712145
-2.6242971,0.33856952,-15.272042
-2.624342,0.33757734,-15.27287
-2.6243868,0.33658516,-15.273698
-2.6244316,0.335593,-15.274526
-2.6244764,0.3346008,-15.275353
-2.6245213,0.33360863,-15.276181
-2.624566,0.33261645,-15.277009
-2.624611,0.33162427,-15.277837
-2.6246557,0.3306321,-15.278665
-2.6247005,0.3296399,-15.279492
-2.6247454,0.32864773,-15.28032
-2.6247902,0.32765555,-15.281148
-2.624835,0.32666337,-15.281976
-2.6248798,0.3256712,-15.282804
-2.6249247,0.32467902,-15.283631
-2.6249695,0.32368684,-15.284459
-2.6250052,0.32266086,-15.285312
-2.6250253,0.32186604,-15.28597
-2.6250453,0.3210712,-15.286628
-2.6250653,0.32027638,-15.287286
-2.6250854,0.31948155,-15.287944
-2.625142,0.3186481,-15.2886305
-2.6252172,0.31779534,-15.289331
-2.6252923,0.31694257,-15.290032
-2.6253674,0.3160898,-15.290733
-2.6254425,0.31523705,-15.291434
-2.625459,0.3143976,-15.292135
-2.6254754,0.31355816,-15.292836
-2.6254919,0.31271872,-15.293537
-2.6255083,0.31187928,-15.294238
-2.6255248,0.31103984,-15.294939
-2.6255412,0.3102004,-15.29564
-2.6255577,0.30936095,-15.296341
-2.625574,0.3085215,-15.297042
-2.6255906,0.30768207,-15.297743
-2.625607,0.30684263,-15.298444
-2.6256235,0.30600318,-15.299145
-2.62564,0.30516374,-15.299846
-2.6256564,0.3043243,-15.300547
-2.6256728,0.30348486,-15.301248
-2.6256893,0.30264542,-15.301949
-2.6257057,0.30180597,-15.3026495
-2.6257222,0.30096653,-15.30335
-2.6257386,0.3001271,-15.304051
-2.625755,0.29928765,-15.304752
-2.6257715,0.2984482,-15.305453
-2.625788,0.29760876,-15.306154
-2.6258044,0.29676932,-15.306855
-2.6258209,0.29592988,-15.307556
-2.6258707,0.29504913,-15.308284
-2.6259372,0.29414773,-15.309025
-2.6260037,0.29324633,-15.309766
-2.6260703,0.29234493,-15.310507
-2.6261368,0.29144353,-15.311248
-2.6262648,0.2905272,-15.311986
-2.6263928,0.28961086,-15.312724
-2.6265209,0.28869453,-15.313462
-2.626649,0.2877782,-15.3142
-2.626777,0.28686187,-15.314939
-2.626905,0.28594553,-15.315677
-2.627033,0.2850292,-15.316415
-2.627161,0.28411287,-15.317153
-2.627289,0.28319654,-15.317891
-2.6273904,0.2822524,-15.318656
-2.6274383,0.28125265,-15.319474
-2.6274862,0.2802529,-15.320292
-2.6275342,0.27925315,-15.321111
-2.627582,0.2782534,-15.321929
-2.62763,0.27725366,-15.322747
-2.627678,0.2762539,-15.3235655
-2.6277258,0.27525416,-15.324384
-2.6277738,0.2742544,-15.325202
-2.6278217,0.27325466,-15.32602
-2.6278696,0.2722549,-15.3268385
-2.6279175,0.27125517,-15.327657
-2.6279655,0.27025542,-15.328475
-2.6280134,0.26925567,-15.329293
-2.6280613,0.26825592,-15.3301115
-2.6281092,0.26725617,-15.33093
-2.6281571,0.26625642,-15.331748
-2.628205,0.26525667,-15.332566
-2.628253,0.26425692,-15.3333845
-2.628301,0.26325718,-15.334203
-2.6283488,0.26225743,-15.335021
-2.6283967,0.26125768,-15.335839
-2.6284447,0.26025793,-15.336658
-2.6284926,0.25925818,-15.337476
-2.6285405,0.25825843,-15.338294
-2.6286428,0.25719896,-15.339152
-2.6286643,0.2560549,-15.340091
-2.6286857,0.25491086,-15.341029
-2.6287072,0.2537668,-15.341968
-2.6287286,0.25262275,-15.342906
-2.62875,0.2514787,-15.343844
-2.6287715,0.25033465,-15.344783
-2.628793,0.2491906,-15.345721
-2.6288145,0.24804655,-15.34666
-2.628836,0.2469025,-15.347598
-2.6288574,0.24575844,-15.3485365
-2.6289618,0.24469759,-15.349392
-2.6290662,0.24363673,-15.350247
-2.6291707,0.24257587,-15.351103
-2.629275,0.24151501,-15.351958
-2.6293795,0.24045415,-15.352814
-2.629484,0.2393933,-15.353669
-2.6295884,0.23833244,-15.354525
-2.6296928,0.23727158,-15.35538
-2.6297972,0.23621072,-15.3562355
-2.6299016,0.23514986,-15.357091
-2.630006,0.234089,-15.357946
-2.6301105,0.23302814,-15.358802
-2.630215,0.23196729,-15.359657
-2.6303194,0.23090643,-15.360513
-2.6304238,0.22984557,-15.361368
-2.6305282,0.22878471,-15.362224
-2.6306326,0.22772385,-15.363079
-2.630737,0.226663,-15.3639345
-2.6308415,0.22560214,-15.36479
-2.630946,0.22454128,-15.365645
-2.6310503,0.22348042,-15.366501
-2.6311548,0.22241956,-15.367356
-2.6312592,0.2213587,-15.368212
-2.6313636,0.22029784,-15.369067
-2.631468,0.21923698,-15.369923
-2.631564,0.21812776,-15.370818
-2.6315975,0.21702841,-15.371711
-2.6316311,0.21592906,-15.372603
-2.6316648,0.21482971,-15.373496
-2.6316984,0.21373037,-15.374389
-2.631732,0.21263102,-15.375281
-2.6317656,0.21153167,-15.376174
-2.6317992,0.21043232,-15.377067
-2.6318328,0.20933297,-15.377959
-2.6318665,0.20823362,-15.378852
-2.6319208,0.20712993,-15.379745
-2.6320167,0.20601752,-15.380637
-2.6321125,0.20490512,-15.38153
-2.6322083,0.20379272,-15.382422
-2.6323042,0.20268032,-15.383315
-2.6324,0.20156792,-15.384208
-2.6324959,0.20045552,-15.3851
-2.6325917,0.19934312,-15.385993
-2.6326876,0.19823071,-15.386886
-2.6327834,0.19711831,-15.387778
-2.6328793,0.19600591,-15.388671
-2.632975,0.19489351,-15.389564
-2.633071,0.19378111,-15.390456
-2.6331668,0.1926687,-15.391349
-2.6332626,0.1915563,-15.3922415
-2.6333585,0.1904439,-15.393134
-2.6334543,0.1893315,-15.394027
-2.6335502,0.1882191,-15.394919
-2.633646,0.1871067,-15.395812
-2.6337419,0.1859943,-15.396705
-2.6338377,0.1848819,-15.397597
-2.6339335,0.1837695,-15.39849
-2.6340294,0.1826571,-15.399383
-2.6341252,0.18154469,-15.400275
-2.634221,0.18043229,-15.401168
-2.6342826,0.17935944,-15.402032
-2.634327,0.17830636,-15.402882
-2.6343713,0.17725328,-15.403731
-2.6344156,0.1762002,-15.404581
-2.63446,0.17514712,-15.405431
-2.6345143,0.17414176,-15.4062395
-2.6345687,0.17313641,-15.407048
-2.634623,0.17213106,-15.407857
-2.6346774,0.17112571,-15.408666
-2.6347318,0.17012036,-15.409474
-2.6347861,0.169115,-15.410283
-2.6348405,0.16810966,-15.411092
-2.6348948,0.1671043,-15.4119005
-2.6349034,0.16620463,-15.412626
-2.6348968,0.16534019,-15.413324
-2.63489,0.16447574,-15.414022
-2.6348834,0.1636113,-15.414721
-2.6348767,0.16274685,-15.415419
-2.63487,0.1618824,-15.416117
-2.6348634,0.16101795,-15.416815
-2.6348567,0.16015351,-15.417513
-2.63485,0.15928906,-15.418211
-2.6348433,0.15842462,-15.418909
-2.6348367,0.15756017,-15.419607
-2.63483,0.15669572,-15.420305
-2.6348233,0.15583128,-15.421003
-2.6348166,0.15496683,-15.421701
-2.63481,0.15410239,-15.4223995
-2.6348033,0.15323794,-15.423098
-2.6347966,0.1523735,-15.423796
-2.63479,0.15150905,-15.424494
-2.6347833,0.1506446,-15.425192
-2.634849,0.1497289,-15.425913
-2.6349149,0.14881319,-15.426634
-2.6349974,0.1479772,-15.427288
-2.6348372,0.1472083,-15.427929
-2.634677,0.14643821,-15.42857
-2.6346636,0.14565186,-15.429197
-2.6347017,0.14480413,-15.429865
-2.6347399,0.14395641,-15.430532
-2.634778,0.14310868,-15.4312
-2.6348162,0.14226095,-15.431868
-2.6348543,0.14141323,-15.432535
-2.6348925,0.1405655,-15.433203
-2.6349068,0.1397055,-15.433881
-2.6348867,0.13888563,-15.434528
-2.6348667,0.13806577,-15.435176
-2.634815,0.13720106,-15.435864
-2.6347563,0.13630395,-15.43658
-2.6346977,0.13540684,-15.437295
-2.634639,0.13450973,-15.43801
-2.6345804,0.13361262,-15.438725
-2.6345217,0.13271551,-15.439441
-2.634463,0.1318184,-15.440156
-2.6344044,0.13092129,-15.440871
-2.6343458,0.13002418,-15.4415865
-2.634287,0.12912707,-15.442302
-2.6342285,0.12822996,-15.443017
-2.6341698,0.12733285,-15.443732
-2.6341827,0.12647039,-15.444405
-2.634267,0.12564257,-15.445034
-2.6343515,0.124814734,-15.445663
-2.6343718,0.12388304,-15.446388
-2.634392,0.12295134,-15.447113
-2.6344123,0.12201965,-15.447838
-2.6343923,0.12119833,-15.448485
-2.6343722,0.120377004,-15.449133
-2.6343522,0.11955568,-15.44978
-2.6343322,0.11873436,-15.450428
-2.6343122,0.11791304,-15.451076
-2.6342921,0.117091715,-15.451723
-2.634272,0.11627039,-15.452371
-2.634252,0.11544907,-15.453018
-2.634232,0.11462775,-15.453666
-2.634212,0.11380643,-15.454313
-2.6342125,0.11298025,-15.45496
-2.6342506,0.11212835,-15.455618
-2.6342888,0.11127645,-15.456276
-2.634327,0.11042417,-15.456934
-2.634365,0.109571,-15.457592
-2.6344032,0.10871784,-15.45825
-2.6344414,0.10786467,-15.458908
-2.6344795,0.107011504,-15.459566
-2.6345177,0.10615834,-15.460224
-2.6345558,0.10530517,-15.460882
-2.634594,0.10445201,-15.46154
-2.6347275,0.103643194,-15.462132
-2.6345673,0.10286406,-15.46275
-2.634407,0.10208425,-15.463368
-2.6342468,0.10130444,-15.463986
-2.6341963,0.10043196,-15.464659
-2.634235,0.099573396,-15.465307
-2.6342754,0.09871442,-15.465956
-2.634316,0.09785544,-15.466604
-2.6343458,0.09704967,-15.467215
-2.6343515,0.096231714,-15.46784
-2.6343572,0.09541376,-15.468466
-2.634363,0.094595805,-15.469091
-2.6343687,0.09377785,-15.469717
-2.6343744,0.092959896,-15.470343
-2.63438,0.09214194,-15.470968
-2.6343858,0.09132399,-15.471594
-2.6343915,0.09050603,-15.472219
-2.634394,0.089671716,-15.472857
-2.6344364,0.08881226,-15.473504
-2.634508,0.0878789,-15.474202
-2.6345794,0.086945534,-15.4749
-2.634651,0.08601217,-15.475598
-2.6347225,0.085078806,-15.476296
-2.634813,0.08422781,-15.476933
-2.6349075,0.08339328,-15.477556
-2.635002,0.08255876,-15.47818
-2.6350963,0.081724234,-15.478804
-2.6351907,0.08088971,-15.479427
-2.6352851,0.080055185,-15.480051
-2.6353796,0.07922066,-15.480675
-2.635474,0.078386135,-15.481298
-2.6355684,0.07755161,-15.481922
-2.6356628,0.076717086,-15.482546
-2.6357572,0.07588256,-15.48317
-2.6358516,0.07504804,-15.483793
-2.6358724,0.074176274,-15.484454
-2.6358573,0.07334525,-15.485088
-2.6358626,0.07250948,-15.485722
-2.6359894,0.07164524,-15.486349
-2.6361163,0.07078099,-15.486977
-2.636243,0.06991675,-15.487604
-2.63637,0.0690525,-15.488232
-2.6364968,0.06818826,-15.488859
-2.6366236,0.06732401,-15.489487
-2.6367505,0.06645977,-15.490114
-2.6368773,0.06559552,-15.490742
-2.6370041,0.06473128,-15.491369
-2.637131,0.06386703,-15.491997
-2.6371715,0.06300387,-15.49264
-2.6371772,0.062182233,-15.4932575
-2.6370203,0.061413042,-15.493881
-2.6371129,0.0606033,-15.494484
-2.6373942,0.059766255,-15.495053
-2.6373758,0.058929157,-15.495681
-2.6373575,0.058092058,-15.496308
-2.637339,0.05725496,-15.496936
-2.6373208,0.05641786,-15.497563
-2.6373024,0.05558076,-15.498191
-2.637284,0.054743662,-15.498818
-2.6372657,0.053906564,-15.499446
-2.6372473,0.053069465,-15.500073
-2.637229,0.052232366,-15.500701
-2.637237,0.0513046,-15.501392
-2.6373324,0.050463594,-15.502007
-2.6374278,0.049622588,-15.502621
-2.6375232,0.04878158,-15.503235
-2.6376185,0.047940575,-15.503849
-2.6377633,0.04699094,-15.50454
-2.6379244,0.046005093,-15.505258
-2.6380856,0.045019247,-15.505975
-2.6382468,0.0440334,-15.506692
-2.638408,0.043047555,-15.507409
-2.638569,0.04206171,-15.508126
-2.6387303,0.041075863,-15.508843
-2.6388915,0.040090017,-15.509561
-2.6390526,0.03910417,-15.510278
-2.6392138,0.038118325,-15.510995
-2.639375,0.03713248,-15.511712
-2.6395361,0.036146633,-15.512429
-2.6396973,0.035160787,-15.513146
-2.6398585,0.03417494,-15.513864
-2.6400197,0.033189096,-15.514581
-2.6401808,0.03220325,-15.515298
-2.640342,0.031217402,-15.516015
-2.6405032,0.030231548,-15.516732
-2.6406262,0.029388543,-15.517346
-2.6407535,0.028338308,-15.518113
-2.6408808,0.027288072,-15.51888
-2.6410081,0.026237836,-15.519647
-2.6411355,0.0251876,-15.520413
-2.6412733,0.023962269,-15.521304
-2.6413686,0.023087015,-15.521939
-2.6414778,0.022277849,-15.522523
-2.641587,0.021468682,-15.523107
-2.6416962,0.020659516,-15.52369
-2.6418054,0.019850349,-15.524274
-2.6419146,0.019041182,-15.5248575
-2.6420238,0.018232016,-15.525441
-2.642133,0.01742285,-15.526025
-2.6422422,0.016613683,-15.526608
-2.6423514,0.015804516,-15.527192
-2.6424606,0.01499535,-15.527776
-2.6425698,0.014186183,-15.528359
-2.642679,0.013377016,-15.528943
-2.6427882,0.01256785,-15.529527
-2.6428974,0.011758683,-15.53011
-2.6430066,0.010949517,-15.530694
-2.6431158,0.01014035,-15.531278
-2.643225,0.0093311835,-15.531861
-2.6433342,0.008522017,-15.532445
-2.6434433,0.0077128503,-15.533029
-2.6435525,0.0069036838,-15.533612
-2.6436617,0.006094517,-15.534196
-2.643771,0.0052853506,-15.53478
-2.6438801,0.004476184,-15.535363
-2.6439893,0.0036670174,-15.535947
-2.6440985,0.0028578509,-15.5365305
-2.6442077,0.0020486843,-15.537114
-2.644317,0.0012395175,-15.537698
-2.644426,4.3035066E-4,-15.538281
-2.6445353,-3.7881616E-4,-15.538865
-2.6446445,-0.001187983,-15.539449
-2.6447537,-0.0019971498,-15.540032
-2.644863,-0.0028063166,-15.540616
-2.644972,-0.0036154832,-15.5412
-2.6450813,-0.0044246498,-15.541783
-2.6451905,-0.0052338163,-15.542367
-2.6452997,-0.006042983,-15.542951
-2.6454353,-0.00718235,-15.5437765
-2.645557,-0.008284526,-15.544578
-2.6456785,-0.0093867015,-15.545379
-2.6458,-0.010488877,-15.54618
-2.6459217,-0.011591053,-15.546981
-2.6460354,-0.012744235,-15.547816
-2.6461492,-0.013897417,-15.548652
-2.646263,-0.015050599,-15.549487
-2.6463766,-0.016203782,-15.550323
-2.6464903,-0.017356964,-15.551158
-2.6466134,-0.01846181,-15.551953
-2.6467364,-0.019566657,-15.552749
-2.6468594,-0.020671504,-15.553544
-2.6469824,-0.02177635,-15.554339
-2.6471055,-0.022881197,-15.555135
-2.6472285,-0.023986043,-15.55593
-2.6473515,-0.02509089,-15.5567255
-2.6474745,-0.026195737,-15.557521
-2.6475976,-0.027300583,-15.558316
-2.6477206,-0.02840543,-15.559112
-2.6478436,-0.029510276,-15.559907
-2.6479666,-0.030615123,-15.560702
-2.6480896,-0.03171997,-15.561498
-2.6482127,-0.032824818,-15.562293
-2.6483357,-0.033929665,-15.563088
-2.6484587,-0.03503451,-15.563884
-2.6485817,-0.036139358,-15.564679
-2.6487048,-0.037244204,-15.5654745
-2.6488278,-0.03834905,-15.56627
-2.6489508,-0.039453898,-15.567065
-2.6490738,-0.040558744,-15.567861
-2.6491969,-0.04166359,-15.568656
-2.64932,-0.042768437,-15.569451
-2.649443,-0.043873284,-15.570247
-2.6495826,-0.04488058,-15.570964
-2.6497307,-0.0458391,-15.571642
-2.6498787,-0.046797622,-15.57232
-2.6500268,-0.047756143,-15.572998
-2.6501598,-0.048678033,-15.57365
-2.6502628,-0.04952666,-15.574251
-2.6503658,-0.05037529,-15.574852
-2.6504688,-0.05122392,-15.575453
-2.6505718,-0.052072547,-15.576054
-2.6506748,-0.052921176,-15.576654
-2.6507778,-0.053769805,-15.577255
-2.6508808,-0.054618433,-15.577856
-2.6509838,-0.05546706,-15.578457
-2.6510868,-0.05631569,-15.579058
-2.6511898,-0.05716432,-15.5796585
-2.6512213,-0.058049895,-15.580299
-2.6512527,-0.05893547,-15.58094
-2.6512842,-0.059821047,-15.581581
-2.6513157,-0.060706623,-15.582222
-2.6513472,-0.0615922,-15.582863
-2.6513786,-0.062477775,-15.583504
-2.65141,-0.06336335,-15.584145
-2.6514416,-0.06424893,-15.584785
-2.651473,-0.0651345,-15.585426
-2.6515045,-0.06602008,-15.586067
-2.651536,-0.066905655,-15.586708
-2.6515675,-0.06779123,-15.587349
-2.651599,-0.06867681,-15.58799
-2.6516304,-0.06956238,-15.588631
-2.6516619,-0.07044796,-15.589272
-2.6516933,-0.071333535,-15.589912
-2.6517248,-0.07221911,-15.590553
-2.6517563,-0.07310469,-15.591194
-2.6517878,-0.07399026,-15.591835
-2.6518192,-0.07487584,-15.592476
-2.6518507,-0.075761415,-15.593117
-2.6518822,-0.07664699,-15.593758
-2.6519136,-0.07753257,-15.5943985
-2.651945,-0.07841814,-15.595039
-2.652101,-0.07932938,-15.595677
-2.6522508,-0.08027423,-15.59634
-2.6523974,-0.08123589,-15.597015
-2.652544,-0.082197554,-15.597691
-2.6526906,-0.083159216,-15.598366
-2.6528373,-0.08412088,-15.599041
-2.652984,-0.08508254,-15.599716
-2.6531305,-0.0860442,-15.600391
-2.6532772,-0.08700586,-15.601067
-2.6534238,-0.08796752,-15.601742
-2.6535356,-0.088887595,-15.602392
-2.65363,-0.08978687,-15.60303
-2.6537244,-0.09068615,-15.603668
-2.6538188,-0.09158543,-15.604306
-2.6539133,-0.092484705,-15.604944
-2.6540077,-0.09338398,-15.605582
-2.654102,-0.09428326,-15.60622
-2.6541965,-0.09518254,-15.606858
-2.654291,-0.096081816,-15.607496
-2.6543853,-0.09698109,-15.608134
-2.6544797,-0.09788037,-15.608772
-2.6545742,-0.09877965,-15.60941
-2.6546686,-0.099678926,-15.610048
-2.654763,-0.100578204,-15.610686
-2.6548574,-0.10147748,-15.611324
-2.6549518,-0.10237676,-15.611962
-2.6550462,-0.10327604,-15.6126
-2.6551406,-0.104175314,-15.613238
-2.655235,-0.10507459,-15.613876
-2.6553295,-0.10597387,-15.614514
-2.6554239,-0.10687315,-15.615152
-2.6555183,-0.107772425,-15.61579
-2.6556127,-0.1086717,-15.616428
-2.6557071,-0.10957098,-15.617066
-2.6558545,-0.11053425,-15.617739
-2.655996,-0.111531526,-15.618434
-2.6561348,-0.1125458,-15.619141
-2.6562736,-0.11356008,-15.619847
-2.6564124,-0.11457436,-15.620554
-2.6565511,-0.115588635,-15.621261
-2.65669,-0.11660291,-15.621967
-2.6568286,-0.11761719,-15.622674
-2.6569674,-0.11863147,-15.623381
-2.6571062,-0.119645745,-15.624087
-2.657266,-0.120663896,-15.624794
-2.6574676,-0.1216898,-15.625501
-2.6576693,-0.1227157,-15.626207
-2.657871,-0.1237416,-15.626914
-2.6580727,-0.1247675,-15.627621
-2.6582744,-0.1257934,-15.628327
-2.658476,-0.1268193,-15.629034
-2.6586778,-0.1278452,-15.629741
-2.6588795,-0.1288711,-15.630447
-2.6590812,-0.129897,-15.631154
-2.659283,-0.1309229,-15.631861
-2.6594846,-0.1319488,-15.632567
-2.6596863,-0.1329747,-15.633274
-2.659888,-0.1340006,-15.633981
-2.6600897,-0.1350265,-15.634687
-2.6602914,-0.1360524,-15.635394
-2.6604931,-0.1370783,-15.636101
-2.6606948,-0.1381042,-15.636807
-2.6608965,-0.1391301,-15.637514
-2.6610982,-0.140156,-15.638221
-2.6613,-0.1411819,-15.638927
-2.6615016,-0.1422078,-15.639634
-2.6617033,-0.1432337,-15.640341
-2.661905,-0.1442596,-15.6410475
-2.6621068,-0.1452855,-15.641754
-2.6622398,-0.14634712,-15.642504
-2.6623728,-0.14740874,-15.643253
-2.6625059,-0.14847036,-15.644003
-2.662639,-0.14953198,-15.6447525
-2.662772,-0.1505936,-15.645502
-2.6629214,-0.1515578,-15.646172
-2.663071,-0.15252201,-15.646841
-2.6632204,-0.15348622,-15.647511
-2.66337,-0.15445043,-15.64818
-2.6635194,-0.15541464,-15.6488495
-2.6636689,-0.15637885,-15.649519
-2.6638184,-0.15734306,-15.650188
-2.6639678,-0.15830727,-15.650858
-2.6641173,-0.15927148,-15.651527
-2.6642668,-0.16023569,-15.652197
-2.6644163,-0.1611999,-15.652866
-2.6645644,-0.16216625,-15.653533
-2.6647124,-0.16313261,-15.6542
-2.6648605,-0.16409896,-15.654866
-2.6650085,-0.16506532,-15.655533
-2.6651566,-0.16603167,-15.656199
-2.6653047,-0.16699803,-15.656866
-2.6654527,-0.16796438,-15.657533
-2.6656008,-0.16893074,-15.658199
-2.6657488,-0.1698971,-15.658866
-2.665897,-0.17086345,-15.659533
-2.666045,-0.1718298,-15.660199
-2.666193,-0.17279616,-15.660866
-2.666341,-0.17376252,-15.661532
-2.6664891,-0.17472887,-15.662199
-2.6666372,-0.17569523,-15.662866
-2.6667852,-0.17666158,-15.663532
-2.6669333,-0.17762794,-15.664199
-2.6670814,-0.17859429,-15.6648655
-2.6672294,-0.17956065,-15.665532
-2.6673775,-0.180527,-15.666199
-2.6675255,-0.18149336,-15.666865
-2.6676736,-0.18245971,-15.667532
-2.6678216,-0.18342607,-15.668199
-2.6679697,-0.18439242,-15.668865
-2.668064,-0.1852962,-15.6694975
-2.6681585,-0.18619996,-15.67013
-2.668253,-0.18710373,-15.670762
-2.6683474,-0.1880075,-15.671394
-2.6684623,-0.188916,-15.672025
-2.6686182,-0.18983394,-15.672651
-2.6687741,-0.19075188,-15.673278
-2.66893,-0.19166982,-15.673904
-2.669086,-0.19258776,-15.674531
-2.6692276,-0.1934679,-15.675134
-2.6693783,-0.1945406,-15.675874
-2.669529,-0.19561331,-15.676614
-2.6696796,-0.19668601,-15.677354
-2.6698303,-0.19775872,-15.678094
-2.669981,-0.19883142,-15.678834
-2.6701317,-0.19990413,-15.679574
-2.6702824,-0.20097683,-15.680314
-2.670433,-0.20204954,-15.681054
-2.6705837,-0.20312224,-15.681794
-2.6707344,-0.20419495,-15.682534
-2.670885,-0.20526765,-15.683274
-2.6710358,-0.20634036,-15.684014
-2.6711864,-0.20741306,-15.684754
-2.6713371,-0.20848577,-15.685494
-2.6714878,-0.20955847,-15.686234
-2.6716385,-0.21063118,-15.686975
-2.6717892,-0.21170388,-15.687715
-2.6719403,-0.21277662,-15.688455
-2.672087,-0.21388324,-15.6892185
-2.6721835,-0.21478924,-15.689845
-2.67228,-0.21569525,-15.690472
-2.6723766,-0.21660125,-15.691098
-2.6724732,-0.21750726,-15.691725
-2.6725698,-0.21841326,-15.692351
-2.6726663,-0.21931927,-15.692978
-2.6727629,-0.22022527,-15.693604
-2.6728594,-0.22113128,-15.694231
-2.672956,-0.22203729,-15.694858
-2.6730464,-0.22297744,-15.695509
-2.6731336,-0.22393468,-15.696173
-2.6732209,-0.22489192,-15.696836
-2.6733081,-0.22584915,-15.6975
-2.6733954,-0.22680639,-15.698164
-2.6734827,-0.22776362,-15.698828
-2.67357,-0.22872086,-15.6994915
-2.6736572,-0.2296781,-15.700155
-2.6737444,-0.23063533,-15.700819
-2.6738317,-0.23159257,-15.701483
-2.673919,-0.2325498,-15.702147
-2.6740062,-0.23350704,-15.70281
-2.6740935,-0.23446427,-15.703474
-2.6741807,-0.23542151,-15.704138
-2.674268,-0.23637874,-15.704802
-2.6743553,-0.23733598,-15.705465
-2.6744425,-0.23829322,-15.706129
-2.6745298,-0.23925045,-15.706793
-2.674617,-0.24020769,-15.707457
-2.6747043,-0.24116492,-15.70812
-2.6747916,-0.24212216,-15.708784
-2.6748788,-0.2430794,-15.709448
-2.674966,-0.24403663,-15.710112
-2.6750534,-0.24499387,-15.710775
-2.6751494,-0.24590115,-15.711401
-2.675301,-0.24697767,-15.712133
-2.6754527,-0.24805419,-15.712866
-2.6756043,-0.24913071,-15.713598
-2.6757646,-0.25015774,-15.7142935
-2.6759276,-0.25116828,-15.714976
-2.6760907,-0.25217882,-15.715659
-2.6762538,-0.25318936,-15.716342
-2.6764169,-0.2541999,-15.717025
-2.67658,-0.25521043,-15.717708
-2.676743,-0.25622097,-15.71839
-2.676906,-0.2572315,-15.719073
-2.677033,-0.2582009,-15.719731
-2.6771235,-0.2591292,-15.720365
-2.6772141,-0.26005748,-15.720998
-2.6773047,-0.26098576,-15.721631
-2.6773953,-0.26191404,-15.722264
-2.677486,-0.26284233,-15.722898
-2.6775765,-0.2637706,-15.723531
-2.6776671,-0.2646989,-15.724164
-2.6777577,-0.26562718,-15.724797
-2.6778483,-0.26655546,-15.7254305
-2.677939,-0.26748374,-15.726064
-2.6780295,-0.26841202,-15.726697
-2.6781201,-0.2693403,-15.72733
-2.6782107,-0.2702686,-15.727963
-2.6783013,-0.27119687,-15.728597
-2.678392,-0.27212515,-15.72923
-2.6784825,-0.27305344,-15.729863
-2.6785731,-0.27398172,-15.730496
-2.6786695,-0.27487704,-15.731104
-2.6788113,-0.2758726,-15.731767
-2.6789532,-0.27686813,-15.7324295
-2.6790717,-0.27775395,-15.73302
-2.6791718,-0.2786194,-15.733598
-2.679272,-0.27948487,-15.734176
-2.679289,-0.2803322,-15.7347555
-2.6793063,-0.28117955,-15.735335
-2.6793234,-0.2820269,-15.735915
-2.6793406,-0.28287423,-15.736495
-2.6793578,-0.28372157,-15.737075
-2.679375,-0.2845689,-15.737655
-2.679392,-0.28541625,-15.7382345
-2.6794093,-0.28626359,-15.738814
-2.6794264,-0.28711092,-15.739394
-2.6794655,-0.28796452,-15.739972
-2.6794846,-0.28881377,-15.740552
-2.6795037,-0.28966302,-15.741132
-2.6795228,-0.29051226,-15.741712
-2.6795418,-0.2913615,-15.742291
-2.6795816,-0.29221553,-15.742869
-2.6797667,-0.29310292,-15.743434
-2.6799517,-0.2939903,-15.743999
-2.6801367,-0.2948777,-15.744563
-2.6803217,-0.2957651,-15.745128
-2.6805067,-0.2966525,-15.745692
-2.6806917,-0.2975399,-15.746257
-2.6808767,-0.29842728,-15.746821
-2.6810617,-0.29931468,-15.747386
-2.6812468,-0.30020207,-15.747951
-2.6813915,-0.30107993,-15.748519
-2.6815333,-0.30197468,-15.7491
-2.6816425,-0.30280992,-15.749645
-2.681727,-0.30378178,-15.750286
-2.6818113,-0.30475363,-15.750927
-2.6818957,-0.30572549,-15.751568
-2.6819801,-0.30669734,-15.752209
-2.6820645,-0.3076692,-15.75285
-2.682149,-0.30864105,-15.75349
-2.6822333,-0.3096129,-15.754131
-2.6823177,-0.31058475,-15.754772
-2.6824021,-0.3115566,-15.755413
-2.6824865,-0.31252846,-15.756054
-2.682571,-0.31350031,-15.756695
-2.6826553,-0.31447217,-15.757336
-2.6827984,-0.3154768,-15.757984
-2.6829414,-0.31648144,-15.758633
-2.6831024,-0.31750774,-15.759292
-2.6832712,-0.31837636,-15.759842
-2.6834178,-0.31938055,-15.76049
-2.6835644,-0.32038474,-15.761139
-2.683711,-0.32138893,-15.761787
-2.6838577,-0.32239312,-15.762436
-2.6840043,-0.3233973,-15.763084
-2.684151,-0.3244015,-15.763733
-2.6842976,-0.3254057,-15.764381
-2.6844442,-0.32640988,-15.76503
-2.6845908,-0.32741407,-15.765678
-2.6847374,-0.32841825,-15.766327
-2.684884,-0.32942244,-15.766975
-2.6850307,-0.33042663,-15.767624
-2.6851773,-0.33143082,-15.768272
-2.685324,-0.332435,-15.768921
-2.6853857,-0.33342323,-15.769569
-2.6854262,-0.33440745,-15.770218
-2.6854668,-0.33539167,-15.770866
-2.6855989,-0.33632988,-15.771458
-2.6857538,-0.33725658,-15.772035
-2.6859088,-0.33818328,-15.772612
-2.6860456,-0.3390895,-15.773172
-2.6861825,-0.33999574,-15.773733
-2.6863194,-0.34090197,-15.774294
-2.6864562,-0.3418082,-15.774855
-2.686593,-0.34271443,-15.775415
-2.68673,-0.34362066,-15.775976
-2.6868668,-0.3445269,-15.776537
-2.6870036,-0.34543312,-15.777098
-2.6871405,-0.34633934,-15.777658
-2.6872773,-0.34724557,-15.778219
-2.6874492,-0.34819677,-15.778803
-2.6876304,-0.34909728,-15.779352
-2.6877353,-0.34994492,-15.779879
-2.687834,-0.350827,-15.780428
-2.6879327,-0.3517091,-15.780977
-2.6881196,-0.3527022,-15.781579
-2.68829,-0.3535483,-15.782089
-2.6884606,-0.35439438,-15.782599
-2.688631,-0.35524046,-15.78311
-2.6888015,-0.35608655,-15.78362
-2.688972,-0.35693264,-15.78413
-2.6891425,-0.35777873,-15.78464
-2.689313,-0.35862482,-15.785151
-2.6894834,-0.3594709,-15.785661
-2.6896539,-0.360317,-15.786171
-2.6898243,-0.36116308,-15.786681
-2.6899948,-0.36200917,-15.787191
-2.6901653,-0.36285526,-15.787702
-2.6903186,-0.36380464,-15.788282
-2.6904206,-0.3646881,-15.788832
-2.6905227,-0.36557156,-15.789381
-2.6906364,-0.36651143,-15.789964
-2.6907852,-0.36762056,-15.790647
-2.690934,-0.36872968,-15.791329
-2.6910827,-0.3698388,-15.792012
-2.6912315,-0.37094793,-15.792695
-2.6913803,-0.37205705,-15.793378
-2.691529,-0.37316617,-15.794061
-2.6916778,-0.3742753,-15.794744
-2.6918275,-0.3753843,-15.795426
-2.6919773,-0.3764933,-15.796109
-2.692127,-0.3776023,-15.796792
-2.6922767,-0.3787113,-15.797475
-2.6924264,-0.37982032,-15.798158
-2.6925762,-0.38092932,-15.7988405
-2.692726,-0.38203833,-15.799523
-2.6928756,-0.38314733,-15.800206
-2.6930254,-0.38425633,-15.800889
-2.693175,-0.38536534,-15.801572
-2.6933248,-0.38647434,-15.802255
-2.6934745,-0.38758335,-15.8029375
-2.6936243,-0.38869235,-15.80362
-2.693774,-0.38980135,-15.804303
-2.6939237,-0.39091036,-15.804986
-2.6940734,-0.39201936,-15.805669
-2.6942232,-0.39312837,-15.806352
-2.694373,-0.39423737,-15.8070345
-2.6945345,-0.39527866,-15.807668
-2.694678,-0.39617494,-15.808206
-2.69482,-0.39719865,-15.808821
-2.6949618,-0.39822236,-15.809436
-2.6951036,-0.39924607,-15.810051
-2.6952455,-0.40026978,-15.810666
-2.6953874,-0.4012935,-15.811281
-2.695526,-0.4022114,-15.811829
-2.6956644,-0.4031293,-15.812376
-2.695803,-0.40404722,-15.812923
-2.6959414,-0.40496513,-15.813471
-2.69608,-0.40588304,-15.814018
-2.6962185,-0.40680096,-15.814566
-2.696357,-0.40771887,-15.815113
-2.6964955,-0.40863678,-15.81566
-2.696634,-0.4095547,-15.816208
-2.6967726,-0.4104726,-15.816755
-2.697005,-0.41134092,-15.817247
-2.6973224,-0.41221163,-15.817719
-2.69722,-0.4130533,-15.818287
-2.697077,-0.41388515,-15.818859
-2.696934,-0.414717,-15.819431
-2.696874,-0.41559207,-15.819984
-2.6970513,-0.41645387,-15.820462
-2.697244,-0.4173701,-15.820981
-2.6974366,-0.41828635,-15.8215
-2.6976292,-0.4192026,-15.822019
-2.6978219,-0.42011884,-15.822537
-2.6980145,-0.42103508,-15.823056
-2.6982071,-0.42195132,-15.823575
-2.6983998,-0.42286757,-15.824094
-2.6985924,-0.4237838,-15.824613
-2.698785,-0.42470005,-15.825131
-2.6989408,-0.42560297,-15.82566
-2.6990943,-0.42652276,-15.8262005
-2.699245,-0.42744595,-15.8267355
-2.6993952,-0.4283697,-15.82727
-2.6995454,-0.42929345,-15.827804
-2.6996956,-0.4302172,-15.828338
-2.6998057,-0.43111584,-15.828861
-2.6998973,-0.4321213,-15.829451
-2.6999888,-0.43312678,-15.83004
-2.7000804,-0.43413225,-15.830629
-2.700172,-0.43513772,-15.831219
-2.7002635,-0.4361432,-15.831808
-2.700355,-0.43714866,-15.832397
-2.7004466,-0.43815413,-15.832987
-2.7005382,-0.4391596,-15.833576
-2.7006297,-0.44016507,-15.834166
-2.7007213,-0.44117054,-15.834755
-2.7008128,-0.442176,-15.835344
-2.7009249,-0.44305855,-15.835853
-2.7011466,-0.4440573,-15.836402
-2.7013798,-0.4449857,-15.8369055
-2.701613,-0.4459141,-15.837409
-2.7018461,-0.4468425,-15.837913
-2.7020793,-0.4477709,-15.838416
-2.7022245,-0.44870216,-15.838937
-2.7023697,-0.44963342,-15.8394575
-2.702515,-0.45056468,-15.839978
-2.70266,-0.45149595,-15.840499
-2.7028053,-0.4524272,-15.84102
-2.7029505,-0.45335847,-15.84154
-2.7030957,-0.45428973,-15.842061
-2.7032409,-0.455221,-15.842582
-2.703386,-0.45615226,-15.843102
-2.7035313,-0.45708352,-15.843623
-2.7036746,-0.45801705,-15.84414
-2.7037318,-0.45895165,-15.844674
-2.703789,-0.45988625,-15.845208
-2.703855,-0.4607678,-15.845709
-2.704175,-0.46165687,-15.846149
-2.704495,-0.46254593,-15.84659
-2.704815,-0.463435,-15.847031
-2.7048812,-0.46433622,-15.847551
-2.704977,-0.46520615,-15.848039
-2.7048435,-0.46605825,-15.848573
-2.70471,-0.46691036,-15.849107
-2.7045765,-0.46776247,-15.849641
-2.704443,-0.46861458,-15.850175
-2.7046006,-0.469497,-15.850653
-2.7047932,-0.4704242,-15.851149
-2.7049859,-0.47135141,-15.8516445
-2.7051785,-0.47227862,-15.85214
-2.7053711,-0.47320583,-15.852636
-2.7055638,-0.47413304,-15.853132
-2.7057097,-0.4751184,-15.853681
-2.705827,-0.47602266,-15.85419
-2.7059443,-0.47692692,-15.854699
-2.7060616,-0.47783118,-15.855208
-2.706179,-0.47873545,-15.855718
-2.7062962,-0.4796397,-15.856227
-2.7064135,-0.48054397,-15.856736
-2.7065308,-0.48144823,-15.857245
-2.706648,-0.4823525,-15.857755
-2.7067654,-0.48325676,-15.858264
-2.7068827,-0.48416102,-15.858773
-2.707,-0.48506528,-15.8592825
-2.7070196,-0.4859445,-15.859806
-2.7070196,-0.48681873,-15.8603325
-2.7070196,-0.48769295,-15.860859
-2.707157,-0.4886349,-15.861393
-2.707317,-0.48956388,-15.861914
-2.7074773,-0.49049285,-15.862434
-2.7076375,-0.49142182,-15.862955
-2.7077978,-0.4923508,-15.863476
-2.707958,-0.49327976,-15.8639965
-2.7081182,-0.49420872,-15.864517
-2.7082784,-0.4951377,-15.865038
-2.7084386,-0.49606666,-15.865559
-2.7085989,-0.49699563,-15.866079
-2.7088113,-0.49799228,-15.866626
-2.709053,-0.4989239,-15.867124
-2.7092948,-0.49985552,-15.867621
-2.7094057,-0.50081396,-15.868165
-2.7095244,-0.50171983,-15.868674
-2.7096431,-0.5026257,-15.869184
-2.7097619,-0.5035316,-15.869693
-2.7098806,-0.50443745,-15.870202
-2.7099993,-0.5053433,-15.870711
-2.710118,-0.5062492,-15.871221
-2.7102368,-0.50715506,-15.87173
-2.7103555,-0.50806093,-15.872239
-2.7104743,-0.5089668,-15.872748
-2.710593,-0.5098727,-15.873258
-2.7107117,-0.51077855,-15.873767
-2.7108612,-0.5117659,-15.874313
-2.7110233,-0.51281136,-15.87489
-2.7111855,-0.5138568,-15.875467
-2.7113857,-0.51478404,-15.875959
-2.711586,-0.51571125,-15.8764515
-2.7117863,-0.51663846,-15.876944
-2.7119455,-0.5175565,-15.8774395
-2.7120638,-0.51846534,-15.877939
-2.712182,-0.5193742,-15.878439
-2.7123003,-0.52028304,-15.878939
-2.7124186,-0.5211919,-15.879438
-2.7125368,-0.52210075,-15.879938
-2.712655,-0.5230096,-15.880438
-2.7127733,-0.52391845,-15.880938
-2.7128916,-0.5248273,-15.881437
-2.7130098,-0.52573615,-15.881937
-2.713128,-0.526645,-15.882437
-2.7132463,-0.52755386,-15.8829365
-2.7133646,-0.5284627,-15.883436
-2.7134829,-0.52937156,-15.883936
-2.713601,-0.5302804,-15.884436
-2.7137194,-0.53118926,-15.884935
-2.7138376,-0.5320981,-15.885435
-2.7139559,-0.53300697,-15.885935
-2.7141252,-0.53400093,-15.886472
-2.714367,-0.5349379,-15.886958
-2.7146087,-0.5358749,-15.8874445
-2.714645,-0.53676754,-15.887956
-2.7146811,-0.5376602,-15.888467
-2.7148418,-0.53858215,-15.888961
-2.7150314,-0.53945565,-15.889419
-2.715221,-0.54032916,-15.889876
-2.7154105,-0.54120266,-15.890334
-2.7156,-0.5420762,-15.890792
-2.7157896,-0.54294884,-15.891263
-2.7158046,-0.54385674,-15.89177
-2.7159855,-0.54480016,-15.89227
-2.7161474,-0.5457385,-15.892771
-2.7163093,-0.5466769,-15.893271
-2.7164712,-0.54761523,-15.893772
-2.716633,-0.5485536,-15.894273
-2.716795,-0.5494923,-15.8947735
-2.7169569,-0.5504311,-15.895274
-2.7171187,-0.55136985,-15.895775
-2.7172806,-0.5523086,-15.8962755
-2.7174425,-0.5532474,-15.896776
-2.7176044,-0.55418617,-15.897277
-2.7177663,-0.55512494,-15.897778
-2.7179282,-0.5560637,-15.898278
-2.71809,-0.5570025,-15.898779
-2.718252,-0.55794126,-15.89928
-2.718445,-0.5588135,-15.899732
-2.7186925,-0.55975336,-15.900207
-2.71894,-0.5606932,-15.9006815
-2.719102,-0.56163365,-15.901182
-2.7192638,-0.5625741,-15.901683
-2.71934,-0.56351525,-15.902198
-2.7194164,-0.5644564,-15.902713
-2.7194927,-0.56539756,-15.903228
-2.719569,-0.5663387,-15.903743
-2.7196453,-0.5672799,-15.904258
-2.7197216,-0.56822103,-15.904773
-2.7197978,-0.5691622,-15.905288
-2.7198188,-0.57003844,-15.90577
-2.719693,-0.57090247,-15.906274
-2.720075,-0.57176864,-15.906646
-2.7206829,-0.5725367,-15.906905
-2.7211342,-0.57336265,-15.9072485
-2.7213116,-0.5742486,-15.90771
-2.7216191,-0.5751388,-15.908149
-2.7219267,-0.576029,-15.908587
-2.7222342,-0.5769192,-15.909026
-2.7225418,-0.5778094,-15.909465
-2.7228494,-0.5786996,-15.909904
-2.723157,-0.5795898,-15.910342
-2.7234645,-0.58048,-15.910781
-2.723772,-0.5813702,-15.91122
-2.7240796,-0.5822604,-15.911658
-2.7243872,-0.58315057,-15.912097
-2.7246947,-0.58404076,-15.912536
-2.7250023,-0.58493096,-15.912974
-2.7253098,-0.58582115,-15.913413
-2.7256174,-0.58671135,-15.913852
-2.7258253,-0.58771247,-15.914374
-2.7260332,-0.5887136,-15.914897
-2.726241,-0.5897147,-15.91542
-2.7265215,-0.5908055,-15.915975
-2.7267861,-0.5916908,-15.916415
-2.7270508,-0.5925761,-15.916856
-2.7273154,-0.5934614,-15.917296
-2.72758,-0.5943467,-15.917737
-2.7278447,-0.595232,-15.918178
-2.7281094,-0.5961173,-15.918618
-2.728374,-0.5970026,-15.919059
-2.7286386,-0.59788793,-15.919499
-2.7289033,-0.59877324,-15.91994
-2.7291615,-0.5997127,-15.920412
-2.7294197,-0.6006522,-15.920884
-2.729678,-0.6015917,-15.921356
-2.7299361,-0.6025312,-15.921828
-2.7301943,-0.6034707,-15.9223
-2.7304525,-0.6044102,-15.922772
-2.7307107,-0.60534966,-15.923244
-2.730969,-0.60628915,-15.923717
-2.7312272,-0.60722864,-15.924189
-2.7314854,-0.6081681,-15.924661
-2.7317436,-0.6091076,-15.925133
-2.7320018,-0.6100471,-15.925605
-2.73226,-0.6109866,-15.926077
-2.7325182,-0.6119261,-15.926549
-2.7327764,-0.61286557,-15.927021
-2.7330346,-0.61380506,-15.927493
-2.7332928,-0.61474454,-15.927965
-2.733551,-0.61568403,-15.928437
-2.7338092,-0.6166235,-15.928909
-2.7340674,-0.617563,-15.929381
-2.7343256,-0.6185025,-15.929853
-2.7345839,-0.619442,-15.9303255
-2.734842,-0.6203815,-15.930798
-2.7351003,-0.62132096,-15.93127
-2.7353973,-0.6224533,-15.931842
-2.7356787,-0.62354547,-15.932395
-2.73596,-0.62463766,-15.932948
-2.7362413,-0.62572986,-15.933501
-2.7365062,-0.6267827,-15.934033
-2.7367218,-0.62771755,-15.934503
-2.7369373,-0.6286524,-15.934972
-2.7371528,-0.62958723,-15.935441
-2.7373683,-0.6305221,-15.93591
-2.7375839,-0.6314569,-15.936379
-2.7377994,-0.63239175,-15.936849
-2.738015,-0.6333266,-15.937318
-2.7382305,-0.6342614,-15.937787
-2.738446,-0.63519627,-15.938256
-2.7386615,-0.6361311,-15.938725
-2.738877,-0.63706595,-15.939195
-2.7390926,-0.6380008,-15.939664
-2.739308,-0.6389356,-15.940133
-2.7395236,-0.63987046,-15.940602
-2.7397392,-0.6408053,-15.9410715
-2.7399547,-0.64174014,-15.941541
-2.7401702,-0.642675,-15.94201
-2.7403922,-0.64355636,-15.942446
-2.7406938,-0.6444576,-15.942865
-2.7409954,-0.6453588,-15.943285
-2.7412927,-0.6462965,-15.9437275
-2.7415063,-0.6472359,-15.944185
-2.74172,-0.64817524,-15.944643
-2.7419336,-0.6491146,-15.945101
-2.7421472,-0.650054,-15.945559
-2.7422392,-0.65096736,-15.9460335
-2.742142,-0.65183854,-15.946537
-2.7420447,-0.6527097,-15.947041
-2.7419846,-0.653625,-15.94756
-2.7423491,-0.6545095,-15.947969
-2.7425785,-0.65547925,-15.948456
-2.7427688,-0.65642303,-15.948936
-2.742959,-0.6573668,-15.949417
-2.7431493,-0.6583106,-15.949898
-2.7433772,-0.6592986,-15.950394
-2.7436533,-0.66024023,-15.950851
-2.7439294,-0.66118187,-15.951309
-2.7442055,-0.6621235,-15.951767
-2.7444816,-0.66306514,-15.952225
-2.7447577,-0.66400677,-15.9526825
-2.7450337,-0.6649484,-15.95314
-2.7453098,-0.66589004,-15.953598
-2.745586,-0.6668317,-15.954056
-2.745862,-0.6677733,-15.954514
-2.746138,-0.66871494,-15.954971
-2.7464142,-0.6696566,-15.955429
-2.7466903,-0.6705983,-15.955887
-2.7469664,-0.6715403,-15.956345
-2.7472425,-0.6724823,-15.956802
-2.7474937,-0.6734571,-15.957279
-2.7477324,-0.6743554,-15.957716
-2.7480996,-0.6752412,-15.958115
-2.7484667,-0.67612696,-15.958513
-2.748834,-0.67701274,-15.958912
-2.749201,-0.6778985,-15.959311
-2.7495682,-0.6787843,-15.959709
-2.7499354,-0.6796701,-15.960108
-2.7500918,-0.6805714,-15.9605665
-2.7501614,-0.6815104,-15.961072
-2.7506588,-0.68237907,-15.961446
-2.751156,-0.68324775,-15.96182
-2.7516534,-0.6841164,-15.9621935
-2.7521508,-0.6849851,-15.962567
-2.7524798,-0.6858594,-15.962983
-2.7525918,-0.6868041,-15.963489
-2.752827,-0.6877735,-15.963971
-2.7531123,-0.6886608,-15.964392
-2.7533977,-0.6895481,-15.964812
-2.753683,-0.69043535,-15.965233
-2.7539685,-0.6913226,-15.965653
-2.7542539,-0.6922099,-15.966074
-2.7545393,-0.6930972,-15.966495
-2.7548246,-0.69398445,-15.966915
-2.75511,-0.6948717,-15.967336
-2.7552383,-0.6958254,-15.967829
-2.7553117,-0.6967134,-15.968299
-2.7552202,-0.69758886,-15.968802
-2.755483,-0.69847775,-15.969226
-2.7554905,-0.69943064,-15.969742
-2.755689,-0.7004166,-15.970227
-2.7560132,-0.7014901,-15.970747
-2.7563374,-0.7025636,-15.971267
-2.7566617,-0.70363706,-15.9717865
-2.756986,-0.70471054,-15.972306
-2.7573102,-0.705784,-15.972826
-2.7576344,-0.7068575,-15.973346
-2.7579587,-0.707931,-15.9738655
-2.758283,-0.70900446,-15.974385
-2.7586071,-0.71007794,-15.974905
-2.7589314,-0.7111514,-15.975425
-2.7592556,-0.7122249,-15.9759445
-2.75958,-0.7132984,-15.976464
-2.7599041,-0.71437186,-15.976984
-2.7602284,-0.71544534,-15.977504
-2.760542,-0.7164389,-15.977989
-2.7608988,-0.7174873,-15.97851
-2.7612557,-0.71853566,-15.979031
-2.7616127,-0.71958405,-15.979551
-2.7619696,-0.72063243,-15.980072
-2.7623265,-0.7216808,-15.980593
-2.7627897,-0.72296727,-15.981224
-2.763134,-0.72390425,-15.981682
-2.7634783,-0.72484124,-15.98214
-2.7638226,-0.7257782,-15.982597
-2.7641668,-0.7267152,-15.983055
-2.764511,-0.7276522,-15.983513
-2.7648554,-0.7285892,-15.983971
-2.7651997,-0.72952616,-15.984428
-2.765544,-0.73046315,-15.984886
-2.7658882,-0.73140013,-15.985344
-2.7662325,-0.7323371,-15.985802
-2.7665768,-0.7332741,-15.986259
-2.766921,-0.7342111,-15.986717
-2.7672653,-0.7351481,-15.987175
-2.767642,-0.736201,-15.987691
-2.7680511,-0.73736984,-15.988265
-2.7684603,-0.7385387,-15.988839
-2.7688694,-0.7397075,-15.989413
-2.7692785,-0.7408764,-15.989987
-2.7696877,-0.7420452,-15.9905615
-2.7700968,-0.7432141,-15.991136
-2.770506,-0.7443829,-15.99171
-2.770915,-0.74555176,-15.992284
-2.7713242,-0.7467206,-15.992858
-2.7717333,-0.74788946,-15.993432
-2.7721424,-0.7490583,-15.994006
-2.7725515,-0.75022715,-15.99458
-2.7729607,-0.751396,-15.995154
-2.7733698,-0.75256485,-15.9957285
-2.773779,-0.7537337,-15.996303
-2.774188,-0.75490254,-15.996877
-2.7745972,-0.7560714,-15.997451
-2.7750063,-0.75724024,-15.998025
-2.7754154,-0.7584091,-15.998599
-2.7758245,-0.75957793,-15.999173
-2.7762337,-0.7607468,-15.999747
-2.7766428,-0.7619156,-16.00032
-2.777052,-0.7630845,-16.000893
-2.777461,-0.7642533,-16.001465
-2.7778702,-0.76542217,-16.002037
-2.7782793,-0.766591,-16.00261
-2.7786884,-0.76775986,-16.003181
-2.7790976,-0.7689287,-16.003754
-2.7795067,-0.77009755,-16.004326
-2.7799158,-0.7712664,-16.004898
-2.780325,-0.77243525,-16.00547
-2.780734,-0.7736041,-16.006042
-2.7811432,-0.77477294,-16.006615
-2.7815523,-0.7759418,-16.007187
-2.7819614,-0.77711064,-16.00776
-2.7823706,-0.7782795,-16.008331
-2.782857,-0.77956754,-16.00896
-2.7833254,-0.78083295,-16.009584
-2.783776,-0.7820757,-16.010202
-2.7842267,-0.78331846,-16.01082
-2.7846773,-0.7845612,-16.011438
-2.7851279,-0.785804,-16.012056
-2.7855785,-0.78704673,-16.012674
-2.786029,-0.7882895,-16.013292
-2.7864797,-0.78953224,-16.01391
-2.7869303,-0.790775,-16.014528
-2.787381,-0.79201776,-16.015146
-2.7878315,-0.7932605,-16.015764
-2.7882822,-0.7945033,-16.016382
-2.7887328,-0.795746,-16.017
-2.7891834,-0.7969888,-16.017618
-2.789634,-0.79823154,-16.018236
-2.7900846,-0.7994743,-16.018854
-2.7905352,-0.80071706,-16.019472
-2.7909858,-0.8019598,-16.02009
-2.7914364,-0.80320257,-16.020708
-2.791887,-0.8044453,-16.021326
-2.7923377,-0.8056881,-16.021944
-2.7927883,-0.80693084,-16.022562
-2.7931702,-0.80794626,-16.023058
-2.7935522,-0.8089617,-16.023554
-2.793934,-0.8099771,-16.02405
-2.794316,-0.81099254,-16.024546
-2.794698,-0.81200796,-16.025042
-2.79508,-0.8130234,-16.025537
-2.795462,-0.8140388,-16.026033
-2.7958438,-0.81505424,-16.02653
-2.7962258,-0.81606966,-16.027025
-2.7966077,-0.8170851,-16.027521
-2.7969897,-0.8181005,-16.028017
-2.7973716,-0.81911594,-16.028513
-2.7977536,-0.82013136,-16.029009
-2.7981355,-0.8211468,-16.029505
-2.7985175,-0.8221622,-16.03
-2.7988994,-0.82317764,-16.030497
-2.7992814,-0.82419306,-16.030993
-2.7996633,-0.8252085,-16.031488
-2.8000453,-0.8262239,-16.031984
-2.8004272,-0.82723933,-16.03248
-2.8008091,-0.82825476,-16.032976
-2.801191,-0.8292702,-16.033472
-2.801573,-0.8302856,-16.033968
-2.801955,-0.83130103,-16.034464
-2.802337,-0.83231646,-16.03496
-2.8027189,-0.8333319,-16.035456
-2.8031008,-0.8343473,-16.035952
-2.8034828,-0.83536273,-16.036448
-2.8038647,-0.83637816,-16.036943
-2.8042467,-0.8373936,-16.03744
-2.8046286,-0.838409,-16.037935
-2.8050106,-0.83942443,-16.038431
-2.8053925,-0.84043986,-16.038927
-2.8057745,-0.8414553,-16.039423
-2.8061564,-0.8424707,-16.039919
-2.8065383,-0.84348613,-16.040415
-2.8068852,-0.8444054,-16.040861
-2.807353,-0.8456401,-16.041456
-2.8078208,-0.84687483,-16.042051
-2.8082886,-0.84810954,-16.042646
-2.8087564,-0.84934425,-16.043242
-2.8092241,-0.85057896,-16.043837
-2.809638,-0.8516951,-16.044374
-2.8099442,-0.85257417,-16.044798
-2.8102503,-0.8534532,-16.045221
-2.8105564,-0.85433227,-16.045645
-2.8108625,-0.8552113,-16.046068
-2.8111687,-0.85609037,-16.046492
-2.8114748,-0.8569694,-16.046915
-2.811781,-0.85784847,-16.047338
-2.812087,-0.8587275,-16.047762
-2.8123932,-0.85960656,-16.048185
-2.8126993,-0.8604856,-16.048609
-2.8130054,-0.86136466,-16.049032
-2.8133116,-0.8622437,-16.049456
-2.8136177,-0.86312276,-16.04988
-2.8139238,-0.8640018,-16.050303
-2.81423,-0.86488086,-16.050726
-2.814536,-0.8657599,-16.05115
-2.8148422,-0.86663896,-16.051573
-2.8151484,-0.867518,-16.051996
-2.8154545,-0.86839706,-16.05242
-2.8157606,-0.8692761,-16.052843
-2.8160667,-0.87015516,-16.053267
-2.8163729,-0.8710342,-16.05369
-2.816679,-0.87191325,-16.054113
-2.8169804,-0.8728474,-16.054567
-2.8172235,-0.8737176,-16.054996
-2.8174667,-0.87458783,-16.055426
-2.8167603,-0.87511134,-16.055908
-2.8157647,-0.87498546,-16.056091
-2.814769,-0.8748618,-16.056274
