-0.13933933,-0.97708505,-15.466433
-0.13946547,-0.97617954,-15.465998
-0.13959296,-0.975274,-15.465563
-0.13972045,-0.9743685,-15.465128
-0.13984795,-0.973463,-15.464693
-0.13997544,-0.9725575,-15.464258
-0.14010294,-0.971652,-15.463823
-0.14023043,-0.97074646,-15.463388
-0.14027414,-0.9698277,-15.462955
-0.14029202,-0.96878916,-15.462469
-0.1403099,-0.9677506,-15.461983
-0.14032778,-0.96671206,-15.461496
-0.14034566,-0.9656735,-15.46101
-0.14036354,-0.96463495,-15.460524
-0.14038143,-0.9635964,-15.460037
-0.14040427,-0.9626744,-15.459604
-0.14044796,-0.96175575,-15.459169
-0.14049165,-0.9608371,-15.4587345
-0.14053534,-0.9599185,-15.4583
-0.14057903,-0.9589999,-15.457865
-0.14062272,-0.95808125,-15.45743
-0.14066641,-0.9571626,-15.456995
-0.1407101,-0.956244,-15.45656
-0.14075379,-0.95532537,-15.456125
-0.14079748,-0.95440674,-15.45569
-0.14084117,-0.9534881,-15.4552555
-0.14088486,-0.9525695,-15.454821
-0.14092855,-0.95165086,-15.454386
-0.14097224,-0.95073223,-15.453951
-0.14101593,-0.9498136,-15.453516
-0.14105962,-0.948895,-15.453081
-0.14110331,-0.94797635,-15.452646
-0.141147,-0.9470577,-15.452211
-0.1411907,-0.9461391,-15.4517765
-0.14123438,-0.9452205,-15.451342
-0.14124262,-0.9441041,-15.450815
-0.14130785,-0.9431898,-15.450377
-0.14137307,-0.9422755,-15.44994
-0.14143829,-0.94136125,-15.449502
-0.14150351,-0.940447,-15.449064
-0.14156874,-0.9395327,-15.4486265
-0.14163396,-0.9386184,-15.448189
-0.14169918,-0.93770415,-15.447751
-0.1417644,-0.9367899,-15.447313
-0.14182962,-0.9358756,-15.446876
-0.1418767,-0.9349394,-15.446429
-0.14188747,-0.9339593,-15.445966
-0.14189824,-0.9329792,-15.445502
-0.14190902,-0.93199915,-15.445039
-0.14191979,-0.93101907,-15.444575
-0.14193057,-0.930039,-15.444112
-0.14194134,-0.9290589,-15.443648
-0.14195211,-0.92807883,-15.443185
-0.14196289,-0.92709875,-15.442721
-0.14197366,-0.9261187,-15.442258
-0.14198443,-0.9251386,-15.441794
-0.14196673,-0.9240583,-15.441283
-0.14194903,-0.92297804,-15.440772
-0.14193133,-0.92189777,-15.440261
-0.14191362,-0.9208175,-15.43975
-0.14189592,-0.9197372,-15.439239
-0.14187822,-0.91865695,-15.438727
-0.14186051,-0.9175767,-15.438216
-0.14184281,-0.9164964,-15.437705
-0.14182511,-0.9154161,-15.437194
-0.1418074,-0.91433585,-15.436683
-0.1417897,-0.9132556,-15.436172
-0.14180249,-0.9122577,-15.435695
-0.14184576,-0.91134214,-15.435252
-0.14188904,-0.9104266,-15.43481
-0.14193231,-0.9095111,-15.434367
-0.14197558,-0.90859556,-15.433925
-0.14201885,-0.90768003,-15.433482
-0.14206213,-0.9067645,-15.43304
-0.1421054,-0.905849,-15.432597
-0.14214867,-0.90493345,-15.432155
-0.14219195,-0.9040179,-15.431712
-0.14223522,-0.9031024,-15.43127
-0.14227849,-0.9021869,-15.430827
-0.14232177,-0.90127134,-15.430385
-0.14236504,-0.9003558,-15.429942
-0.14240831,-0.8994403,-15.4295
-0.14245158,-0.89852476,-15.429057
-0.14249486,-0.89760923,-15.428615
-0.14253813,-0.8966937,-15.428172
-0.1425814,-0.8957782,-15.42773
-0.14265573,-0.8947909,-15.427249
-0.14279121,-0.8938143,-15.426763
-0.14291602,-0.8929131,-15.426312
-0.14304084,-0.8920119,-15.425862
-0.14316565,-0.89111066,-15.425412
-0.1432901,-0.8902104,-15.42497
-0.14341965,-0.8892726,-15.424508
-0.14354357,-0.88837206,-15.424062
-0.14366749,-0.88747156,-15.423615
-0.1437914,-0.88657105,-15.423169
-0.14392552,-0.88559544,-15.422685
-0.14405426,-0.88465726,-15.422217
-0.14418301,-0.8837191,-15.42175
-0.14431176,-0.8827809,-15.421283
-0.1444405,-0.88184273,-15.420815
-0.14456925,-0.88090456,-15.420348
-0.144698,-0.8799664,-15.419881
-0.14482674,-0.8790282,-15.419414
-0.14487167,-0.8779425,-15.418886
-0.14491361,-0.87689376,-15.418376
-0.14495556,-0.875845,-15.417866
-0.1449975,-0.8747963,-15.417356
-0.14503945,-0.8737475,-15.416845
-0.1450814,-0.8726988,-15.416335
-0.1451286,-0.8716124,-15.415807
-0.14518313,-0.870623,-15.415326
-0.14523767,-0.86963356,-15.414845
-0.14529221,-0.8686441,-15.414365
-0.14534675,-0.8676547,-15.413884
-0.14540128,-0.86666524,-15.4134035
-0.14545582,-0.8656758,-15.412923
-0.14551036,-0.86468637,-15.412442
-0.1455649,-0.86369693,-15.411962
-0.14561944,-0.8627075,-15.411481
-0.14567398,-0.86171806,-15.411
-0.14572851,-0.8607286,-15.41052
-0.14578305,-0.8597392,-15.410039
-0.14583759,-0.85874975,-15.409558
-0.14589213,-0.8577603,-15.409078
-0.14594667,-0.8567709,-15.408597
-0.1460012,-0.85578144,-15.408116
-0.14605574,-0.854792,-15.407636
-0.14611028,-0.85380256,-15.407155
-0.14616482,-0.8528131,-15.406674
-0.14620106,-0.8518016,-15.406185
-0.1461824,-0.8507237,-15.40567
-0.14616375,-0.8496458,-15.405155
-0.14614509,-0.8485679,-15.40464
-0.14612643,-0.84749,-15.404125
-0.14616272,-0.8464779,-15.403636
-0.14621732,-0.8454878,-15.403155
-0.14627191,-0.8444976,-15.402675
-0.14632651,-0.84350747,-15.402194
-0.14638111,-0.8425173,-15.401713
-0.14643571,-0.84152716,-15.401233
-0.1464903,-0.840537,-15.400752
-0.1465449,-0.83954686,-15.400271
-0.1465995,-0.8385567,-15.399791
-0.1466541,-0.83756655,-15.39931
-0.1467087,-0.8365764,-15.398829
-0.1467633,-0.83558625,-15.398349
-0.1468179,-0.8345961,-15.397868
-0.14687249,-0.83360595,-15.3973875
-0.14692709,-0.8326158,-15.396907
-0.14698169,-0.83162564,-15.396426
-0.14703628,-0.8306355,-15.395946
-0.14709088,-0.82964534,-15.395465
-0.14714548,-0.8286552,-15.394984
-0.1472002,-0.8276649,-15.3945055
-0.14725503,-0.8266745,-15.394029
-0.14730987,-0.82568413,-15.393552
-0.1473647,-0.82469374,-15.393075
-0.14741154,-0.8237597,-15.392624
-0.14751843,-0.82285404,-15.392181
-0.14764622,-0.8219516,-15.391739
-0.14777401,-0.8210492,-15.391296
-0.1479018,-0.8201468,-15.390854
-0.1480296,-0.8192444,-15.390411
-0.14815739,-0.818342,-15.389969
-0.14828518,-0.81743956,-15.389526
-0.14841297,-0.81653714,-15.389084
-0.14854077,-0.8156347,-15.388641
-0.14866856,-0.8147323,-15.388199
-0.14879635,-0.8138299,-15.387756
-0.14892414,-0.8129275,-15.387314
-0.14905193,-0.81202507,-15.386871
-0.14917973,-0.81112266,-15.386429
-0.14930752,-0.81022024,-15.385986
-0.14943531,-0.8093178,-15.385544
-0.1495631,-0.8084154,-15.385101
-0.1496909,-0.807513,-15.384659
-0.14981869,-0.8066106,-15.384216
-0.149874,-0.80561966,-15.383739
-0.14990321,-0.804663,-15.383282
-0.14993241,-0.80370635,-15.382824
-0.15006664,-0.80261165,-15.38229
-0.15019503,-0.8017083,-15.381847
-0.15032342,-0.8008049,-15.381405
-0.15045181,-0.79990155,-15.380962
-0.1505802,-0.7989982,-15.38052
-0.15070859,-0.7980948,-15.380077
-0.15083697,-0.79719144,-15.379635
-0.15092498,-0.7962814,-15.379194
-0.1509726,-0.7953647,-15.378756
-0.15102023,-0.79444796,-15.378317
-0.15106785,-0.79353124,-15.377878
-0.15111548,-0.7926145,-15.3774395
-0.1511631,-0.7916978,-15.377001
-0.15121073,-0.7907811,-15.376562
-0.15125835,-0.78986436,-15.376123
-0.15130597,-0.78894764,-15.375685
-0.1513536,-0.7880309,-15.375246
-0.15140122,-0.7871142,-15.374807
-0.15144885,-0.7861975,-15.374369
-0.15149647,-0.78528076,-15.37393
-0.1515441,-0.78436404,-15.373491
-0.15159172,-0.7834473,-15.373053
-0.15163934,-0.7825306,-15.372614
-0.15168697,-0.7816139,-15.372175
-0.15173459,-0.78069717,-15.371737
-0.15178221,-0.77978045,-15.371298
-0.15185957,-0.7788106,-15.3708315
-0.1520261,-0.77768147,-15.370282
-0.15219264,-0.7765523,-15.369733
-0.15235917,-0.77542317,-15.369184
-0.15252571,-0.774294,-15.368634
-0.15265037,-0.7731589,-15.368085
-0.15273316,-0.77201784,-15.367536
-0.15281595,-0.77087677,-15.366986
-0.15289874,-0.7697357,-15.366437
-0.15298153,-0.7685946,-15.365888
-0.15306433,-0.76745355,-15.365338
-0.15314712,-0.7663125,-15.364789
-0.1532299,-0.7651714,-15.36424
-0.1533127,-0.76403034,-15.36369
-0.15339549,-0.76288927,-15.363141
-0.15347828,-0.7617482,-15.362592
-0.15356107,-0.7606071,-15.362042
-0.15364386,-0.75946605,-15.361493
-0.15372665,-0.758325,-15.360944
-0.15380944,-0.7571839,-15.3603945
-0.15389223,-0.75604284,-15.359845
-0.15397502,-0.75490177,-15.359296
-0.15405782,-0.7537607,-15.358747
-0.1541406,-0.7526196,-15.358197
-0.1542497,-0.7514448,-15.357628
-0.1543907,-0.7504878,-15.357156
-0.15453169,-0.7495308,-15.356684
-0.15467268,-0.7485738,-15.356212
-0.15481368,-0.74761677,-15.35574
-0.15493675,-0.7466378,-15.355258
-0.15502396,-0.745615,-15.354757
-0.15510327,-0.74464923,-15.354282
-0.15518257,-0.74368346,-15.353807
-0.15526187,-0.7427177,-15.3533325
-0.15534118,-0.7417519,-15.352858
-0.15542048,-0.74078614,-15.352383
-0.15549979,-0.73982036,-15.351908
-0.15557909,-0.7388546,-15.351433
-0.1556584,-0.7378888,-15.350958
-0.1557377,-0.73692304,-15.350483
-0.155817,-0.73595726,-15.350008
-0.1558963,-0.7349915,-15.349533
-0.15597561,-0.7340257,-15.349058
-0.15605491,-0.73305994,-15.348583
-0.15613422,-0.73209417,-15.348108
-0.15621352,-0.7311284,-15.347633
-0.15629283,-0.7301626,-15.347158
-0.15637213,-0.72919685,-15.3466835
-0.15645143,-0.7282311,-15.346209
-0.15653074,-0.7272653,-15.345734
-0.15661004,-0.7262995,-15.345259
-0.15668935,-0.72533375,-15.344784
-0.15676865,-0.724368,-15.344309
-0.15684795,-0.7234022,-15.343834
-0.15692726,-0.7224364,-15.343359
-0.15700656,-0.72147065,-15.342884
-0.15708587,-0.7205049,-15.342409
-0.15716517,-0.7195391,-15.341934
-0.15730697,-0.7185846,-15.341456
-0.15744877,-0.7176301,-15.340979
-0.15759057,-0.7166756,-15.340501
-0.15773237,-0.7157211,-15.340023
-0.15784779,-0.71480083,-15.339564
-0.15793136,-0.71366525,-15.339004
-0.15801492,-0.71252966,-15.338443
-0.15809849,-0.7113941,-15.337882
-0.15818205,-0.7102585,-15.337321
-0.15826562,-0.7091229,-15.3367605
-0.15834919,-0.7079873,-15.3362
-0.15843275,-0.7068517,-15.335639
-0.15849893,-0.7058295,-15.33513
-0.15855931,-0.7048451,-15.334638
-0.15861969,-0.70386064,-15.334146
-0.15868007,-0.7028762,-15.333653
-0.15874045,-0.7018918,-15.333161
-0.15880083,-0.70090735,-15.332669
-0.1588612,-0.6999229,-15.332177
-0.15892158,-0.6989385,-15.331685
-0.15898196,-0.69795406,-15.331193
-0.15904234,-0.6969696,-15.330701
-0.15910272,-0.6959852,-15.330209
-0.1591631,-0.69500077,-15.329717
-0.15922348,-0.69401634,-15.329225
-0.15928386,-0.6930319,-15.3287325
-0.15934424,-0.6920475,-15.32824
-0.15940462,-0.69106305,-15.327748
-0.159465,-0.6900786,-15.327256
-0.15952538,-0.6890942,-15.326764
-0.15958576,-0.68810976,-15.326272
-0.15966408,-0.6871477,-15.3257885
-0.15979622,-0.68625265,-15.325331
-0.15992837,-0.68535763,-15.324873
-0.16006051,-0.6844626,-15.324415
-0.16019265,-0.6835676,-15.323957
-0.16028385,-0.6826653,-15.323502
-0.1603341,-0.6817557,-15.323048
-0.16038434,-0.68084615,-15.322594
-0.16043459,-0.6799366,-15.32214
-0.16048484,-0.679027,-15.321686
-0.16053508,-0.67811745,-15.321232
-0.16058533,-0.6772079,-15.320778
-0.16063558,-0.6762983,-15.320324
-0.16068582,-0.67538875,-15.31987
-0.16073607,-0.6744792,-15.319416
-0.16078632,-0.6735696,-15.318962
-0.16083656,-0.67266005,-15.318508
-0.16088681,-0.6717505,-15.318054
-0.16093706,-0.6708409,-15.3176
-0.1609873,-0.66993135,-15.317146
-0.16103755,-0.6690218,-15.316692
-0.1610878,-0.6681122,-15.316238
-0.16113804,-0.66720265,-15.315784
-0.16118829,-0.6662931,-15.3153305
-0.16128209,-0.66523707,-15.314801
-0.16142239,-0.66430247,-15.314329
-0.16156268,-0.66336787,-15.313857
-0.16163561,-0.66230786,-15.313329
-0.1617682,-0.6614109,-15.312877
-0.16190079,-0.660514,-15.312425
-0.16203338,-0.65961707,-15.311973
-0.16216597,-0.65872014,-15.311521
-0.16229856,-0.6578232,-15.311069
-0.16243115,-0.6569263,-15.3106165
-0.16256374,-0.65602934,-15.310164
-0.16269633,-0.6551324,-15.309712
-0.16282892,-0.6542355,-15.30926
-0.16296151,-0.65333855,-15.308808
-0.1630941,-0.6524416,-15.308356
-0.1632267,-0.6515447,-15.307904
-0.16335928,-0.65064776,-15.307452
-0.1633246,-0.64972556,-15.307002
-0.16331623,-0.6487694,-15.306532
-0.1634482,-0.6478739,-15.306074
-0.16357927,-0.6469796,-15.305616
-0.16371016,-0.6460855,-15.305159
-0.16384105,-0.64519143,-15.304701
-0.1639295,-0.644292,-15.304243
-0.16378579,-0.6433769,-15.303795
-0.16391644,-0.64248425,-15.303337
-0.16404709,-0.6415916,-15.302879
-0.16417775,-0.64069897,-15.302422
-0.1643084,-0.63980633,-15.301964
-0.16437715,-0.6389042,-15.301506
-0.164509,-0.6380116,-15.301048
-0.16464084,-0.63711894,-15.3005905
-0.16478088,-0.63617104,-15.300096
-0.16491267,-0.6352791,-15.299626
-0.16504446,-0.6343872,-15.299157
-0.16517624,-0.6334953,-15.298688
-0.16530803,-0.63260335,-15.298219
-0.16543981,-0.6317114,-15.2977495
-0.1654881,-0.6308071,-15.297284
-0.16536936,-0.629878,-15.296826
-0.16529343,-0.62895447,-15.296369
-0.16522324,-0.62799364,-15.295892
-0.16515306,-0.6270328,-15.295415
-0.16508287,-0.626072,-15.294938
-0.16501269,-0.62511116,-15.294461
-0.1649425,-0.62415034,-15.293984
-0.16487232,-0.6231895,-15.293508
-0.16480213,-0.6222287,-15.293031
-0.16493899,-0.62131745,-15.292557
-0.16507584,-0.6204062,-15.292083
-0.16510627,-0.61934584,-15.291543
-0.16514061,-0.6184002,-15.291061
-0.16517496,-0.6174546,-15.29058
-0.16520931,-0.61650896,-15.290098
-0.16524366,-0.61556333,-15.289617
-0.165278,-0.6146177,-15.289135
-0.16531235,-0.6136721,-15.288653
-0.1653467,-0.61272645,-15.288172
-0.16538104,-0.6117808,-15.28769
-0.16541539,-0.6108352,-15.287209
-0.16544974,-0.60988957,-15.286727
-0.16548409,-0.60894394,-15.286245
-0.16551843,-0.6079983,-15.285764
-0.16555278,-0.6070527,-15.285282
-0.16558713,-0.60610706,-15.284801
-0.16564524,-0.605146,-15.284309
-0.16579843,-0.6041232,-15.28378
-0.16595161,-0.60310036,-15.283251
-0.166084,-0.6020743,-15.2827215
-0.16613325,-0.6010354,-15.282192
-0.1661825,-0.5999965,-15.281663
-0.16623175,-0.5989576,-15.281134
-0.166281,-0.5979187,-15.280604
-0.16633025,-0.5968798,-15.280075
-0.1663795,-0.5958409,-15.279546
-0.16644178,-0.5948619,-15.279046
-0.16650407,-0.593883,-15.278546
-0.16656636,-0.59290403,-15.278047
-0.16662864,-0.5919251,-15.277547
-0.16669093,-0.59094614,-15.277047
-0.16675322,-0.5899672,-15.276547
-0.1668155,-0.58898824,-15.276048
-0.16687779,-0.5880093,-15.275548
-0.16694008,-0.58703035,-15.275048
-0.16700236,-0.5860514,-15.274549
-0.16706465,-0.58507246,-15.274049
-0.16712694,-0.5840935,-15.273549
-0.16718923,-0.58311456,-15.273049
-0.16725151,-0.5821356,-15.27255
-0.1673138,-0.5811567,-15.27205
-0.16737609,-0.5801777,-15.27155
-0.16743837,-0.5791988,-15.27105
-0.16750066,-0.57821983,-15.270551
-0.16756295,-0.5772409,-15.270051
-0.16764253,-0.57615125,-15.269491
-0.16772789,-0.5750247,-15.268911
-0.16781324,-0.5738982,-15.268332
-0.1678986,-0.57277167,-15.267752
-0.16798395,-0.57164514,-15.267172
-0.16798669,-0.570505,-15.266592
-0.16798943,-0.5693649,-15.266012
-0.16799217,-0.5682248,-15.265432
-0.16799492,-0.56708467,-15.264853
-0.16799766,-0.56594455,-15.264273
-0.1680004,-0.56480443,-15.263693
-0.16800314,-0.5636643,-15.263113
-0.16800588,-0.5625242,-15.262533
-0.16800863,-0.5613841,-15.261953
-0.16801137,-0.56024396,-15.2613735
-0.16801411,-0.55910385,-15.260794
-0.16801685,-0.5579637,-15.260214
-0.1680196,-0.5568236,-15.259634
-0.16802233,-0.5556835,-15.259054
-0.16802508,-0.5545434,-15.258474
-0.16802782,-0.55340326,-15.2578945
-0.16803056,-0.55226314,-15.257315
-0.1680333,-0.551123,-15.256735
-0.16803604,-0.5499829,-15.256155
-0.16809234,-0.5487746,-15.255539
-0.16817473,-0.54781723,-15.25505
-0.16825712,-0.54685986,-15.25456
-0.1683395,-0.5459025,-15.254071
-0.1684219,-0.5449451,-15.253582
-0.16850983,-0.5439508,-15.253072
-0.16857398,-0.54297197,-15.25257
-0.16858502,-0.5420611,-15.252107
-0.16859606,-0.5411502,-15.251643
-0.1686071,-0.54023933,-15.25118
-0.16861814,-0.53932846,-15.250716
-0.16862918,-0.5384176,-15.250253
-0.16864023,-0.5375067,-15.249789
-0.16865127,-0.5365958,-15.249326
-0.16866231,-0.53568494,-15.248862
-0.16867335,-0.53477407,-15.248399
-0.1686844,-0.5338632,-15.247935
-0.16869543,-0.5329523,-15.247472
-0.16870648,-0.53204143,-15.247008
-0.16871752,-0.53113055,-15.246545
-0.16872856,-0.5302197,-15.246081
-0.16878088,-0.5293156,-15.245618
-0.16879049,-0.5284058,-15.245154
-0.1688001,-0.527496,-15.244691
-0.16880971,-0.5265862,-15.244227
-0.16889507,-0.5254594,-15.243648
-0.16898042,-0.52433264,-15.243068
-0.16906577,-0.5232059,-15.242488
-0.16915113,-0.5220791,-15.241908
-0.16923648,-0.52095234,-15.241328
-0.16932184,-0.5198256,-15.240748
-0.16940719,-0.5186988,-15.240169
-0.16949254,-0.51757205,-15.239589
-0.1695779,-0.5164453,-15.239009
-0.16966325,-0.5153185,-15.238429
-0.1697486,-0.51419175,-15.237849
-0.16983396,-0.513065,-15.237269
-0.16991931,-0.5119382,-15.23669
-0.16997433,-0.5107306,-15.236072
-0.16999283,-0.5097643,-15.2355795
-0.17001134,-0.508798,-15.235087
-0.17002992,-0.50783193,-15.234595
-0.17004865,-0.50686634,-15.234103
-0.17006738,-0.50590074,-15.233611
-0.17008612,-0.50493515,-15.233119
-0.17010485,-0.50396955,-15.232627
-0.17014079,-0.50289345,-15.232075
-0.17017673,-0.50181735,-15.231523
-0.17021267,-0.50074124,-15.23097
-0.17024861,-0.4996651,-15.230418
-0.17028455,-0.49858892,-15.229866
-0.1703205,-0.49751273,-15.229314
-0.17035644,-0.49643654,-15.228762
-0.17039238,-0.49536034,-15.2282095
-0.17042832,-0.49428415,-15.227657
-0.17046426,-0.49320796,-15.227105
-0.1705002,-0.49213177,-15.226553
-0.17053615,-0.49105558,-15.226001
-0.17057209,-0.4899794,-15.225449
-0.17060803,-0.4889032,-15.224896
-0.17064397,-0.487827,-15.224344
-0.1706649,-0.48671046,-15.223773
-0.17065583,-0.4855132,-15.223164
-0.17064676,-0.48431596,-15.222554
-0.17059623,-0.48311222,-15.221945
-0.17052497,-0.48190522,-15.221335
-0.17045371,-0.48069823,-15.220726
-0.17038245,-0.47949123,-15.220117
-0.1703112,-0.47828424,-15.219507
-0.17023994,-0.47707725,-15.218898
-0.17018679,-0.47575814,-15.218231
-0.17013364,-0.47443902,-15.217565
-0.17008048,-0.4731199,-15.216898
-0.17002733,-0.4718008,-15.216231
-0.16997418,-0.4704817,-15.215565
-0.16992103,-0.46916258,-15.214898
-0.16986787,-0.46784347,-15.2142315
-0.16981472,-0.46652436,-15.213565
-0.16976157,-0.46520525,-15.212898
-0.16970842,-0.46388614,-15.212232
-0.16965526,-0.46256703,-15.211565
-0.16960211,-0.46124792,-15.210898
-0.16954896,-0.4599288,-15.210232
-0.1694958,-0.4586097,-15.209565
-0.16944265,-0.4572906,-15.208899
-0.16937871,-0.4560452,-15.208272
-0.169309,-0.45483685,-15.2076645
-0.16923855,-0.45362878,-15.207055
-0.1691681,-0.4524207,-15.206446
-0.16909765,-0.45121264,-15.205836
-0.1690272,-0.45000458,-15.205227
-0.16895674,-0.4487965,-15.2046175
-0.16888629,-0.44758844,-15.204008
-0.16881584,-0.44638038,-15.203399
-0.16874538,-0.4451723,-15.202789
-0.16867493,-0.44396424,-15.20218
-0.16855626,-0.44278747,-15.20159
-0.16841348,-0.44162634,-15.201009
-0.16827069,-0.4404652,-15.200428
-0.16812791,-0.43930408,-15.199847
-0.16798513,-0.43814296,-15.199266
-0.16784234,-0.43698183,-15.198686
-0.16769956,-0.4358207,-15.198105
-0.16755678,-0.43465957,-15.197524
-0.167414,-0.43349844,-15.196943
-0.16727121,-0.4323373,-15.1963625
-0.16712843,-0.4311762,-15.195782
-0.16698565,-0.43001506,-15.195201
-0.16684286,-0.42885393,-15.19462
-0.16670008,-0.4276928,-15.194039
-0.1665573,-0.42653167,-15.193459
-0.16641451,-0.42537054,-15.192878
-0.16627173,-0.42420942,-15.192297
-0.16612895,-0.4230483,-15.191716
-0.16598617,-0.42188716,-15.191135
-0.16584338,-0.42072603,-15.190555
-0.1657006,-0.4195649,-15.189974
-0.16555782,-0.41840377,-15.189393
-0.16541503,-0.41724265,-15.188812
-0.16527225,-0.41608152,-15.188231
-0.16519581,-0.41504455,-15.187708
-0.16515253,-0.41406965,-15.187213
-0.16510926,-0.41309476,-15.186718
-0.16506599,-0.41211987,-15.186223
-0.16502272,-0.41114497,-15.185728
-0.16497944,-0.41017008,-15.185233
-0.1648875,-0.40909356,-15.18469
-0.16478415,-0.4080915,-15.184187
-0.1646808,-0.4070894,-15.183683
-0.16457744,-0.40608734,-15.18318
-0.16447408,-0.40508527,-15.182676
-0.16437073,-0.4040832,-15.182173
-0.16426738,-0.40308112,-15.181669
-0.16416402,-0.40207905,-15.181166
-0.16406067,-0.40107697,-15.180662
-0.16395731,-0.4000749,-15.180159
-0.16385396,-0.39907283,-15.179655
-0.1637506,-0.39807075,-15.179152
-0.16364725,-0.39706868,-15.178648
-0.1635439,-0.3960666,-15.178144
-0.16344054,-0.39506453,-15.177641
-0.16333719,-0.39406246,-15.177137
-0.16323383,-0.3930604,-15.176634
-0.16313048,-0.3920583,-15.17613
-0.16302712,-0.39105624,-15.175627
-0.1629249,-0.39005357,-15.175123
-0.16282268,-0.3890509,-15.17462
-0.16272046,-0.38804823,-15.174116
-0.16261855,-0.38704544,-15.173613
-0.16255954,-0.38604844,-15.173109
-0.16254249,-0.38505757,-15.1726055
-0.16252545,-0.3840667,-15.172102
-0.1625084,-0.38307583,-15.171598
-0.16249135,-0.38208497,-15.171095
-0.1624743,-0.3810941,-15.170591
-0.16245726,-0.38010323,-15.170088
-0.16244021,-0.37911236,-15.169584
-0.16242316,-0.3781215,-15.169081
-0.16240612,-0.37713063,-15.168577
-0.16238907,-0.37613976,-15.168074
-0.16237202,-0.3751489,-15.16757
-0.16235498,-0.37415802,-15.167067
-0.16233793,-0.37316716,-15.166563
-0.16232088,-0.3721763,-15.1660595
-0.16230384,-0.37118542,-15.165556
-0.16228679,-0.37019455,-15.165052
-0.16226974,-0.3692037,-15.164549
-0.1622527,-0.36821282,-15.164045
-0.16224757,-0.36714756,-15.163504
-0.16224244,-0.3660823,-15.162962
-0.16223732,-0.36501706,-15.16242
-0.16223219,-0.3639518,-15.161879
-0.1622101,-0.36299795,-15.161396
-0.1621789,-0.36196664,-15.160875
-0.1621477,-0.36093533,-15.160355
-0.1621165,-0.35990402,-15.159834
-0.1620853,-0.3588727,-15.159313
-0.16205409,-0.3578414,-15.1587925
-0.16202289,-0.3568101,-15.158272
-0.16199169,-0.35577878,-15.157751
-0.16196048,-0.35474747,-15.15723
-0.16192928,-0.35371616,-15.15671
-0.16189808,-0.35268486,-15.156189
-0.16186687,-0.35165355,-15.155668
-0.16184267,-0.35058385,-15.15513
-0.16182198,-0.34949496,-15.154584
-0.16180128,-0.34840608,-15.154037
-0.16178058,-0.3473172,-15.153491
-0.16175988,-0.3462283,-15.152945
-0.16173919,-0.3451394,-15.152398
-0.16171849,-0.34405053,-15.151852
-0.16169779,-0.34296164,-15.151305
-0.16167709,-0.34187275,-15.150759
-0.1616564,-0.34078386,-15.150212
-0.1616357,-0.33969498,-15.149666
-0.161615,-0.3386061,-15.149119
-0.1615943,-0.3375172,-15.148573
-0.1615736,-0.3364283,-15.148026
-0.1615529,-0.33533943,-15.14748
-0.16153221,-0.33425054,-15.146934
-0.16151151,-0.33316165,-15.146387
-0.16149081,-0.33207276,-15.145841
-0.16147012,-0.33098388,-15.145294
-0.16144942,-0.329895,-15.144748
-0.16142872,-0.3288061,-15.144201
-0.16140802,-0.3277172,-15.143655
-0.16138732,-0.32662833,-15.143108
-0.16136663,-0.32553944,-15.142562
-0.16134593,-0.32445055,-15.142015
-0.16132523,-0.32336167,-15.141469
-0.16130453,-0.32227278,-15.140923
-0.1612551,-0.32110187,-15.14034
-0.16119131,-0.31988996,-15.139739
-0.16112752,-0.31867805,-15.139138
-0.16106373,-0.31746614,-15.138537
-0.16099994,-0.31625423,-15.137937
-0.16093633,-0.31504214,-15.137336
-0.1608728,-0.31382996,-15.136735
-0.16080928,-0.31261778,-15.136134
-0.16074575,-0.3114056,-15.135533
-0.16068223,-0.31019342,-15.1349325
-0.16061871,-0.30898124,-15.134332
-0.16054651,-0.30782476,-15.1337595
-0.16047432,-0.30666828,-15.133187
-0.16040212,-0.3055118,-15.132615
-0.16032992,-0.30435532,-15.132043
-0.16025773,-0.30319884,-15.131471
-0.16018553,-0.30204237,-15.130898
-0.16011333,-0.3008859,-15.130326
-0.16004114,-0.2997294,-15.129754
-0.15996894,-0.29857293,-15.129182
-0.15989675,-0.29741645,-15.12861
-0.15982455,-0.29625997,-15.128037
-0.15975235,-0.2951035,-15.127465
-0.15968016,-0.293947,-15.126893
-0.15960796,-0.29279053,-15.126321
-0.15953577,-0.29163405,-15.125749
-0.15946357,-0.29047757,-15.125176
-0.15939137,-0.2893211,-15.124604
-0.15931918,-0.28816462,-15.124032
-0.15924698,-0.28700814,-15.12346
-0.15917479,-0.28585166,-15.122888
-0.15910259,-0.28469518,-15.122315
-0.1590304,-0.2835387,-15.121743
-0.1589582,-0.28238222,-15.121171
-0.158886,-0.28122574,-15.120599
-0.15881383,-0.2800695,-15.120027
-0.15874173,-0.27891374,-15.119454
-0.15866962,-0.27775797,-15.118882
-0.15859751,-0.2766022,-15.11831
-0.1585254,-0.27544644,-15.117738
-0.15844733,-0.27432814,-15.117184
-0.15835729,-0.27328476,-15.116666
-0.15826726,-0.27224138,-15.116148
-0.15817723,-0.271198,-15.11563
-0.1580872,-0.27015463,-15.115112
-0.15799716,-0.26911125,-15.114594
-0.15790713,-0.26806787,-15.114077
-0.1578171,-0.2670245,-15.113559
-0.15772706,-0.2659811,-15.113041
-0.15763703,-0.26493773,-15.112523
-0.15759492,-0.26386294,-15.111988
-0.15757677,-0.26277244,-15.111444
-0.15755862,-0.26168194,-15.110901
-0.15754047,-0.26059145,-15.110357
-0.15752232,-0.25950095,-15.109814
-0.15750417,-0.25841045,-15.10927
-0.15748602,-0.25731996,-15.1087265
-0.15746787,-0.25622946,-15.108183
-0.15744972,-0.25513896,-15.107639
-0.15743157,-0.25404847,-15.107096
-0.15741342,-0.25295797,-15.106552
-0.15739527,-0.25186747,-15.106009
-0.15737712,-0.25077698,-15.105465
-0.15735897,-0.24968648,-15.104921
-0.15734082,-0.24859598,-15.104378
-0.15732267,-0.24750549,-15.103834
-0.15730453,-0.24641499,-15.103291
-0.15728638,-0.24532449,-15.102747
-0.15726823,-0.244234,-15.102203
-0.15725008,-0.2431435,-15.10166
-0.15723193,-0.242053,-15.101116
-0.15721378,-0.2409625,-15.100573
-0.15719563,-0.23987201,-15.100029
-0.15717748,-0.23878151,-15.099485
-0.15715933,-0.23769102,-15.098942
-0.15712905,-0.23667571,-15.098434
-0.15707475,-0.23567657,-15.097935
-0.15698454,-0.23463458,-15.097414
-0.15689433,-0.23359258,-15.096893
-0.15680411,-0.23255059,-15.096373
-0.1567139,-0.2315086,-15.095852
-0.15662369,-0.2304666,-15.095331
-0.15653348,-0.22942461,-15.0948105
-0.15644327,-0.22838262,-15.09429
-0.15635306,-0.22734062,-15.093769
-0.15626284,-0.22629863,-15.093248
-0.15618142,-0.22520117,-15.092698
-0.15611759,-0.2239928,-15.092089
-0.15605375,-0.22278441,-15.091479
-0.15598992,-0.22157604,-15.09087
-0.15592608,-0.22036766,-15.0902605
-0.15586224,-0.21915928,-15.089651
-0.1557984,-0.2179509,-15.089042
-0.15573457,-0.21674252,-15.088432
-0.15567073,-0.21553414,-15.087823
-0.1556069,-0.21432576,-15.0872135
-0.15553153,-0.21319197,-15.086642
-0.15545039,-0.21209548,-15.08609
-0.15536925,-0.210999,-15.085538
-0.15528812,-0.20990251,-15.084986
-0.15520698,-0.20880602,-15.084434
-0.15512584,-0.20770954,-15.083881
-0.1550447,-0.20661305,-15.083329
-0.15496357,-0.20551656,-15.082777
-0.15488243,-0.20442007,-15.082225
-0.1548013,-0.20332359,-15.081673
-0.15472016,-0.2022271,-15.0811205
-0.15463902,-0.20113061,-15.080568
-0.15455788,-0.20003413,-15.080016
-0.15447675,-0.19893764,-15.079464
-0.15444383,-0.19781046,-15.078893
-0.15443502,-0.19666792,-15.078312
-0.15442622,-0.1955254,-15.077731
-0.15441741,-0.19438286,-15.07715
-0.1544086,-0.19324033,-15.07657
-0.1543998,-0.1920978,-15.075989
-0.15439099,-0.19095527,-15.075408
-0.15438218,-0.18981273,-15.074827
-0.15437338,-0.1886702,-15.074246
-0.15436457,-0.18752767,-15.073666
-0.15435576,-0.18638514,-15.073085
-0.15434696,-0.18524261,-15.072504
-0.15433815,-0.18410008,-15.071923
-0.15432934,-0.18295754,-15.071342
-0.15432054,-0.18181501,-15.070762
-0.15431173,-0.18067248,-15.070181
-0.15430292,-0.17952995,-15.0696
-0.15429412,-0.17838742,-15.069019
-0.15428531,-0.17724489,-15.068439
-0.1542765,-0.17610236,-15.067858
-0.1542677,-0.17495982,-15.067277
-0.15425889,-0.17381729,-15.066696
-0.15425009,-0.17267476,-15.066115
-0.15424128,-0.17153223,-15.065535
-0.15423247,-0.1703897,-15.064954
-0.15418135,-0.16924195,-15.064371
-0.15411478,-0.168055,-15.063767
-0.15405966,-0.16679485,-15.063124
-0.15400454,-0.1655347,-15.06248
-0.15394942,-0.16427456,-15.061836
-0.1538943,-0.16301441,-15.0611925
-0.15383919,-0.16175427,-15.060549
-0.15378407,-0.16049412,-15.059905
-0.15372895,-0.15923397,-15.059261
-0.15367383,-0.15797383,-15.058618
-0.15361871,-0.15671368,-15.057974
-0.15356362,-0.15545386,-15.057329
-0.15350859,-0.1541947,-15.056683
-0.15345356,-0.15293553,-15.056036
-0.15339853,-0.15167637,-15.055389
-0.1533435,-0.15041721,-15.054743
-0.15328847,-0.14915805,-15.054096
-0.15323344,-0.14789888,-15.05345
-0.15317841,-0.14663972,-15.052803
-0.15312338,-0.14538056,-15.052156
-0.15306835,-0.1441214,-15.05151
-0.15301332,-0.14286223,-15.050863
-0.15295838,-0.14160405,-15.050214
-0.15290344,-0.14034587,-15.049564
-0.1528485,-0.13908769,-15.048915
-0.15279356,-0.13782951,-15.048265
-0.15273862,-0.13657133,-15.047616
-0.15268368,-0.13531315,-15.046967
-0.15262873,-0.13405497,-15.046317
-0.1525738,-0.1327968,-15.045668
-0.15251885,-0.13153861,-15.045018
-0.15246391,-0.13028044,-15.044369
-0.15240897,-0.12902226,-15.043719
-0.15235403,-0.12776408,-15.04307
-0.15229909,-0.1265059,-15.04242
-0.15224415,-0.12524772,-15.041771
-0.15218921,-0.12398954,-15.0411215
-0.15209821,-0.122688755,-15.040451
-0.15198918,-0.12136667,-15.03977
-0.15188015,-0.12004459,-15.039089
-0.15177111,-0.118722506,-15.038408
-0.15166208,-0.11740042,-15.037727
-0.15155305,-0.11607834,-15.037046
-0.15144402,-0.11475626,-15.0363655
-0.15133499,-0.11343417,-15.035685
-0.15122595,-0.11211209,-15.035004
-0.15111692,-0.11079001,-15.034323
-0.15100789,-0.10946792,-15.033642
-0.15089886,-0.10814584,-15.032961
-0.15078983,-0.10682376,-15.03228
-0.1506808,-0.105501674,-15.031599
-0.15057176,-0.10417959,-15.030918
-0.15046273,-0.10285751,-15.030237
-0.1503537,-0.101535425,-15.029556
-0.15024467,-0.10021334,-15.028875
-0.15013564,-0.09889126,-15.028194
-0.1500266,-0.097569175,-15.0275135
-0.14991757,-0.09624709,-15.026833
-0.14980854,-0.09492501,-15.026152
-0.14969951,-0.093602926,-15.025471
-0.14959048,-0.09228084,-15.02479
-0.14950225,-0.09096186,-15.024109
-0.14945562,-0.089649074,-15.023428
-0.149409,-0.08833629,-15.022747
-0.14936237,-0.087023504,-15.022066
-0.14931574,-0.08571072,-15.021385
-0.1492268,-0.0843936,-15.0207
-0.1491167,-0.08307431,-15.020014
-0.14900659,-0.08175502,-15.019327
-0.14889933,-0.08041803,-15.018629
-0.14883162,-0.0795031,-15.018148
-0.14876391,-0.078588165,-15.017668
-0.1486962,-0.077673234,-15.017187
-0.14862849,-0.0767583,-15.016706
-0.14856078,-0.07584337,-15.016226
-0.14849307,-0.07492844,-15.015745
-0.14842536,-0.07401351,-15.0152645
-0.14835764,-0.07309858,-15.014784
-0.14828993,-0.072183646,-15.014303
-0.14822222,-0.071268715,-15.013823
-0.14815451,-0.07035378,-15.013342
-0.1480868,-0.06943885,-15.012861
-0.14801909,-0.06852392,-15.012381
-0.14795138,-0.06760899,-15.0119
-0.14788367,-0.06669406,-15.011419
-0.14781596,-0.06577913,-15.010939
-0.14774825,-0.064864196,-15.010458
-0.14768054,-0.063949265,-15.009977
-0.14761283,-0.06303433,-15.009497
-0.14754511,-0.062119402,-15.009016
-0.1474774,-0.06120447,-15.008535
-0.14740969,-0.06028954,-15.008055
-0.14734198,-0.059374608,-15.007574
-0.14727427,-0.058459677,-15.007093
-0.14720656,-0.057544746,-15.006613
-0.14713885,-0.056629814,-15.006132
-0.14707114,-0.055714883,-15.005651
-0.14700343,-0.05479995,-15.005171
-0.14693572,-0.05388502,-15.00469
-0.146868,-0.05297009,-15.0042095
-0.1468003,-0.052055158,-15.003729
-0.14673258,-0.051140226,-15.003248
-0.14666487,-0.050225295,-15.002768
-0.14659716,-0.049310364,-15.002287
-0.14652945,-0.048395433,-15.001806
-0.14646174,-0.0474805,-15.001326
-0.14639403,-0.04656557,-15.000845
-0.14632632,-0.04565064,-15.000364
-0.14627679,-0.044757035,-14.999895
-0.14623,-0.04344862,-14.999208
-0.14618368,-0.042140204,-14.998522
-0.14613737,-0.04083179,-14.997835
-0.14609106,-0.039523374,-14.9971485
-0.14604475,-0.03821496,-14.996462
-0.14599843,-0.036906544,-14.995775
-0.14595212,-0.03559813,-14.995089
-0.14590581,-0.034289714,-14.994402
-0.1458595,-0.0329813,-14.993715
-0.14581318,-0.031672884,-14.993029
-0.14576687,-0.030364474,-14.992342
-0.14572056,-0.029056065,-14.991655
-0.14567424,-0.027747655,-14.990969
-0.14562793,-0.026439246,-14.990282
-0.14558162,-0.025130836,-14.989595
-0.14553474,-0.023823258,-14.988907
-0.14548758,-0.022516094,-14.988217
-0.14544041,-0.02120893,-14.987528
-0.14539325,-0.019901767,-14.986838
-0.14534609,-0.018594604,-14.986149
-0.14529893,-0.01728744,-14.985459
-0.14525177,-0.015980277,-14.98477
-0.1452046,-0.014673114,-14.98408
-0.14515744,-0.01336595,-14.983391
-0.14511028,-0.012058787,-14.982701
-0.14506312,-0.010751624,-14.982012
-0.14501595,-0.00944446,-14.981322
-0.1449688,-0.008137297,-14.980633
-0.14492163,-0.0068301335,-14.979943
-0.14487447,-0.00552297,-14.979254
-0.1448273,-0.0042158067,-14.978564
-0.14478014,-0.0029086433,-14.977875
-0.14473298,-0.0016014798,-14.977185
-0.14468582,-2.9431612E-4,-14.976496
-0.14463866,0.0010128475,-14.975806
-0.1445915,0.0023200111,-14.975117
-0.14454433,0.0036271745,-14.974427
-0.14449717,0.004934338,-14.973738
-0.14445001,0.0062415013,-14.973048
-0.14439324,0.0074922196,-14.972384
-0.14433646,0.008742939,-14.971721
-0.14427969,0.009993658,-14.971057
-0.14422292,0.011244378,-14.970393
-0.14416614,0.012495098,-14.969729
-0.14410937,0.013745817,-14.969066
-0.14403583,0.014886505,-14.968462
-0.1439623,0.016027194,-14.967858
-0.14388876,0.017167881,-14.967255
-0.14381522,0.018308569,-14.966651
-0.14374168,0.019449256,-14.966047
-0.14366814,0.020589944,-14.965444
-0.14359461,0.021730632,-14.96484
-0.14352107,0.02287132,-14.964236
-0.14344753,0.024012007,-14.963633
-0.143374,0.025152694,-14.963029
-0.14330046,0.026293382,-14.962425
-0.14322692,0.02743407,-14.961822
-0.14315338,0.028574757,-14.961218
-0.14307985,0.029715445,-14.960614
-0.14300631,0.030856133,-14.960011
-0.14293277,0.03199682,-14.959407
-0.14285924,0.033137508,-14.958803
-0.1427857,0.034278195,-14.9581995
-0.14271216,0.035418883,-14.957596
-0.14263862,0.03655957,-14.956992
-0.14256509,0.03770026,-14.956388
-0.14249155,0.038840946,-14.955785
-0.14241801,0.039981633,-14.955181
-0.14234447,0.04112232,-14.954577
-0.14228933,0.04237411,-14.953917
-0.14224337,0.043681454,-14.953227
-0.14219742,0.044988796,-14.952538
-0.14215146,0.04629614,-14.951848
-0.1421055,0.04760348,-14.951159
-0.14208134,0.048512086,-14.950679
-0.14206363,0.049457736,-14.950179
-0.14202546,0.05040635,-14.949679
-0.1419668,0.051357932,-14.94918
-0.14190815,0.052309513,-14.94868
-0.1418495,0.053261094,-14.94818
-0.14179085,0.054212674,-14.94768
-0.1417322,0.055164255,-14.947181
-0.14167355,0.056115836,-14.946681
-0.1416149,0.057067417,-14.946181
-0.14155625,0.058018997,-14.945682
-0.1414976,0.058970578,-14.945182
-0.14143895,0.05992216,-14.944682
-0.1413803,0.06087374,-14.944182
-0.14132164,0.06182532,-14.943683
-0.141263,0.0627769,-14.943183
-0.14120434,0.063728474,-14.942683
-0.14114569,0.06468005,-14.9421835
-0.14108704,0.06563162,-14.941684
-0.14102839,0.066583194,-14.941184
-0.14096974,0.06753477,-14.940684
-0.14091109,0.06848634,-14.940185
-0.14085244,0.06943791,-14.939685
-0.14079379,0.07038949,-14.939185
-0.14073513,0.07134106,-14.938685
-0.14067648,0.07229263,-14.938186
-0.14061783,0.07324421,-14.937686
-0.14055918,0.07419578,-14.937186
-0.14050053,0.07514735,-14.9366865
-0.14044188,0.07609893,-14.936187
-0.14038323,0.0770505,-14.935687
-0.14032458,0.07800207,-14.935187
-0.14026593,0.078953646,-14.934688
-0.14020728,0.07990522,-14.934188
-0.14014862,0.08085679,-14.933688
-0.14008997,0.081808366,-14.933188
-0.14003132,0.08275994,-14.932689
-0.13997267,0.08371151,-14.932189
-0.13991402,0.084663086,-14.931689
-0.13987187,0.08597138,-14.931
-0.13982971,0.08727967,-14.93031
-0.13978755,0.08858796,-14.929621
-0.1397454,0.089896254,-14.928931
-0.13968275,0.091207504,-14.928241
-0.13957913,0.09252467,-14.927548
-0.13947551,0.093841836,-14.926856
-0.13937189,0.095159,-14.926164
-0.13926826,0.09647617,-14.925471
-0.13918474,0.09778922,-14.924778
-0.13914143,0.09909405,-14.924083
-0.13909811,0.100398876,-14.923388
-0.13905479,0.1017037,-14.922692
-0.13901147,0.10300853,-14.921997
-0.13896815,0.10431336,-14.921302
-0.13892484,0.10561819,-14.920607
-0.13888152,0.106923014,-14.919911
-0.1388382,0.10822784,-14.919216
-0.13879488,0.10953267,-14.918521
-0.13875157,0.1108375,-14.917826
-0.13870825,0.112142324,-14.91713
-0.13866493,0.11344715,-14.916435
-0.13862161,0.11475198,-14.91574
-0.1385783,0.11605681,-14.915045
-0.13853498,0.117361635,-14.91435
-0.13849166,0.11866646,-14.913654
-0.13844834,0.11997129,-14.912959
-0.13840503,0.12127612,-14.912264
-0.1383617,0.122580945,-14.911569
-0.13831839,0.12388577,-14.910873
-0.13827507,0.1251906,-14.910178
-0.13823175,0.12649545,-14.909483
-0.13818844,0.1278003,-14.908788
-0.13814512,0.12910515,-14.9080925
-0.13801937,0.13030432,-14.907446
-0.13789362,0.1315035,-14.906799
-0.13776787,0.13270266,-14.906153
-0.13764212,0.13390183,-14.905506
-0.13755263,0.1350587,-14.904882
-0.13753569,0.13613096,-14.9043045
-0.13751875,0.13720322,-14.903727
-0.1375018,0.13827547,-14.903149
-0.13748486,0.13934773,-14.902571
-0.13746792,0.14041999,-14.901993
-0.13745098,0.14149225,-14.901415
-0.13743404,0.1425645,-14.900837
-0.1374171,0.14363676,-14.900259
-0.13740015,0.14470902,-14.899681
-0.13738321,0.14578128,-14.899103
-0.1373311,0.14689565,-14.898502
-0.1372614,0.14803107,-14.89789
-0.13719171,0.1491665,-14.897278
-0.13712202,0.15030192,-14.896666
-0.13705233,0.15143734,-14.896053
-0.13698263,0.15257277,-14.895441
-0.13691294,0.15370819,-14.894829
-0.13684325,0.15484361,-14.894217
-0.13677356,0.15597904,-14.893604
-0.13670386,0.15711446,-14.892992
-0.13663417,0.15824988,-14.89238
-0.13656448,0.15938531,-14.8917675
-0.13649479,0.16052073,-14.891155
-0.1364251,0.16165616,-14.890543
-0.1363554,0.16279158,-14.889931
-0.1362857,0.163927,-14.889318
-0.13621601,0.16506243,-14.888706
-0.13614632,0.16619785,-14.888094
-0.13607663,0.16733328,-14.887482
-0.13600694,0.1684687,-14.886869
-0.13593724,0.16960412,-14.886257
-0.13586755,0.17073955,-14.885645
-0.13579786,0.17187497,-14.885033
-0.13572817,0.1730104,-14.88442
-0.13565855,0.17414585,-14.883808
-0.13558908,0.17528136,-14.883196
-0.13551961,0.17641687,-14.882584
-0.13545014,0.17755239,-14.881971
-0.13538067,0.1786879,-14.881359
-0.13532613,0.17978396,-14.880768
-0.13530146,0.1808011,-14.8802185
-0.13527678,0.18181823,-14.879669
-0.1352521,0.18283537,-14.87912
-0.13522743,0.18385251,-14.878571
-0.13519685,0.18483302,-14.878042
-0.13516332,0.18579522,-14.877524
-0.1351298,0.18675742,-14.877007
-0.13509627,0.18771961,-14.876489
-0.13506274,0.18868181,-14.875971
-0.13502921,0.18964401,-14.875453
-0.13499568,0.1906062,-14.874935
-0.13496216,0.1915684,-14.874417
-0.13492863,0.1925306,-14.873899
-0.1348951,0.1934928,-14.873382
-0.13486157,0.194455,-14.872864
-0.13482805,0.1954172,-14.872346
-0.13479452,0.1963794,-14.871828
-0.13476099,0.19734159,-14.87131
-0.13472746,0.19830379,-14.870792
-0.13469394,0.19926599,-14.870275
-0.13466041,0.20022818,-14.869757
-0.13462688,0.20119038,-14.869239
-0.13459335,0.20215258,-14.868721
-0.13455983,0.20311478,-14.868203
-0.1345263,0.20407698,-14.867685
-0.13449277,0.20503917,-14.867167
-0.13445924,0.20600137,-14.86665
-0.13442571,0.20696357,-14.866132
-0.13439219,0.20792577,-14.865614
-0.13436796,0.2089433,-14.865065
-0.13430108,0.21007994,-14.864452
-0.1342342,0.21121657,-14.86384
-0.13416733,0.2123532,-14.863228
-0.13410045,0.21348983,-14.862616
-0.13403358,0.21462646,-14.862003
-0.1339667,0.21576309,-14.861391
-0.13389982,0.21689972,-14.860779
-0.13383295,0.21803635,-14.860167
-0.13376607,0.21917298,-14.859554
-0.13370916,0.22036493,-14.858912
-0.1336722,0.2216675,-14.8582115
-0.13363522,0.22297007,-14.857511
-0.13359825,0.22427264,-14.85681
-0.13356128,0.22557521,-14.856109
-0.13352431,0.22687778,-14.855408
-0.13348734,0.22818035,-14.854707
-0.13345037,0.22948292,-14.854006
-0.1334134,0.23078549,-14.853305
-0.13337643,0.23208806,-14.852604
-0.13333946,0.23339063,-14.851903
-0.1333025,0.2346932,-14.851202
-0.13326553,0.23599577,-14.850501
-0.13322856,0.23729834,-14.8498
-0.13319159,0.23860091,-14.849099
-0.13315462,0.23990348,-14.848398
-0.13311765,0.24120605,-14.847697
-0.13308068,0.24250862,-14.846996
-0.1330437,0.24381119,-14.846295
-0.13300674,0.24511376,-14.845594
-0.13296977,0.24641633,-14.844893
-0.1329328,0.2477189,-14.8441925
-0.13289583,0.24902147,-14.843492
-0.13285886,0.25032404,-14.842791
-0.13282189,0.2516266,-14.84209
-0.13280025,0.25251332,-14.841613
-0.13278162,0.25341836,-14.841126
-0.132763,0.2543234,-14.84064
-0.13274437,0.25522843,-14.840154
-0.13272575,0.25613347,-14.839667
-0.13270712,0.2570385,-14.839181
-0.13268849,0.25794354,-14.838695
-0.13266987,0.25884846,-14.838208
-0.13265124,0.25975326,-14.837722
-0.13263261,0.26065806,-14.837235
-0.13261399,0.26156285,-14.836749
-0.13259536,0.26246765,-14.836263
-0.13257673,0.26337245,-14.835776
-0.1325581,0.26427725,-14.83529
-0.13253948,0.26518205,-14.834804
-0.13252085,0.26608685,-14.834317
-0.13252224,0.26698822,-14.833831
-0.13254364,0.26788616,-14.833344
-0.13256504,0.2687841,-14.832858
-0.13258643,0.26968205,-14.832372
-0.13260783,0.27058,-14.831885
-0.13262923,0.27147794,-14.831399
-0.13265063,0.27237588,-14.830913
-0.13267203,0.27327383,-14.830426
-0.13269342,0.27417177,-14.82994
-0.13271482,0.2750697,-14.829453
-0.13273622,0.27596766,-14.828967
-0.13275762,0.2768656,-14.828481
-0.13277902,0.27776355,-14.827994
-0.13280042,0.2786615,-14.827508
-0.13282181,0.27955943,-14.827022
-0.13284321,0.28045738,-14.826535
-0.13286461,0.28135532,-14.826049
-0.132886,0.28225327,-14.8255625
-0.1329074,0.2831512,-14.825076
-0.1329288,0.28404915,-14.82459
-0.1329502,0.2849471,-14.824103
-0.1329716,0.28584504,-14.823617
-0.132993,0.286743,-14.823131
-0.1330144,0.28764093,-14.822644
-0.1330358,0.28853887,-14.822158
-0.13305719,0.28943682,-14.8216715
-0.13307859,0.29033476,-14.821185
-0.13309999,0.2912327,-14.820699
-0.13312139,0.29213065,-14.820212
-0.13314278,0.2930286,-14.819726
-0.13316418,0.29392654,-14.81924
-0.13318558,0.29482448,-14.818753
-0.13320698,0.29572242,-14.818267
-0.13322838,0.29662037,-14.8177805
-0.13324977,0.2975183,-14.817294
-0.13327117,0.29841626,-14.816808
-0.13329257,0.2993142,-14.816321
-0.13327079,0.30021608,-14.815829
-0.133249,0.30111796,-14.815337
-0.13322721,0.30201983,-14.814845
-0.13320543,0.3029217,-14.814353
-0.13318364,0.3038236,-14.813861
-0.13316186,0.30472547,-14.813369
-0.13314007,0.30562735,-14.812877
-0.13316149,0.30691615,-14.81217
-0.1331829,0.30820495,-14.811463
-0.13320431,0.30949375,-14.810757
-0.13322572,0.31078255,-14.81005
-0.13324714,0.31207135,-14.809343
-0.13326855,0.31336015,-14.808637
-0.13328996,0.31464896,-14.80793
-0.13331138,0.31593776,-14.807223
-0.13333279,0.31722656,-14.806517
-0.1333542,0.31851536,-14.80581
-0.13335769,0.31969312,-14.805163
-0.13336118,0.32087088,-14.804517
-0.13336466,0.32204863,-14.80387
-0.13336815,0.3232264,-14.803224
-0.13337164,0.32440415,-14.802577
-0.13337512,0.3255819,-14.80193
-0.13337861,0.32675967,-14.801284
-0.1333821,0.32793742,-14.800637
-0.13338558,0.32911518,-14.799991
-0.13338907,0.33029294,-14.799344
-0.13339256,0.3314707,-14.798697
-0.13341281,0.33275592,-14.797985
-0.13343306,0.33404115,-14.797273
-0.13345331,0.33532637,-14.79656
-0.13347356,0.3366116,-14.795848
-0.13349381,0.33789682,-14.7951355
-0.13351406,0.33918205,-14.794423
-0.13353431,0.34046727,-14.793711
-0.13355456,0.3417525,-14.792998
-0.13357481,0.34303772,-14.792286
-0.13359506,0.34432295,-14.791574
-0.13361531,0.34560817,-14.790861
-0.13363557,0.3468934,-14.790149
-0.13365582,0.34817863,-14.789436
-0.13367607,0.34946385,-14.788724
-0.13367486,0.35075077,-14.788009
-0.13363074,0.3520411,-14.787288
-0.13358662,0.35333142,-14.786567
-0.1335425,0.35462174,-14.785846
-0.13349837,0.35591206,-14.785125
-0.13345425,0.35720238,-14.784404
-0.13341013,0.3584927,-14.783683
-0.133366,0.35978302,-14.782962
-0.13332188,0.36107334,-14.782241
-0.13331965,0.3619674,-14.781741
-0.13334459,0.36289534,-14.781222
-0.13336954,0.36382326,-14.780704
-0.13339448,0.3647512,-14.780185
-0.13341942,0.36567912,-14.779666
-0.13344437,0.36660704,-14.779147
-0.13346931,0.36753497,-14.778628
-0.13349426,0.3684629,-14.77811
-0.1335192,0.36939082,-14.777591
-0.13354415,0.37031874,-14.777072
-0.13356909,0.37124667,-14.776553
-0.13359404,0.3721746,-14.776034
-0.13361898,0.37310252,-14.775516
-0.13364393,0.37403044,-14.774997
-0.13366887,0.37495837,-14.774478
-0.13369381,0.3758863,-14.773959
-0.13371876,0.37681422,-14.77344
-0.1337437,0.37774214,-14.772922
-0.13376865,0.37867007,-14.772403
-0.13379359,0.379598,-14.771884
-0.13381854,0.38052592,-14.771365
-0.13384348,0.38145384,-14.770846
-0.13386843,0.38238177,-14.770328
-0.13389337,0.3833097,-14.769809
-0.13391832,0.38423762,-14.76929
-0.13394326,0.38516554,-14.768771
-0.1339682,0.38609347,-14.768252
-0.13399315,0.3870214,-14.767734
-0.1340181,0.38794932,-14.767215
-0.13404304,0.38887724,-14.766696
-0.13406798,0.38980517,-14.766177
-0.13409293,0.3907331,-14.765658
-0.13411787,0.39166102,-14.76514
-0.13414282,0.39258894,-14.764621
-0.13416776,0.39351687,-14.764102
-0.1341927,0.3944448,-14.763583
-0.13421765,0.39537272,-14.763064
-0.1342426,0.39630064,-14.762546
-0.13426754,0.39722857,-14.762027
-0.13428682,0.39811978,-14.761528
-0.13430725,0.39940152,-14.76081
-0.13432768,0.40068325,-14.760092
-0.13434811,0.401965,-14.759374
-0.13436854,0.40324673,-14.758656
-0.13438897,0.40452847,-14.757937
-0.1344094,0.4058102,-14.757219
-0.13440058,0.40677956,-14.756676
-0.13439175,0.4077489,-14.756132
-0.13438293,0.40871826,-14.755589
-0.13437411,0.4096876,-14.755045
-0.13436529,0.41065696,-14.754501
-0.13435647,0.4116263,-14.753958
-0.13434765,0.41259566,-14.753414
-0.13433883,0.413565,-14.752871
-0.13433,0.41453436,-14.752327
-0.13432118,0.4155037,-14.751783
-0.13431236,0.41647306,-14.75124
-0.13430354,0.4174424,-14.750696
-0.13429472,0.41841176,-14.750153
-0.1342859,0.4193811,-14.749609
-0.13427708,0.42035046,-14.749065
-0.13426825,0.4213198,-14.748522
-0.13425943,0.42228916,-14.747978
-0.13425061,0.4232585,-14.747435
-0.13424179,0.42422786,-14.746891
-0.13423297,0.4251972,-14.746347
-0.13422415,0.42616656,-14.745804
-0.13421533,0.4271359,-14.74526
-0.1342065,0.42810526,-14.744717
-0.13419768,0.42907462,-14.744173
-0.13418886,0.43004397,-14.743629
-0.13418004,0.43101332,-14.743086
-0.13417122,0.43198267,-14.742542
-0.1341624,0.43295202,-14.741999
-0.13415357,0.43392137,-14.741455
-0.13414475,0.43489072,-14.7409115
-0.13413593,0.43586007,-14.740368
-0.13412711,0.43682942,-14.739824
-0.13411829,0.43779877,-14.739281
-0.13410947,0.43876812,-14.738737
-0.13410065,0.43973747,-14.7381935
-0.13409182,0.44070682,-14.73765
-0.13408346,0.44167638,-14.737107
-0.13407557,0.44264615,-14.736566
-0.13406767,0.4436159,-14.736024
-0.13405977,0.44458568,-14.735482
-0.13405187,0.44555545,-14.734941
-0.13404398,0.44652522,-14.734399
-0.13403608,0.44749498,-14.733857
-0.13403092,0.4484836,-14.733306
-0.13402851,0.44949102,-14.732745
-0.1340261,0.45049846,-14.732184
-0.13402368,0.4515059,-14.731624
-0.13402127,0.45251334,-14.731063
-0.13401885,0.45352077,-14.730502
-0.13401644,0.4545282,-14.729941
-0.13402869,0.45549718,-14.7294035
-0.1340556,0.45642766,-14.7288885
-0.13408251,0.45735815,-14.728374
-0.13410942,0.45828864,-14.727859
-0.13413633,0.45921913,-14.727344
-0.13416325,0.46014962,-14.726829
-0.13419016,0.4610801,-14.726314
-0.13421707,0.4620106,-14.725799
-0.13424398,0.46294108,-14.725284
-0.13427089,0.46387157,-14.724769
-0.1342978,0.46480206,-14.724254
-0.13432471,0.46573254,-14.723739
-0.13435163,0.46666303,-14.723224
-0.13437854,0.46759352,-14.722709
-0.13440545,0.468524,-14.722194
-0.13443236,0.4694545,-14.721679
-0.13445927,0.470385,-14.721164
-0.13448618,0.47131547,-14.720649
-0.1345131,0.47224596,-14.720134
-0.13454,0.47317645,-14.719619
-0.13456692,0.47410694,-14.719104
-0.13459383,0.47503743,-14.718589
-0.13462074,0.4759679,-14.718074
-0.13464765,0.4768984,-14.717559
-0.13467456,0.4778289,-14.717044
-0.13470148,0.47875938,-14.716529
-0.13472839,0.47968987,-14.716014
-0.1347553,0.48062035,-14.715499
-0.13478221,0.48155084,-14.714984
-0.13480912,0.48248133,-14.714469
-0.13483603,0.48341182,-14.713954
-0.13486294,0.4843423,-14.713439
-0.13488986,0.4852728,-14.712924
-0.13491677,0.48620328,-14.712409
-0.13494368,0.48713377,-14.711894
-0.13497059,0.48806426,-14.711379
-0.1349975,0.48899475,-14.710864
-0.13499777,0.48989123,-14.710368
-0.13497943,0.49118268,-14.709655
-0.13500352,0.4924696,-14.708945
-0.13502762,0.49375653,-14.708236
-0.13505171,0.49504346,-14.707526
-0.13507581,0.49633038,-14.706817
-0.1350999,0.4976173,-14.706107
-0.135124,0.49890423,-14.705398
-0.1351481,0.50019115,-14.704688
-0.13517219,0.5014781,-14.703979
-0.13519628,0.502765,-14.703269
-0.13521469,0.50401515,-14.7025795
-0.1352217,0.50519174,-14.70193
-0.13522872,0.50636834,-14.701281
-0.13523574,0.50754493,-14.700631
-0.13524276,0.50872153,-14.699982
-0.13524978,0.5098981,-14.699332
-0.1352568,0.5110747,-14.698683
-0.13526382,0.5122513,-14.698033
-0.13527083,0.5134279,-14.697384
-0.13527785,0.5146045,-14.696734
-0.13528487,0.5157811,-14.696085
-0.13529189,0.5169577,-14.695436
-0.13529891,0.5181343,-14.694786
-0.13530593,0.5193109,-14.694137
-0.13531294,0.5204875,-14.693487
-0.13531996,0.5216641,-14.692838
-0.13532698,0.5228407,-14.692188
-0.135334,0.5240173,-14.691539
-0.13534102,0.52519387,-14.690889
-0.13534804,0.52637047,-14.69024
-0.13535506,0.52754706,-14.68959
-0.13536207,0.52872366,-14.688941
-0.13536909,0.52990025,-14.688292
-0.13537611,0.53107685,-14.687642
-0.13538405,0.5322533,-14.686993
-0.13539246,0.53342974,-14.686343
-0.13540086,0.53460616,-14.685694
-0.13540927,0.5357826,-14.685044
-0.13541767,0.536959,-14.684395
-0.13542607,0.5381354,-14.683745
-0.1354568,0.53919643,-14.683159
-0.13549869,0.54019976,-14.682604
-0.13554057,0.5412031,-14.682049
-0.13558246,0.5422064,-14.681494
-0.13562435,0.54320973,-14.680939
-0.13566624,0.54421306,-14.680384
-0.13570812,0.5452164,-14.679829
-0.13575001,0.5462197,-14.679274
-0.1357919,0.54722303,-14.678719
-0.13583378,0.54822636,-14.678164
-0.13587567,0.5492297,-14.6776085
-0.13591756,0.550233,-14.677053
-0.13595945,0.55123633,-14.676498
-0.13600133,0.55223966,-14.675943
-0.13604322,0.553243,-14.675388
-0.13608511,0.5542463,-14.674833
-0.136127,0.55524963,-14.674278
-0.13616888,0.55625296,-14.673723
-0.13621077,0.5572563,-14.673168
-0.13625266,0.5582596,-14.672613
-0.13629454,0.55926293,-14.672058
-0.13633643,0.56026626,-14.671503
-0.13637832,0.5612696,-14.670948
-0.1364202,0.5622729,-14.670393
-0.13646209,0.56327623,-14.669838
-0.13650304,0.56427884,-14.669283
-0.13654399,0.56528145,-14.668728
-0.13658494,0.56628406,-14.668173
-0.13662589,0.5672867,-14.667618
-0.13668792,0.568287,-14.667065
-0.13679212,0.5692828,-14.666515
-0.13688765,0.5702243,-14.6659975
-0.13698319,0.57116574,-14.66548
-0.13707872,0.5721072,-14.664962
-0.13717425,0.57304865,-14.664444
-0.13726978,0.5739901,-14.663926
-0.13736531,0.57493156,-14.663408
-0.13746084,0.575873,-14.66289
-0.13755637,0.5768145,-14.662373
-0.1376519,0.5777559,-14.661855
-0.13774744,0.5786974,-14.661337
-0.13784297,0.57963884,-14.660819
-0.1379385,0.5805803,-14.660301
-0.13803403,0.58152175,-14.659783
-0.13812956,0.5824632,-14.6592655
-0.1382251,0.58340466,-14.658748
-0.13832062,0.5843461,-14.65823
-0.13841616,0.5852876,-14.657712
-0.13851169,0.586229,-14.657194
-0.13860722,0.5871705,-14.656676
-0.13870275,0.58811194,-14.656158
-0.13879828,0.5890534,-14.655641
-0.13889381,0.58999485,-14.655123
-0.13898934,0.5909363,-14.654605
-0.13908488,0.59187776,-14.654087
-0.1391804,0.5928192,-14.653569
-0.1392662,0.5937049,-14.65308
-0.13935198,0.59459054,-14.652591
-0.13943776,0.5954762,-14.6521015
-0.13952355,0.5963619,-14.651612
-0.13961229,0.5972656,-14.651113
-0.13970692,0.59820545,-14.650592
-0.13980156,0.5991453,-14.650071
-0.1398962,0.60008514,-14.64955
-0.13999084,0.601025,-14.64903
-0.14008547,0.60196483,-14.648509
-0.14012624,0.60296637,-14.647951
-0.14016701,0.6039679,-14.647393
-0.14020778,0.60496944,-14.646835
-0.14024855,0.605971,-14.646277
-0.14028932,0.6069725,-14.64572
-0.14033009,0.60797405,-14.645162
-0.14037086,0.6089756,-14.644604
-0.14041163,0.6099771,-14.644046
-0.1404524,0.61097866,-14.643488
-0.14049317,0.6119802,-14.64293
-0.14053394,0.61298174,-14.642372
-0.14057471,0.6139833,-14.641814
-0.14061548,0.6149848,-14.641256
-0.14065625,0.61598635,-14.640698
-0.14069702,0.6169879,-14.640141
-0.14073779,0.6179894,-14.639583
-0.14077856,0.61899096,-14.639025
-0.14081933,0.6199925,-14.638467
-0.1408601,0.62099403,-14.637909
-0.14090087,0.62199557,-14.637351
-0.14094163,0.6229971,-14.636793
-0.1409824,0.62399864,-14.636235
-0.14102317,0.6250002,-14.635677
-0.14106394,0.6260017,-14.635119
-0.14113386,0.6269255,-14.634605
-0.14121835,0.6278105,-14.634113
-0.14130284,0.6286954,-14.633621
-0.14138733,0.6295804,-14.633129
-0.14147182,0.6304653,-14.632637
-0.14157549,0.6315907,-14.632012
-0.14167616,0.63269794,-14.631398
-0.14177683,0.63380516,-14.630784
-0.1418775,0.6349124,-14.63017
-0.14197817,0.6360196,-14.629556
-0.14207885,0.6371268,-14.628942
-0.14217952,0.638234,-14.628327
-0.14224485,0.6393825,-14.627688
-0.14226733,0.64027476,-14.627191
-0.14228982,0.64116704,-14.626693
-0.1423123,0.6420593,-14.626195
-0.14233479,0.6429516,-14.625697
-0.14235727,0.6438439,-14.625199
-0.14237976,0.6447362,-14.6247015
-0.14240225,0.64562845,-14.624204
-0.14242473,0.64652073,-14.623706
-0.14244722,0.647413,-14.623208
-0.1424697,0.6483053,-14.62271
-0.14249219,0.6491976,-14.622212
-0.14251468,0.65008986,-14.621715
-0.14253716,0.65098214,-14.621217
-0.14255965,0.6518744,-14.620719
-0.14258213,0.6527667,-14.620221
-0.14260462,0.653659,-14.619723
-0.1426271,0.65455127,-14.6192255
-0.14264959,0.65544355,-14.618728
-0.14267208,0.65633583,-14.61823
-0.14269456,0.6572281,-14.617732
-0.14271705,0.6581204,-14.617234
-0.14273953,0.6590127,-14.616736
-0.14276202,0.65990496,-14.616239
-0.1427845,0.66079724,-14.615741
-0.14285861,0.6618702,-14.615146
-0.14295667,0.6629591,-14.614542
-0.14305782,0.6640663,-14.613928
-0.14315897,0.66517353,-14.613314
-0.14326012,0.66628075,-14.6126995
-0.14336127,0.66738796,-14.612085
-0.14346242,0.6684952,-14.611471
-0.14356357,0.6696024,-14.610857
-0.14365846,0.6706728,-14.610264
-0.14374709,0.6717063,-14.609692
-0.14383572,0.67273986,-14.609119
-0.14392436,0.6737734,-14.608547
-0.14401299,0.67480695,-14.607975
-0.14410162,0.6758405,-14.607403
-0.14419025,0.67687404,-14.606831
-0.14427888,0.6779076,-14.606258
-0.14436752,0.67894113,-14.605686
-0.14445615,0.6799747,-14.605114
-0.14454478,0.6810082,-14.604542
-0.14463341,0.68204176,-14.60397
-0.14472204,0.6830753,-14.603397
-0.14481068,0.68410885,-14.602825
-0.14489931,0.6851424,-14.602253
-0.14498794,0.68617594,-14.601681
-0.14507657,0.6872095,-14.601109
-0.1451652,0.68824303,-14.600536
-0.14525384,0.6892766,-14.599964
-0.14540474,0.6903035,-14.599398
-0.1455047,0.6912794,-14.598856
-0.14558075,0.69223905,-14.598322
-0.14565681,0.6931987,-14.597788
-0.14573286,0.6941583,-14.597254
-0.14580892,0.69511795,-14.59672
-0.14588498,0.6960776,-14.596186
-0.14596103,0.6970372,-14.595652
-0.14603709,0.69799685,-14.595118
-0.14611314,0.6989565,-14.5945835
-0.1461892,0.6999161,-14.594049
-0.14626525,0.70087576,-14.593515
-0.14634153,0.70183504,-14.5929785
-0.14641789,0.7027942,-14.592441
-0.14649424,0.70375335,-14.591903
-0.1465706,0.7047125,-14.591365
-0.14664695,0.70567167,-14.590827
-0.1467233,0.7066308,-14.590289
-0.14679965,0.70759,-14.589751
-0.146876,0.70854914,-14.589213
-0.14695236,0.7095083,-14.5886755
-0.14702871,0.71046746,-14.588138
-0.14710507,0.7114266,-14.5876
-0.14718142,0.7123858,-14.587062
-0.14725778,0.71334493,-14.586524
-0.14733413,0.7143041,-14.585986
-0.14741048,0.71526325,-14.585448
-0.14748684,0.7162224,-14.58491
-0.14756319,0.71718156,-14.5843725
-0.14763954,0.7181407,-14.583835
-0.14771608,0.71909994,-14.583298
-0.14779314,0.72005934,-14.582764
-0.14787021,0.72101873,-14.58223
-0.14794728,0.7219781,-14.581696
-0.14802435,0.7229375,-14.5811615
-0.14813736,0.72385615,-14.580652
-0.14828631,0.724734,-14.580168
-0.14843526,0.72561187,-14.579683
-0.14858422,0.7264897,-14.579199
-0.14873317,0.7273676,-14.578714
-0.14888212,0.72824544,-14.57823
-0.14903107,0.7291233,-14.577745
-0.14918002,0.73000115,-14.577261
-0.14932898,0.730879,-14.5767765
-0.14947793,0.73175687,-14.576292
-0.14962688,0.7326347,-14.575808
-0.14977583,0.7335126,-14.575323
-0.14992478,0.73439044,-14.574839
-0.15007374,0.7352683,-14.574354
-0.15022269,0.73614615,-14.57387
-0.15037164,0.737024,-14.573385
-0.1505206,0.73790187,-14.572901
-0.15066954,0.7387797,-14.572416
-0.1508185,0.7396576,-14.571932
-0.15092315,0.74065185,-14.571379
-0.15101303,0.7416849,-14.570803
-0.15110292,0.742718,-14.570227
-0.15119572,0.74376935,-14.569641
-0.15132445,0.7449101,-14.569009
-0.15148212,0.74584335,-14.568494
-0.15163979,0.7467766,-14.567979
-0.15179746,0.7477098,-14.567464
-0.15195513,0.74864304,-14.566949
-0.1521128,0.7495763,-14.566434
-0.15227047,0.7505095,-14.565919
-0.15242814,0.75144273,-14.565404
-0.1525858,0.75237596,-14.564889
-0.15274347,0.7533092,-14.564374
-0.15290114,0.7542424,-14.563859
-0.15305881,0.75517565,-14.563344
-0.15321648,0.7561089,-14.562829
-0.15337415,0.7570421,-14.562314
-0.15353182,0.75797534,-14.561799
-0.15368949,0.75890857,-14.561284
-0.15384716,0.7598418,-14.560769
-0.15400483,0.760775,-14.560254
-0.1541625,0.76170826,-14.559739
-0.15432017,0.7626415,-14.559224
-0.15447783,0.7635747,-14.558709
-0.1546355,0.76450795,-14.558194
-0.15479317,0.7654412,-14.557679
-0.15495084,0.7663744,-14.557164
-0.15510851,0.76730764,-14.556649
-0.15524542,0.7682428,-14.556131
-0.15534082,0.7691817,-14.555608
-0.15543622,0.7701207,-14.555084
-0.15553162,0.77105963,-14.554561
-0.15562701,0.7719986,-14.554037
-0.1557076,0.77297616,-14.553491
-0.15575856,0.774031,-14.552898
-0.15580952,0.7750858,-14.552306
-0.15586048,0.77614063,-14.551714
-0.15591145,0.77719545,-14.551122
-0.15600371,0.7782462,-14.550535
-0.15611663,0.77929497,-14.549952
-0.15622956,0.7803437,-14.549368
-0.15634248,0.78139246,-14.548784
-0.1564554,0.7824412,-14.548201
-0.15656832,0.78348994,-14.547617
-0.15668124,0.7845387,-14.547033
-0.15679416,0.78558743,-14.54645
-0.15690708,0.7866362,-14.545866
-0.15702,0.7876849,-14.545282
-0.15713292,0.78873366,-14.544699
-0.15724584,0.7897824,-14.544115
-0.15735877,0.79083115,-14.543531
-0.15747169,0.7918799,-14.542948
-0.15758461,0.79292864,-14.542364
-0.15769753,0.7939774,-14.54178
-0.15781045,0.7950261,-14.541197
-0.15792337,0.79607487,-14.540613
-0.15803629,0.7971236,-14.54003
-0.15814921,0.79817235,-14.539446
-0.15826213,0.7992211,-14.538862
-0.15837505,0.80026984,-14.538279
-0.15848798,0.8013186,-14.537695
-0.1586009,0.8023673,-14.537111
-0.15871064,0.8033979,-14.536538
-0.15881404,0.8043921,-14.535986
-0.15891744,0.8053863,-14.535434
-0.15902084,0.8063805,-14.534882
-0.15912424,0.8073747,-14.534329
-0.15921518,0.80829585,-14.533817
-0.1592999,0.80918044,-14.533325
-0.15938461,0.81006503,-14.532833
-0.15946932,0.8109496,-14.532341
-0.15955403,0.8118342,-14.531849
-0.15963875,0.8127188,-14.531357
-0.15972346,0.8136034,-14.530865
-0.15980817,0.814488,-14.530373
-0.15989289,0.8153726,-14.529881
-0.1599776,0.8162572,-14.529388
-0.16006593,0.81729025,-14.528812
-0.16015427,0.8183233,-14.528236
-0.1602426,0.8193564,-14.52766
-0.16033094,0.82038945,-14.527084
-0.16041927,0.8214225,-14.526508
-0.1605076,0.8224556,-14.525932
-0.16059594,0.82348865,-14.525356
-0.16068427,0.8245217,-14.52478
-0.1607726,0.8255548,-14.524204
-0.16086094,0.82658786,-14.523628
-0.16094927,0.8276209,-14.523052
-0.16103761,0.828654,-14.522476
-0.16112594,0.82968706,-14.5219
-0.16121428,0.8307201,-14.521324
-0.16130261,0.8317532,-14.520748
-0.16139095,0.83278626,-14.520172
-0.16147928,0.8338193,-14.519596
-0.16156761,0.8348524,-14.51902
-0.16170914,0.8358252,-14.518484
-0.16178526,0.8367853,-14.51795
-0.16186137,0.8377454,-14.517416
-0.16193749,0.83870554,-14.516882
-0.1620136,0.83966565,-14.516348
-0.16208972,0.84062576,-14.515814
-0.16216584,0.8415859,-14.51528
-0.16224195,0.842546,-14.514746
-0.16230597,0.8434328,-14.514252
-0.16237086,0.84444964,-14.513684
-0.16243576,0.8454665,-14.513117
-0.16250065,0.84648335,-14.512549
-0.16256554,0.8475002,-14.511982
-0.16263044,0.84851706,-14.511415
-0.16269533,0.8495339,-14.510847
-0.16276023,0.8505508,-14.51028
-0.16282512,0.8515676,-14.509712
-0.16289002,0.8525845,-14.509145
-0.16295491,0.85360134,-14.508577
-0.1630198,0.8546182,-14.50801
-0.1630847,0.85563505,-14.507442
-0.1631496,0.8566519,-14.506875
-0.16321449,0.85766876,-14.506308
-0.1633413,0.8585498,-14.505823
-0.16340561,0.859436,-14.505327
-0.16346993,0.8603222,-14.504831
-0.16353424,0.8612084,-14.504335
-0.16359855,0.8620946,-14.5038395
-0.16366287,0.8629808,-14.503344
-0.16372718,0.863867,-14.502848
-0.1637915,0.8647532,-14.502352
-0.16396084,0.8657599,-14.501799
-0.1641302,0.86676663,-14.5012455
-0.16429955,0.86777335,-14.500692
-0.1644689,0.8687801,-14.500139
-0.16463825,0.8697868,-14.499586
-0.1648076,0.8707935,-14.499033
-0.16497695,0.87180024,-14.49848
-0.1651463,0.87280697,-14.497927
-0.16531566,0.8738137,-14.497374
-0.16548501,0.8748204,-14.49682
-0.16565436,0.87582713,-14.496267
-0.16582371,0.87683386,-14.495714
-0.16599306,0.8778406,-14.495161
-0.16616242,0.8788473,-14.494608
-0.16631386,0.87987417,-14.494041
-0.1663777,0.88076013,-14.493546
-0.16644153,0.8816461,-14.49305
-0.16650537,0.88253206,-14.492554
-0.16664328,0.8834862,-14.492029
-0.16679572,0.88440204,-14.4915285
-0.16694815,0.88531786,-14.491028
-0.1671006,0.8862337,-14.490527
-0.16725303,0.8871495,-14.490026
-0.16740547,0.88806534,-14.489526
-0.16754004,0.8890011,-14.489011
-0.16760315,0.89001644,-14.488439
-0.16766626,0.8910318,-14.487866
-0.16772936,0.89204717,-14.487294
-0.16779247,0.89306253,-14.486722
-0.16785558,0.8940779,-14.48615
-0.16791868,0.89509326,-14.485578
-0.16798179,0.8961086,-14.485005
-0.1680449,0.897124,-14.484433
-0.168108,0.89813936,-14.483861
-0.16817111,0.8991547,-14.483289
-0.16823421,0.9001701,-14.482717
-0.16829732,0.90118545,-14.482144
-0.16836043,0.9022008,-14.481572
-0.16842353,0.9032162,-14.481
-0.16848026,0.9041947,-14.480449
-0.16852742,0.905118,-14.479929
-0.16857459,0.90604126,-14.479409
-0.16861872,0.9070748,-14.478824
-0.16865663,0.90807116,-14.478257
-0.16871224,0.9090475,-14.477704
-0.16885637,0.9099237,-14.477218
-0.16900049,0.91079986,-14.476731
-0.16914462,0.91167605,-14.476245
-0.16928874,0.91255224,-14.475759
-0.16943286,0.9134284,-14.475272
-0.16957699,0.9143046,-14.474786
-0.16972111,0.9151808,-14.474299
-0.16986524,0.916057,-14.473813
-0.17000936,0.9169332,-14.473327
-0.17015348,0.91780937,-14.47284
-0.17029761,0.91868556,-14.472354
-0.17044173,0.91956174,-14.471868
-0.17045474,0.92054,-14.471304
-0.17045547,0.92144537,-14.470783
-0.1704562,0.92235076,-14.470263
-0.17045693,0.92325616,-14.469742
-0.17041609,0.9241642,-14.4692135
-0.1702713,0.92507875,-14.468666
-0.17012653,0.9259933,-14.468119
-0.16998175,0.9269079,-14.467571
-0.16983697,0.9278225,-14.467024
-0.16969219,0.92873704,-14.466476
-0.16954741,0.9296516,-14.465929
-0.16940263,0.9305662,-14.465382
-0.16925785,0.93148077,-14.464834
-0.16911307,0.93239534,-14.464287
-0.16896829,0.9333099,-14.463739
-0.16894832,0.93421555,-14.463209
-0.16894916,0.9351197,-14.462682
-0.16891441,0.93606365,-14.462128
-0.16880837,0.9369581,-14.461596
-0.16870233,0.9378525,-14.461063
-0.1685963,0.9387469,-14.460531
-0.16849026,0.93964136,-14.459999
-0.16838422,0.9405358,-14.459467
-0.16827819,0.9414302,-14.458935
-0.16817215,0.94232464,-14.458403
-0.16806611,0.94321907,-14.4578705
-0.16796008,0.9441135,-14.457338
-0.16785404,0.9450079,-14.456806
-0.167748,0.94590235,-14.456274
-0.16764197,0.9467968,-14.455742
-0.1676251,0.9477233,-14.455207
-0.16762604,0.9486304,-14.454686
-0.16748415,0.9495658,-14.454131
-0.1672946,0.9504675,-14.453589
-0.16723545,0.95139796,-14.453055
-0.16717629,0.9523284,-14.452521
-0.16711713,0.9532588,-14.451987
-0.16705798,0.95418924,-14.451453
-0.16699882,0.95511967,-14.450919
-0.16693966,0.9560501,-14.450385
-0.1668805,0.9569805,-14.449851
-0.1669143,0.95796037,-14.449297
-0.16689248,0.9588511,-14.448786
-0.16687067,0.95974183,-14.448275
-0.16684885,0.96063256,-14.447763
-0.16680607,0.9615241,-14.447246
-0.1667484,0.96245337,-14.446702
-0.16669074,0.9633826,-14.446158
-0.16663307,0.96431184,-14.445615
-0.1665754,0.9652411,-14.445071
-0.16651773,0.9661703,-14.444528
-0.16646007,0.96709955,-14.443984
-0.16642003,0.9680087,-14.443455
-0.16642118,0.9689141,-14.442934
-0.16642223,0.9698195,-14.442413
-0.16642307,0.9707249,-14.441893
-0.1664239,0.9716303,-14.441372
-0.16638018,0.9725199,-14.440851
-0.16629203,0.973523,-14.440256
-0.16620387,0.97452617,-14.439661
-0.16611572,0.9755293,-14.439066
-0.16602756,0.97653246,-14.438471
-0.1659394,0.9775356,-14.437876
-0.16585125,0.97853875,-14.437281
-0.1657631,0.9795419,-14.436686
-0.16567494,0.98054504,-14.43609
-0.16558678,0.9815482,-14.435495
-0.16549863,0.98255134,-14.4349
-0.16541047,0.9835545,-14.434305
-0.16532852,0.9845942,-14.43369
-0.16528605,0.98561317,-14.433094
-0.16524358,0.9866321,-14.432498
-0.16518657,0.9875598,-14.431954
-0.16510652,0.9886,-14.431344
-0.16502647,0.98964024,-14.430734
-0.16494642,0.99068046,-14.430123
-0.16486637,0.9917207,-14.429513
-0.16478632,0.9927609,-14.428903
-0.16470627,0.9938011,-14.428292
-0.16462623,0.99484134,-14.427682
-0.16461687,0.99580336,-14.427125
-0.16460751,0.9967654,-14.426568
-0.16459815,0.9977274,-14.426011
-0.1645888,0.9986894,-14.425454
-0.16457944,0.99965143,-14.424897
-0.16457008,1.0006133,-14.42434
-0.16456072,1.0015751,-14.423783
-0.16455136,1.0025369,-14.423226
-0.164542,1.0034987,-14.422669
-0.16453265,1.0044605,-14.422112
-0.16452329,1.0054222,-14.4215555
-0.16451393,1.006384,-14.420999
-0.16450457,1.0073458,-14.420442
-0.16449521,1.0083076,-14.419885
-0.16448586,1.0092694,-14.419328
-0.1644765,1.0102311,-14.418771
-0.16446714,1.0111929,-14.418214
-0.16445778,1.0121547,-14.417657
-0.16441904,1.0131925,-14.417052
-0.1644046,1.0142481,-14.416443
-0.16440806,1.0152843,-14.415848
-0.16441151,1.0163205,-14.415253
-0.16441497,1.0173566,-14.414658
-0.16441843,1.0183928,-14.4140625
-0.16442189,1.019429,-14.413467
-0.16442534,1.0204651,-14.412872
-0.16442887,1.0215014,-14.412277
-0.16443263,1.0225381,-14.411682
-0.16443639,1.0235747,-14.411087
-0.16444014,1.0246114,-14.410492
-0.1644439,1.025648,-14.409897
-0.16444765,1.0266846,-14.409302
-0.1644514,1.0277213,-14.408707
-0.16445516,1.0287579,-14.408112
-0.16445892,1.0297946,-14.4075165
-0.16446267,1.0308312,-14.406921
-0.16446643,1.0318679,-14.406326
-0.16447018,1.0329045,-14.405731
-0.16447394,1.0339411,-14.405136
-0.16447769,1.0349778,-14.404541
-0.16448145,1.0360144,-14.403946
-0.1644852,1.0370511,-14.403351
-0.16448896,1.0380877,-14.402756
-0.16449271,1.0391244,-14.402161
-0.16449647,1.040161,-14.401566
-0.16452353,1.0410849,-14.401039
-0.16458648,1.0420988,-14.400467
-0.16464944,1.0431126,-14.399895
-0.1647124,1.0441265,-14.3993225
-0.16470975,1.0449966,-14.398822
-0.16468942,1.0458864,-14.398307
-0.1646691,1.0467762,-14.397792
-0.16464877,1.047666,-14.397277
-0.16462845,1.0485557,-14.396762
-0.16460812,1.0494455,-14.396247
-0.1645878,1.0503353,-14.395732
-0.16456747,1.0512251,-14.395217
-0.16454715,1.0521148,-14.394702
-0.16452682,1.0530046,-14.394187
-0.1645065,1.0538944,-14.393672
-0.16448617,1.0547842,-14.393157
-0.16446584,1.055674,-14.392642
-0.16444552,1.0565637,-14.392127
-0.1644252,1.0574535,-14.391612
-0.16440487,1.0583433,-14.391097
-0.16438454,1.0592331,-14.390582
-0.16436422,1.0601228,-14.390067
-0.1643439,1.0610126,-14.389552
-0.1643909,1.0619341,-14.389028
-0.16443792,1.0628556,-14.388503
-0.16446404,1.0637782,-14.387975
-0.164442,1.0646657,-14.387458
-0.16447929,1.0656599,-14.386886
-0.16451657,1.0666541,-14.386313
-0.16455385,1.0676483,-14.385741
-0.16459113,1.0686425,-14.385169
-0.16462842,1.0696367,-14.384597
-0.1646657,1.0706309,-14.384025
-0.16470298,1.0716251,-14.383452
-0.16474026,1.0726193,-14.38288
-0.16477755,1.0736135,-14.382308
-0.16481483,1.0746077,-14.381736
-0.16485211,1.0756019,-14.381164
-0.1648894,1.0765961,-14.380591
-0.16480821,1.0775045,-14.380048
-0.16470334,1.0783957,-14.37951
-0.16464603,1.0793208,-14.378961
-0.16468385,1.0803136,-14.378388
-0.16472167,1.0813063,-14.377816
-0.16475949,1.0822991,-14.377244
-0.1647973,1.0832919,-14.376672
-0.1648351,1.0842844,-14.3761
-0.16487283,1.0852765,-14.375527
-0.16491055,1.0862685,-14.374955
-0.16494828,1.0872606,-14.374383
-0.16498601,1.0882527,-14.373811
-0.16502374,1.0892447,-14.373239
-0.16506147,1.0902368,-14.372666
-0.1650992,1.0912288,-14.372094
-0.16513693,1.0922209,-14.371522
-0.16517466,1.093213,-14.37095
-0.1652124,1.094205,-14.370378
-0.16525012,1.0951971,-14.369805
-0.16528785,1.0961891,-14.369233
-0.16520193,1.0971898,-14.368638
-0.16511601,1.0981904,-14.368043
-0.16503009,1.0991911,-14.367448
-0.16501863,1.1001325,-14.366897
-0.16502197,1.1010362,-14.366369
-0.16502531,1.1019399,-14.365842
-0.16502865,1.1028436,-14.3653145
-0.16503198,1.1037474,-14.364787
-0.16503532,1.1046511,-14.36426
-0.16503866,1.1055548,-14.363732
-0.165042,1.1064585,-14.363205
-0.16504534,1.1073623,-14.362678
-0.16504867,1.108266,-14.36215
-0.16505186,1.1091696,-14.361623
-0.16505416,1.1100725,-14.361095
-0.16507104,1.1109377,-14.360593
-0.16507553,1.1118584,-14.360054
-0.165018,1.1127822,-14.359501
-0.16496049,1.1137061,-14.358948
-0.16490297,1.11463,-14.358395
-0.16484545,1.1155539,-14.3578415
-0.16478793,1.1164777,-14.357288
-0.16473041,1.1174016,-14.356735
-0.16467296,1.1183252,-14.356182
-0.16461574,1.1192479,-14.355629
-0.16472395,1.120162,-14.355108
-0.16468112,1.1210482,-14.354582
-0.16457616,1.121938,-14.354044
-0.1644712,1.1228278,-14.353506
-0.16436623,1.1237175,-14.352968
-0.16426127,1.1246073,-14.35243
-0.1641563,1.1254971,-14.351892
-0.16423753,1.1263762,-14.351392
-0.16438061,1.1272516,-14.35089
-0.16452366,1.1281271,-14.350387
-0.16415218,1.128916,-14.349854
-0.16416925,1.1297972,-14.349348
-0.16431016,1.1306727,-14.348867
-0.16445106,1.1315482,-14.348387
-0.16459554,1.1324415,-14.347878
-0.16473788,1.1333141,-14.347375
-0.16488022,1.1341867,-14.346871
-0.16502255,1.1350594,-14.346368
-0.16484696,1.1358916,-14.345841
-0.16499701,1.1367999,-14.345326
-0.16514707,1.1377083,-14.344811
-0.16518556,1.138695,-14.344228
-0.16508247,1.1395783,-14.343678
-0.16497938,1.1404617,-14.343129
-0.1648763,1.141345,-14.34258
-0.16477321,1.1422284,-14.342031
-0.16467012,1.1431117,-14.341481
-0.16456704,1.143995,-14.340932
-0.16446395,1.1448784,-14.340383
-0.16436087,1.1457617,-14.339833
-0.16425778,1.1466451,-14.339284
-0.1641547,1.1475284,-14.338735
-0.1640516,1.1484118,-14.338185
-0.16398148,1.1493666,-14.337599
-0.16402204,1.1503525,-14.337013
-0.16404004,1.1514492,-14.336357
-0.16405804,1.1525459,-14.335701
-0.16407605,1.1536427,-14.335045
-0.16409405,1.1547394,-14.334389
-0.16411205,1.1558361,-14.333733
-0.16413005,1.1569328,-14.3330765
-0.16414805,1.1580296,-14.33242
-0.1642272,1.1591227,-14.331776
-0.16432674,1.1602147,-14.331135
-0.16442628,1.1613066,-14.330494
-0.16452582,1.1623986,-14.329853
-0.16462536,1.1634905,-14.329212
-0.1647249,1.1645825,-14.328571
-0.16482444,1.1656744,-14.32793
-0.16492398,1.1667664,-14.32729
-0.16502352,1.1678584,-14.326649
-0.16512306,1.1689503,-14.326008
-0.1652226,1.1700423,-14.325367
-0.16532214,1.1711342,-14.324726
-0.16542168,1.1722262,-14.324085
-0.16552122,1.1733181,-14.323444
-0.16562076,1.1744101,-14.3228035
-0.1657203,1.1755021,-14.322163
-0.16581984,1.176594,-14.321522
-0.16591938,1.177686,-14.320881
-0.16601892,1.1787779,-14.32024
-0.1660638,1.179671,-14.319708
-0.16613594,1.1805989,-14.3191595
-0.16622914,1.1815255,-14.318616
-0.16632235,1.1824521,-14.318072
-0.16641556,1.1833787,-14.317529
-0.16650876,1.1843053,-14.316985
-0.16660197,1.1852319,-14.316442
-0.16669518,1.1861585,-14.315898
-0.16678838,1.1870852,-14.315354
-0.16688159,1.1880118,-14.314811
-0.1669748,1.1889384,-14.314267
-0.16710389,1.1898261,-14.313752
-0.16725092,1.1906945,-14.3132515
-0.16739795,1.1915628,-14.312751
-0.16754498,1.1924311,-14.31225
-0.167692,1.1932994,-14.311749
-0.16783904,1.1941677,-14.311249
-0.16798607,1.195036,-14.310748
-0.1681331,1.1959044,-14.310247
-0.16828012,1.1967727,-14.309747
-0.16842715,1.197641,-14.309246
-0.16857418,1.1985093,-14.308745
-0.16872121,1.1993777,-14.308245
-0.16886824,1.200246,-14.307744
-0.16901527,1.2011143,-14.307243
-0.1691623,1.2019826,-14.306743
-0.16930933,1.2028509,-14.306242
-0.16945636,1.2037193,-14.305741
-0.16960339,1.2045876,-14.305241
-0.16975042,1.2054559,-14.30474
-0.16989745,1.2063242,-14.304239
-0.17004448,1.2071925,-14.303739
-0.17019151,1.2080609,-14.303238
-0.17033854,1.2089292,-14.302737
-0.17048557,1.2097975,-14.302237
-0.1706326,1.2106658,-14.301736
-0.17077963,1.2115341,-14.301235
-0.1708961,1.2125868,-14.300616
-0.17098604,1.2136043,-14.300014
-0.17107598,1.2146219,-14.299411
-0.17116927,1.2156576,-14.298798
-0.17127256,1.2167476,-14.298153
-0.17137586,1.2178377,-14.297508
-0.17147915,1.2189277,-14.296864
-0.17158245,1.2200178,-14.296219
-0.17168574,1.2211078,-14.295574
-0.17178904,1.2221979,-14.2949295
-0.17189233,1.2232879,-14.294285
-0.17199562,1.224378,-14.29364
-0.1720793,1.2253593,-14.293058
-0.17215642,1.2263044,-14.292498
-0.17223355,1.2272495,-14.291937
-0.17231068,1.2281946,-14.291376
-0.17238781,1.2291397,-14.290815
-0.17246494,1.2300848,-14.290255
-0.17254207,1.2310299,-14.289694
-0.1726192,1.231975,-14.289133
-0.17269632,1.23292,-14.288572
-0.17277345,1.2338651,-14.288012
-0.17285058,1.2348102,-14.287451
-0.1729277,1.2357553,-14.28689
-0.17300484,1.2367004,-14.286329
-0.17308196,1.2376455,-14.2857685
-0.1731591,1.2385906,-14.285208
-0.17323622,1.2395357,-14.284647
-0.17331335,1.2404808,-14.284086
-0.17339048,1.2414259,-14.283525
-0.17354369,1.2424585,-14.282924
-0.1737111,1.2434539,-14.282347
-0.17387852,1.2444493,-14.28177
-0.17403074,1.2453535,-14.281245
-0.17418295,1.2462577,-14.280721
-0.17433517,1.2471619,-14.280196
-0.1744876,1.2480649,-14.279672
-0.17464004,1.2489679,-14.279147
-0.17479248,1.2498709,-14.278623
-0.17494492,1.2507739,-14.278098
-0.17509736,1.2516769,-14.277574
-0.1752498,1.2525799,-14.277049
-0.17540224,1.2534829,-14.276525
-0.17555468,1.254386,-14.276
-0.17570712,1.255289,-14.2754755
-0.17585956,1.256192,-14.274951
-0.176012,1.257095,-14.274426
-0.17616443,1.257998,-14.273902
-0.17631687,1.258901,-14.273377
-0.17646931,1.259804,-14.272853
-0.17662175,1.260707,-14.272328
-0.1767968,1.2617366,-14.27173
-0.17694455,1.2626035,-14.271227
-0.17709231,1.2634704,-14.270723
-0.17724007,1.2643373,-14.27022
-0.17738783,1.2652042,-14.269716
-0.1775356,1.2660711,-14.269213
-0.17768335,1.266938,-14.268709
-0.17783111,1.2678049,-14.268206
-0.17797887,1.2686718,-14.267702
-0.17812663,1.2695386,-14.267199
-0.1782744,1.2704055,-14.266695
-0.17843148,1.2713267,-14.26616
-0.17861655,1.2724105,-14.265531
-0.17880163,1.2734944,-14.264901
-0.1789867,1.2745782,-14.264272
-0.17917177,1.2756621,-14.263642
-0.17935684,1.2767459,-14.263013
-0.17954192,1.2778298,-14.262383
-0.17972699,1.2789136,-14.261754
-0.17991206,1.2799975,-14.261125
-0.18009713,1.2810813,-14.260495
-0.1802822,1.2821652,-14.259866
-0.18046728,1.283249,-14.259236
-0.18065235,1.2843329,-14.258607
-0.18083742,1.2854167,-14.2579775
-0.1810225,1.2865006,-14.257348
-0.18120757,1.2875844,-14.256719
-0.18139264,1.2886683,-14.256089
-0.18157771,1.2897521,-14.25546
-0.18176278,1.290836,-14.25483
-0.181939,1.2918655,-14.254232
-0.18211228,1.2928768,-14.253645
-0.18228555,1.2938882,-14.2530575
-0.18245882,1.2948996,-14.25247
-0.18261795,1.295948,-14.251857
-0.18270548,1.2968178,-14.251339
-0.182793,1.2976875,-14.250821
-0.18288054,1.2985573,-14.250303
-0.18296807,1.299427,-14.249785
-0.1830556,1.3002968,-14.249268
-0.18314312,1.3011665,-14.24875
-0.18323065,1.3020363,-14.248232
-0.18331818,1.302906,-14.247714
-0.18340571,1.3037758,-14.247196
-0.18349324,1.3046455,-14.246678
-0.18358077,1.3055153,-14.2461605
-0.1836683,1.306385,-14.245643
-0.18375583,1.3072548,-14.245125
-0.18384336,1.3081245,-14.244607
-0.18393089,1.3089943,-14.244089
-0.18401842,1.309864,-14.243571
-0.18410595,1.3107338,-14.243053
-0.18419348,1.3116035,-14.242536
-0.184281,1.3124733,-14.242018
-0.18436854,1.313343,-14.2415
-0.18445607,1.3142128,-14.240982
-0.1845436,1.3150826,-14.240464
-0.18463112,1.3159523,-14.239946
-0.18471865,1.316822,-14.2394285
-0.18485434,1.3177254,-14.238899
-0.18501411,1.3186456,-14.238364
-0.18517388,1.3195658,-14.237829
-0.18533365,1.320486,-14.237294
-0.18549342,1.3214061,-14.236759
-0.18559079,1.3223292,-14.23621
-0.18575427,1.323394,-14.235583
-0.18592897,1.3244034,-14.234992
-0.18610367,1.3254129,-14.234401
-0.18627837,1.3264223,-14.233809
-0.18645307,1.3274318,-14.233218
-0.18662778,1.3284413,-14.232627
-0.18680248,1.3294507,-14.232036
-0.18697718,1.3304602,-14.231444
-0.18715188,1.3314697,-14.230853
-0.18732658,1.3324791,-14.230262
-0.18750128,1.3334886,-14.229671
-0.18767598,1.334498,-14.229079
-0.18785068,1.3355075,-14.228488
-0.18802539,1.336517,-14.227897
-0.18820009,1.3375264,-14.227305
-0.18837479,1.3385359,-14.226714
-0.18854949,1.3395454,-14.226123
-0.18872419,1.3405548,-14.225532
-0.18890171,1.3415825,-14.22493
-0.18908767,1.342665,-14.224297
-0.18927364,1.3437474,-14.223663
-0.1894596,1.3448298,-14.22303
-0.18956439,1.3458074,-14.222448
-0.18964212,1.3467501,-14.221884
-0.18971984,1.3476928,-14.221319
-0.18979757,1.3486356,-14.220755
-0.18994628,1.349502,-14.220251
-0.19009499,1.3503684,-14.219748
-0.1902437,1.3512348,-14.219244
-0.19039242,1.3521012,-14.21874
-0.19054113,1.3529676,-14.218237
-0.19068985,1.353834,-14.217733
-0.19083856,1.3547004,-14.21723
-0.19098727,1.3555669,-14.216726
-0.19113599,1.3564333,-14.216223
-0.1912847,1.3572997,-14.215719
-0.19143341,1.3581661,-14.215216
-0.19158213,1.3590325,-14.214712
-0.19173084,1.3598989,-14.214209
-0.19187956,1.3607653,-14.213705
-0.19202827,1.3616318,-14.2132015
-0.19217698,1.3624982,-14.212698
-0.1923257,1.3633646,-14.212194
-0.19247441,1.364231,-14.211691
-0.19265167,1.36526,-14.211093
-0.19282319,1.366253,-14.210516
-0.1929947,1.367246,-14.209939
-0.19316621,1.368239,-14.209362
-0.1933385,1.369232,-14.208785
-0.19351098,1.3702251,-14.208208
-0.19368346,1.3712181,-14.207631
-0.19385594,1.3722111,-14.207054
-0.19402842,1.3732041,-14.206477
-0.1942009,1.3741971,-14.2059
-0.19437338,1.3751901,-14.205323
-0.19454587,1.3761832,-14.204746
-0.19471835,1.3771762,-14.204169
-0.19489083,1.3781692,-14.203592
-0.19506331,1.3791622,-14.203015
-0.19523579,1.3801552,-14.202438
-0.19540827,1.3811482,-14.201861
-0.19558075,1.3821412,-14.201284
-0.19575323,1.3831342,-14.200707
-0.19590457,1.3840016,-14.200204
-0.1960559,1.384869,-14.1997
-0.19620724,1.3857363,-14.199197
-0.19632404,1.3866421,-14.198665
-0.19644706,1.3875839,-14.198112
-0.19661085,1.3885232,-14.197566
-0.19677465,1.3894626,-14.197021
-0.19693844,1.390402,-14.196475
-0.19710223,1.3913413,-14.19593
-0.19726603,1.3922807,-14.195384
-0.19742982,1.3932201,-14.194839
-0.19759361,1.3941594,-14.194293
-0.19775741,1.3950988,-14.1937475
-0.1979212,1.3960382,-14.193202
-0.198085,1.3969775,-14.1926565
-0.19824879,1.3979169,-14.192111
-0.19841258,1.3988563,-14.1915655
-0.19857638,1.3997957,-14.19102
-0.19874017,1.400735,-14.1904745
-0.19890396,1.4016744,-14.189929
-0.19906776,1.4026138,-14.1893835
-0.19923155,1.4035531,-14.188838
-0.19939534,1.4044925,-14.1882925
-0.19958495,1.4055754,-14.187663
-0.19977455,1.4066583,-14.187034
-0.19996415,1.4077412,-14.186404
-0.20013954,1.408861,-14.185749
-0.20023909,1.4097841,-14.1852
-0.20033865,1.4107071,-14.18465
-0.2004382,1.4116302,-14.184101
-0.20053776,1.4125532,-14.183552
-0.20063731,1.4134762,-14.183002
-0.20073687,1.4143993,-14.182453
-0.20083642,1.4153223,-14.181904
-0.20093597,1.4162453,-14.1813545
-0.20103553,1.4171684,-14.180805
-0.20118292,1.418125,-14.180243
-0.20135422,1.4190985,-14.179673
-0.20152552,1.420072,-14.179104
-0.20169683,1.4210454,-14.1785345
-0.20186813,1.4220189,-14.177965
-0.20203944,1.4229923,-14.177396
-0.20221074,1.4239658,-14.1768265
-0.20238204,1.4249393,-14.176257
-0.20255335,1.4259127,-14.175688
-0.20272465,1.4268862,-14.175118
-0.20289595,1.4278597,-14.174549
-0.20306726,1.4288331,-14.17398
-0.20323856,1.4298066,-14.17341
-0.20340987,1.43078,-14.172841
-0.20358117,1.4317535,-14.172272
-0.20375247,1.432727,-14.171702
-0.20392378,1.4337004,-14.171133
-0.20409508,1.4346739,-14.170564
-0.20426638,1.4356474,-14.169994
-0.20443769,1.4366208,-14.169425
-0.20460899,1.4375943,-14.168856
-0.2047803,1.4385678,-14.168286
-0.2049516,1.4395412,-14.167717
-0.2051229,1.4405147,-14.167148
-0.2052942,1.4414881,-14.166578
-0.20547535,1.4425153,-14.1659775
-0.20565648,1.4435424,-14.165377
-0.20583762,1.4445695,-14.164776
-0.20601876,1.4455966,-14.164175
-0.2061899,1.4465697,-14.163606
-0.20634104,1.4474348,-14.163099
-0.20649219,1.4482999,-14.162593
-0.20664333,1.449165,-14.1620865
-0.20679447,1.4500301,-14.16158
-0.20694517,1.4508953,-14.161074
-0.20709497,1.4517608,-14.160567
-0.20724477,1.4526262,-14.160061
-0.20739457,1.4534917,-14.1595545
-0.20754437,1.4543571,-14.159048
-0.20769417,1.4552226,-14.158542
-0.20784397,1.4560881,-14.158035
-0.20799378,1.4569535,-14.157529
-0.20814358,1.457819,-14.157022
-0.20829338,1.4586844,-14.156516
-0.20844318,1.4595499,-14.15601
-0.20859298,1.4604154,-14.155503
-0.20874278,1.4612808,-14.154997
-0.20889258,1.4621463,-14.15449
-0.20904239,1.4630117,-14.153984
-0.20919219,1.4638772,-14.153478
-0.20934199,1.4647427,-14.152971
-0.20949179,1.4656081,-14.152465
-0.20964159,1.4664736,-14.151958
-0.20979139,1.467339,-14.151452
-0.2099412,1.4682045,-14.150946
-0.210091,1.46907,-14.150439
-0.2102408,1.4699354,-14.149933
-0.2103906,1.4708009,-14.149426
-0.2105404,1.4716663,-14.14892
-0.2107109,1.4726579,-14.148339
-0.21087453,1.4736147,-14.147782
-0.21102883,1.4745177,-14.147258
-0.21118313,1.4754207,-14.146733
-0.21133743,1.4763237,-14.146209
-0.21149173,1.4772267,-14.145684
-0.21164604,1.4781297,-14.14516
-0.21179436,1.4789981,-14.144656
-0.21194269,1.4798664,-14.144153
-0.21209101,1.4807347,-14.143649
-0.21223934,1.481603,-14.143146
-0.21238767,1.4824713,-14.142642
-0.21253599,1.4833397,-14.1421385
-0.21268432,1.484208,-14.141635
-0.21283264,1.4850763,-14.141131
-0.21298097,1.4859446,-14.140628
-0.2131293,1.486813,-14.140124
-0.21327762,1.4876813,-14.139621
-0.21342595,1.4885496,-14.139117
-0.21364535,1.4894698,-14.138597
-0.21379359,1.4903381,-14.138093
-0.21394183,1.4912064,-14.137589
-0.21409006,1.4920747,-14.137086
-0.21449955,1.4928968,-14.136665
-0.215088,1.4936757,-14.136309
-0.21567644,1.4944546,-14.135952
-0.21616492,1.4952558,-14.135561
-0.2171536,1.4953434,-14.135712
