-7.9311867,-0.6427157,-4.3220825
-7.9308276,-0.643807,-4.3221927
-7.9304686,-0.6448983,-4.322303
-7.9301095,-0.6459896,-4.322413
-7.9297504,-0.6470809,-4.322523
-7.9293914,-0.6481722,-4.3226333
-7.9290323,-0.6492635,-4.3227434
-7.9286733,-0.6503548,-4.3228536
-7.928314,-0.6514461,-4.3229637
-7.927955,-0.6525374,-4.323074
-7.927596,-0.6536287,-4.323184
-7.927237,-0.65472,-4.323294
-7.926878,-0.6558113,-4.3234043
-7.926524,-0.65684146,-4.32348
-7.9261703,-0.6578716,-4.323556
-7.9258165,-0.65890175,-4.323632
-7.9254627,-0.6599319,-4.3237076
-7.925109,-0.66096205,-4.3237834
-7.924755,-0.6619922,-4.323859
-7.9244013,-0.66302234,-4.323935
-7.9240475,-0.6640525,-4.324011
-7.9236937,-0.66508263,-4.3240867
-7.92334,-0.6661128,-4.3241625
-7.922986,-0.6671429,-4.3242383
-7.922632,-0.6681731,-4.324314
-7.9222784,-0.6692032,-4.32439
-7.9219246,-0.67023337,-4.3244658
-7.921571,-0.6712635,-4.3245416
-7.921217,-0.67229366,-4.3246174
-7.920863,-0.6733238,-4.324693
-7.9205093,-0.67435396,-4.324769
-7.9201555,-0.6753841,-4.324845
-7.9198017,-0.67641425,-4.3249207
-7.919448,-0.6774444,-4.3249965
-7.919094,-0.67847455,-4.3250723
-7.9187403,-0.6795047,-4.325148
-7.9183865,-0.68053484,-4.325224
-7.9180326,-0.681565,-4.3252997
-7.917679,-0.68259513,-4.3253756
-7.917325,-0.6836253,-4.3254514
-7.916971,-0.6846554,-4.325527
-7.9166174,-0.6856856,-4.325603
-7.9162636,-0.6867157,-4.325679
-7.91591,-0.68774587,-4.3257546
-7.915556,-0.688776,-4.3258305
-7.915202,-0.68980616,-4.3259063
-7.9148483,-0.6908363,-4.325982
-7.9143176,-0.6924192,-4.32609
-7.913787,-0.69400203,-4.3261976
-7.913256,-0.6955849,-4.3263054
-7.9127254,-0.69716775,-4.326413
-7.9121947,-0.6987506,-4.326521
-7.911664,-0.7003335,-4.3266287
-7.9111333,-0.70191634,-4.3267365
-7.9106026,-0.7034992,-4.326844
-7.910072,-0.70508206,-4.326952
-7.909541,-0.7066649,-4.3270597
-7.9090104,-0.7082478,-4.3271675
-7.9084797,-0.70983064,-4.3272753
-7.907949,-0.7114135,-4.327383
-7.9074183,-0.71299636,-4.327491
-7.9068875,-0.7145792,-4.3275986
-7.906357,-0.7161621,-4.3277063
-7.905826,-0.71774495,-4.327814
-7.9052954,-0.7193278,-4.327922
-7.9047647,-0.72091067,-4.3280296
-7.904234,-0.7224935,-4.3281374
-7.903703,-0.7240764,-4.328245
-7.9031725,-0.72565925,-4.328353
-7.902642,-0.7272421,-4.3284607
-7.902111,-0.728825,-4.3285685
-7.9015803,-0.73040783,-4.328676
-7.9010496,-0.7319907,-4.328784
-7.900519,-0.73357356,-4.3288918
-7.899988,-0.7351564,-4.3289995
-7.8994575,-0.7367393,-4.3291073
-7.8989267,-0.73832214,-4.329215
-7.898396,-0.739905,-4.329323
-7.8978653,-0.74148786,-4.3294306
-7.8973346,-0.7430707,-4.3295383
-7.896804,-0.7446536,-4.329646
-7.8962407,-0.74654454,-4.329768
-7.8956776,-0.7484355,-4.3298903
-7.8951144,-0.75032645,-4.3300123
-7.8945513,-0.7522174,-4.3301344
-7.893988,-0.75410837,-4.3302565
-7.893425,-0.7559993,-4.3303785
-7.892862,-0.7578903,-4.3305006
-7.8922987,-0.75978124,-4.3306227
-7.8917356,-0.7616722,-4.3307447
-7.8911724,-0.76356316,-4.330867
-7.8906093,-0.7654541,-4.330989
-7.890046,-0.7673451,-4.331111
-7.889483,-0.769236,-4.331233
-7.88892,-0.771127,-4.331355
-7.8883567,-0.77301794,-4.331477
-7.8877935,-0.7749089,-4.331599
-7.8872304,-0.77679986,-4.3317213
-7.8866673,-0.7786908,-4.3318434
-7.886104,-0.7805818,-4.3319654
-7.885541,-0.7824727,-4.3320875
-7.884978,-0.7843637,-4.3322096
-7.8844147,-0.78625464,-4.3323317
-7.8838515,-0.7881456,-4.3324537
-7.8832884,-0.79003656,-4.332576
-7.8827252,-0.7919275,-4.332698
-7.882162,-0.7938185,-4.33282
-7.881599,-0.79570943,-4.332942
-7.881036,-0.7976004,-4.333064
-7.8804727,-0.79949135,-4.333186
-7.8799095,-0.8013823,-4.333308
-7.8793464,-0.80327326,-4.3334303
-7.878783,-0.8051642,-4.3335524
-7.87822,-0.8070552,-4.3336744
-7.877657,-0.80894613,-4.3337965
-7.877094,-0.8108371,-4.3339186
-7.8765306,-0.81272805,-4.3340406
-7.8760576,-0.81442195,-4.3341603
-7.8755846,-0.81611586,-4.33428
-7.8751116,-0.81780976,-4.3343997
-7.8746386,-0.81950366,-4.3345194
-7.8741655,-0.82119757,-4.334639
-7.8736925,-0.8228915,-4.3347588
-7.8732195,-0.8245854,-4.3348784
-7.8727465,-0.8262793,-4.334998
-7.8722734,-0.8279732,-4.335118
-7.8718004,-0.8296671,-4.3352375
-7.8713274,-0.831361,-4.335357
-7.8708544,-0.8330549,-4.335477
-7.8703814,-0.8347488,-4.3355966
-7.8699083,-0.8364427,-4.3357162
-7.8694353,-0.8381366,-4.335836
-7.8689623,-0.8398305,-4.3359556
-7.8684893,-0.8415244,-4.3360753
-7.8680162,-0.8432183,-4.336195
-7.867543,-0.84491223,-4.3363147
-7.86707,-0.84660614,-4.3364344
-7.866597,-0.84830004,-4.336554
-7.866124,-0.84999394,-4.3366737
-7.865651,-0.85168785,-4.3367934
-7.865178,-0.85338175,-4.336913
-7.864705,-0.85507566,-4.337033
-7.864232,-0.85676956,-4.3371525
-7.863759,-0.85846347,-4.337272
-7.863286,-0.8601574,-4.337392
-7.862813,-0.8618513,-4.3375115
-7.86234,-0.8635452,-4.337631
-7.861867,-0.8652391,-4.337751
-7.861394,-0.866933,-4.3378706
-7.860921,-0.8686269,-4.3379903
-7.860448,-0.8703208,-4.33811
-7.860018,-0.871887,-4.338231
-7.8595877,-0.87345326,-4.338352
-7.8591576,-0.8750195,-4.3384733
-7.8587275,-0.8765857,-4.3385944
-7.8582973,-0.87815195,-4.3387156
-7.8578672,-0.8797182,-4.3388367
-7.857437,-0.8812844,-4.338958
-7.857007,-0.88285065,-4.339079
-7.856577,-0.8844169,-4.3392
-7.856147,-0.8859831,-4.339321
-7.8557167,-0.88754934,-4.3394423
-7.8552866,-0.8891156,-4.3395634
-7.8548565,-0.8906818,-4.3396845
-7.8544264,-0.89224803,-4.3398056
-7.8539963,-0.89381427,-4.3399267
-7.853566,-0.8953805,-4.340048
-7.853136,-0.8969467,-4.340169
-7.852706,-0.89851296,-4.34029
-7.852276,-0.9000792,-4.340411
-7.8518457,-0.9016454,-4.3405323
-7.8514156,-0.90321165,-4.3406534
-7.8509855,-0.9047779,-4.3407745
-7.8505554,-0.9063441,-4.3408957
-7.8501253,-0.90791035,-4.341017
-7.849695,-0.9094766,-4.341138
-7.849265,-0.9110428,-4.341259
-7.848835,-0.91260904,-4.34138
-7.848405,-0.9141753,-4.341501
-7.847975,-0.9157415,-4.3416224
-7.8475447,-0.91730773,-4.3417435
-7.8471146,-0.91887397,-4.3418646
-7.8466845,-0.9204402,-4.3419857
-7.8462543,-0.9220064,-4.342107
-7.8458242,-0.92357266,-4.342228
-7.845394,-0.9251389,-4.342349
-7.844964,-0.9267051,-4.34247
-7.8446655,-0.9279467,-4.342579
-7.844367,-0.92918825,-4.3426876
-7.8440685,-0.9304298,-4.3427963
-7.84377,-0.9316714,-4.342905
-7.8434715,-0.93291295,-4.343014
-7.843173,-0.9341545,-4.3431225
-7.8428745,-0.9353961,-4.343231
-7.842576,-0.93663764,-4.34334
-7.8422775,-0.9378792,-4.3434486
-7.841979,-0.93912077,-4.3435574
-7.8416805,-0.94036233,-4.343666
-7.841382,-0.9416039,-4.343775
-7.8410835,-0.94284546,-4.3438835
-7.840785,-0.944087,-4.343992
-7.8404865,-0.9453286,-4.344101
-7.840188,-0.94657016,-4.3442097
-7.8398895,-0.9478117,-4.3443184
-7.839591,-0.9490533,-4.344427
-7.8392925,-0.95029485,-4.344536
-7.838994,-0.9515364,-4.3446445
-7.8386955,-0.952778,-4.3447533
-7.838397,-0.95401955,-4.344862
-7.8380985,-0.9552611,-4.3449707
-7.8378,-0.9565027,-4.3450794
-7.8375015,-0.95774424,-4.345188
-7.837203,-0.9589858,-4.345297
-7.8369045,-0.9602274,-4.3454056
-7.836606,-0.96146894,-4.3455143
-7.8363075,-0.9627105,-4.345623
-7.836009,-0.96395206,-4.3457317
-7.8357105,-0.9651936,-4.3458405
-7.835412,-0.9664352,-4.345949
-7.8351135,-0.96767676,-4.346058
-7.834815,-0.9689183,-4.3461666
-7.8345165,-0.9701599,-4.3462753
-7.8342695,-0.9712121,-4.3463664
-7.8340225,-0.9722643,-4.3464575
-7.8337755,-0.9733165,-4.3465486
-7.8335285,-0.9743687,-4.3466396
-7.8332815,-0.9754209,-4.3467307
-7.8330345,-0.9764731,-4.346822
-7.8327875,-0.9775253,-4.346913
-7.8325405,-0.9785775,-4.347004
-7.8322935,-0.9796297,-4.347095
-7.8320465,-0.9806819,-4.347186
-7.8317995,-0.9817341,-4.347277
-7.8315525,-0.9827863,-4.3473682
-7.8313055,-0.9838385,-4.3474593
-7.8310585,-0.9848907,-4.3475504
-7.8308115,-0.9859429,-4.3476415
-7.8305645,-0.9869951,-4.3477325
-7.8303175,-0.9880473,-4.3478236
-7.8300705,-0.9890995,-4.3479147
-7.8298235,-0.9901517,-4.348006
-7.8295765,-0.9912039,-4.348097
-7.8293295,-0.9922561,-4.348188
-7.8290825,-0.9933083,-4.348279
-7.8288355,-0.9943605,-4.34837
-7.8285885,-0.9954127,-4.348461
-7.8283415,-0.9964649,-4.348552
-7.8280945,-0.9975171,-4.3486433
-7.8278475,-0.9985693,-4.3487344
-7.8276005,-0.9996215,-4.3488255
-7.8273535,-1.0006737,-4.3489165
-7.8270264,-1.0023061,-4.3490624
-7.8266993,-1.0039386,-4.3492084
-7.826372,-1.005571,-4.3493543
-7.826045,-1.0072035,-4.3495
-7.825718,-1.0088359,-4.349646
-7.825391,-1.0104684,-4.349792
-7.8250637,-1.0121008,-4.349938
-7.8247366,-1.0137333,-4.350084
-7.8244095,-1.0153657,-4.3502297
-7.8240824,-1.0169982,-4.3503757
-7.8237553,-1.0186306,-4.3505216
-7.823428,-1.0202631,-4.3506675
-7.823101,-1.0218955,-4.3508134
-7.822774,-1.023528,-4.3509593
-7.822447,-1.0251604,-4.351105
-7.8221197,-1.0267929,-4.351251
-7.8217926,-1.0284253,-4.351397
-7.8213987,-1.0299076,-4.3515296
-7.821005,-1.0313898,-4.351662
-7.820611,-1.0328721,-4.3517947
-7.820217,-1.0343543,-4.3519273
-7.8198233,-1.0358366,-4.35206
-7.8194294,-1.0373188,-4.3521924
-7.8190355,-1.0388011,-4.352325
-7.8186417,-1.0402833,-4.3524575
-7.818248,-1.0417656,-4.35259
-7.817854,-1.0432478,-4.3527226
-7.81746,-1.0447301,-4.352855
-7.817066,-1.0462123,-4.352988
-7.8166723,-1.0476946,-4.3531203
-7.8162785,-1.0491768,-4.353253
-7.8158846,-1.0506591,-4.3533854
-7.8154907,-1.0521413,-4.353518
-7.815097,-1.0536236,-4.3536506
-7.814703,-1.0551058,-4.353783
-7.8144064,-1.0564495,-4.353906
-7.81411,-1.0577933,-4.354029
-7.813813,-1.059137,-4.354152
-7.8135166,-1.0604807,-4.354275
-7.81322,-1.0618244,-4.3543983
-7.8129234,-1.0631682,-4.3545213
-7.812627,-1.0645119,-4.3546443
-7.8123302,-1.0658556,-4.3547673
-7.8120337,-1.0671993,-4.3548903
-7.811737,-1.0685431,-4.3550134
-7.8114405,-1.0698868,-4.3551364
-7.811144,-1.0712305,-4.3552594
-7.8108473,-1.0725743,-4.3553824
-7.8105507,-1.073918,-4.3555055
-7.810254,-1.0752617,-4.3556285
-7.8099575,-1.0766054,-4.3557515
-7.809661,-1.0779492,-4.3558745
-7.8093567,-1.0792531,-4.3559976
-7.8090525,-1.080557,-4.3561206
-7.8087482,-1.0818609,-4.3562436
-7.808444,-1.0831648,-4.3563666
-7.80814,-1.0844687,-4.3564897
-7.8078356,-1.0857726,-4.3566127
-7.8075314,-1.0870765,-4.3567357
-7.807227,-1.0883805,-4.3568587
-7.806923,-1.0896844,-4.3569818
-7.8066187,-1.0909883,-4.357105
-7.8063145,-1.0922922,-4.357228
-7.8060102,-1.0935961,-4.357351
-7.805706,-1.0949,-4.357474
-7.805402,-1.0962039,-4.357597
-7.8050976,-1.0975078,-4.35772
-7.8047934,-1.0988117,-4.357843
-7.804489,-1.1001157,-4.357966
-7.804185,-1.1014196,-4.358089
-7.8039293,-1.1025528,-4.358193
-7.8036737,-1.103686,-4.358297
-7.803418,-1.1048192,-4.358401
-7.8031626,-1.1059524,-4.358505
-7.802907,-1.1070856,-4.3586087
-7.8026514,-1.1082188,-4.3587127
-7.802396,-1.109352,-4.3588166
-7.80214,-1.1104852,-4.3589206
-7.8018847,-1.1116184,-4.3590245
-7.801629,-1.1127516,-4.3591285
-7.8013735,-1.1138848,-4.3592324
-7.801118,-1.115018,-4.3593364
-7.8008623,-1.1161512,-4.3594403
-7.8006067,-1.1172844,-4.3595443
-7.800351,-1.1184176,-4.359648
-7.8000956,-1.1195508,-4.359752
-7.79984,-1.120684,-4.359856
-7.7994776,-1.1221575,-4.3599887
-7.799115,-1.1236309,-4.3601213
-7.798753,-1.1251043,-4.360254
-7.7983904,-1.1265777,-4.3603864
-7.798028,-1.1280512,-4.360519
-7.7976656,-1.1295246,-4.3606515
-7.797303,-1.130998,-4.360784
-7.796941,-1.1324714,-4.3609166
-7.7965784,-1.1339449,-4.361049
-7.796216,-1.1354183,-4.3611817
-7.7958536,-1.1368917,-4.3613143
-7.795491,-1.1383651,-4.361447
-7.795129,-1.1398386,-4.3615794
-7.7947664,-1.141312,-4.361712
-7.794404,-1.1427854,-4.3618445
-7.7940416,-1.1442589,-4.361977
-7.793679,-1.1457323,-4.3621097
-7.793129,-1.1475576,-4.3622804
-7.7925787,-1.149383,-4.362451
-7.7920284,-1.1512083,-4.362622
-7.791478,-1.1530336,-4.3627925
-7.790928,-1.154859,-4.362963
-7.7903776,-1.1566843,-4.363134
-7.7898273,-1.1585096,-4.3633046
-7.789277,-1.160335,-4.3634753
-7.788727,-1.1621603,-4.363646
-7.7881765,-1.1639856,-4.3638167
-7.7876263,-1.165811,-4.3639874
-7.787076,-1.1676363,-4.364158
-7.7865257,-1.1694616,-4.364329
-7.7859755,-1.171287,-4.3644996
-7.785425,-1.1731123,-4.3646703
-7.784875,-1.1749376,-4.364841
-7.7843246,-1.1767629,-4.3650117
-7.7837744,-1.1785883,-4.3651824
-7.783408,-1.1798179,-4.3652973
-7.783042,-1.1810476,-4.365412
-7.7826757,-1.1822772,-4.365527
-7.7823095,-1.1835068,-4.365642
-7.7819433,-1.1847365,-4.365757
-7.781577,-1.1859661,-4.365872
-7.781211,-1.1871958,-4.365987
-7.7808447,-1.1884254,-4.3661017
-7.7804785,-1.1896551,-4.3662167
-7.7801123,-1.1908847,-4.3663316
-7.779746,-1.1921144,-4.3664465
-7.77938,-1.193344,-4.3665614
-7.7790136,-1.1945736,-4.3666763
-7.7786474,-1.1958033,-4.3667912
-7.778281,-1.1970329,-4.366906
-7.777915,-1.1982626,-4.367021
-7.777549,-1.1994922,-4.367136
-7.7771826,-1.2007219,-4.367251
-7.7768164,-1.2019515,-4.367366
-7.77645,-1.2031811,-4.3674808
-7.776084,-1.2044108,-4.3675957
-7.7757177,-1.2056404,-4.3677106
-7.7753515,-1.2068701,-4.3678255
-7.7749853,-1.2080997,-4.3679404
-7.774619,-1.2093294,-4.3680553
-7.774253,-1.210559,-4.3681703
-7.7738867,-1.2117887,-4.368285
-7.7735205,-1.2130183,-4.3684
-7.7731543,-1.214248,-4.368515
-7.772788,-1.2154776,-4.36863
-7.772422,-1.2167072,-4.368745
-7.7720556,-1.2179369,-4.36886
-7.7716894,-1.2191665,-4.3689747
-7.771323,-1.2203962,-4.3690896
-7.770965,-1.221563,-4.3691993
-7.770607,-1.2227298,-4.369309
-7.770249,-1.2238966,-4.3694186
-7.769891,-1.2250634,-4.3695283
-7.7695327,-1.2262303,-4.369638
-7.7691746,-1.2273971,-4.3697476
-7.7688165,-1.2285639,-4.3698573
-7.7684584,-1.2297307,-4.369967
-7.7681003,-1.2308975,-4.3700767
-7.767742,-1.2320644,-4.3701863
-7.767384,-1.2332312,-4.370296
-7.767026,-1.234398,-4.3704057
-7.766668,-1.2355648,-4.3705153
-7.7663097,-1.2367316,-4.370625
-7.7659516,-1.2378985,-4.3707347
-7.7655935,-1.2390653,-4.3708444
-7.7652354,-1.2402321,-4.370954
-7.7648773,-1.2413989,-4.3710637
-7.764519,-1.2425658,-4.3711734
-7.764161,-1.2437326,-4.371283
-7.763803,-1.2448994,-4.3713927
-7.763445,-1.2460662,-4.3715024
-7.763087,-1.247233,-4.371612
-7.7627287,-1.2483999,-4.3717217
-7.7623706,-1.2495667,-4.3718314
-7.7620125,-1.2507335,-4.371941
-7.7616544,-1.2519003,-4.372051
-7.7612963,-1.2530671,-4.3721604
-7.760938,-1.254234,-4.37227
-7.760546,-1.2554461,-4.372384
-7.7601542,-1.2566582,-4.372498
-7.7597623,-1.2578703,-4.372612
-7.7593703,-1.2590824,-4.372726
-7.7589784,-1.2602946,-4.37284
-7.7585864,-1.2615067,-4.372954
-7.7581944,-1.2627188,-4.373068
-7.7578025,-1.2639309,-4.373182
-7.7574105,-1.265143,-4.373296
-7.7570186,-1.2663552,-4.3734097
-7.7566266,-1.2675673,-4.3735237
-7.7562346,-1.2687794,-4.3736377
-7.7558427,-1.2699915,-4.3737516
-7.7554507,-1.2712036,-4.3738656
-7.755059,-1.2724158,-4.3739796
-7.754667,-1.2736279,-4.3740935
-7.754275,-1.27484,-4.3742075
-7.753883,-1.2760521,-4.3743215
-7.753491,-1.2772642,-4.3744354
-7.753099,-1.2784764,-4.3745494
-7.752707,-1.2796885,-4.3746634
-7.752315,-1.2809006,-4.3747773
-7.751923,-1.2821127,-4.3748913
-7.751531,-1.2833248,-4.3750052
-7.751139,-1.284537,-4.375119
-7.750747,-1.2857491,-4.375233
-7.7503552,-1.2869612,-4.375347
-7.7499633,-1.2881733,-4.375461
-7.7495713,-1.2893854,-4.375575
-7.7491794,-1.2905976,-4.375689
-7.7487874,-1.2918097,-4.375803
-7.7483954,-1.2930218,-4.375917
-7.7480035,-1.2942339,-4.376031
-7.7476115,-1.295446,-4.376145
-7.7472196,-1.2966582,-4.376259
-7.7468276,-1.2978703,-4.376373
-7.746412,-1.2990658,-4.3764825
-7.745996,-1.3002614,-4.376592
-7.74558,-1.3014569,-4.376702
-7.7451644,-1.3026525,-4.3768115
-7.7447486,-1.303848,-4.376921
-7.744333,-1.3050436,-4.377031
-7.743917,-1.3062391,-4.3771405
-7.743501,-1.3074347,-4.37725
-7.7430854,-1.3086302,-4.37736
-7.7426696,-1.3098258,-4.3774695
-7.742254,-1.3110213,-4.377579
-7.741838,-1.3122169,-4.377689
-7.741422,-1.3134124,-4.3777986
-7.7410064,-1.314608,-4.377908
-7.7405906,-1.3158035,-4.378018
-7.740175,-1.3169991,-4.3781276
-7.739759,-1.3181946,-4.3782372
-7.739343,-1.3193902,-4.378347
-7.7389274,-1.3205857,-4.3784566
-7.7385116,-1.3217813,-4.3785663
-7.7380958,-1.3229768,-4.378676
-7.73768,-1.3241724,-4.3787856
-7.737264,-1.3253679,-4.3788953
-7.7368484,-1.3265635,-4.379005
-7.7364326,-1.327759,-4.3791146
-7.7360168,-1.3289546,-4.3792243
-7.735601,-1.3301501,-4.379334
-7.735185,-1.3313457,-4.3794436
-7.7347693,-1.3325412,-4.3795533
-7.7343535,-1.3337368,-4.379663
-7.7339377,-1.3349323,-4.3797727
-7.733522,-1.3361279,-4.3798823
-7.733106,-1.3373234,-4.379992
-7.7326903,-1.338519,-4.3801017
-7.732284,-1.339652,-4.3802075
-7.731878,-1.3407849,-4.3803134
-7.7314715,-1.3419179,-4.3804193
-7.7310653,-1.3430508,-4.380525
-7.730659,-1.3441838,-4.380631
-7.7302527,-1.3453168,-4.380737
-7.7298465,-1.3464497,-4.3808427
-7.72944,-1.3475827,-4.3809485
-7.729034,-1.3487157,-4.3810544
-7.7286277,-1.3498486,-4.3811603
-7.7282214,-1.3509816,-4.381266
-7.727815,-1.3521146,-4.381372
-7.727409,-1.3532475,-4.381478
-7.7270026,-1.3543805,-4.3815837
-7.7265964,-1.3555135,-4.3816895
-7.72619,-1.3566464,-4.3817954
-7.725784,-1.3577794,-4.3819013
-7.7253776,-1.3589123,-4.382007
-7.7249713,-1.3600453,-4.382113
-7.724565,-1.3611783,-4.382219
-7.724159,-1.3623112,-4.3823247
-7.7237525,-1.3634442,-4.3824306
-7.723346,-1.3645772,-4.3825364
-7.72294,-1.3657101,-4.3826423
-7.7225337,-1.3668431,-4.382748
-7.7221274,-1.3679761,-4.382854
-7.721721,-1.369109,-4.38296
-7.721315,-1.370242,-4.3830657
-7.7209086,-1.371375,-4.3831716
-7.7205024,-1.3725079,-4.3832774
-7.720096,-1.3736409,-4.3833833
-7.71969,-1.3747739,-4.383489
-7.7192836,-1.3759068,-4.383595
-7.7188773,-1.3770398,-4.383701
-7.718421,-1.3782412,-4.383813
-7.7179646,-1.3794426,-4.383925
-7.7175083,-1.380644,-4.384037
-7.717052,-1.3818454,-4.384149
-7.7165956,-1.3830467,-4.384261
-7.7161393,-1.3842481,-4.384373
-7.715683,-1.3854495,-4.3844852
-7.7152267,-1.3866509,-4.3845973
-7.7147703,-1.3878523,-4.3847094
-7.714314,-1.3890537,-4.3848214
-7.7138577,-1.3902551,-4.3849335
-7.7134013,-1.3914565,-4.3850455
-7.712945,-1.3926579,-4.3851576
-7.7124887,-1.3938593,-4.3852696
-7.7120323,-1.3950607,-4.3853817
-7.711576,-1.396262,-4.3854938
-7.7111197,-1.3974634,-4.385606
-7.7106633,-1.3986648,-4.385718
-7.710207,-1.3998662,-4.38583
-7.7097507,-1.4010676,-4.385942
-7.7092943,-1.402269,-4.386054
-7.708838,-1.4034704,-4.386166
-7.7083817,-1.4046718,-4.386278
-7.7079253,-1.4058732,-4.38639
-7.707469,-1.4070746,-4.3865023
-7.7070127,-1.408276,-4.3866143
-7.7065563,-1.4094774,-4.3867264
-7.7061,-1.4106787,-4.3868384
-7.7056437,-1.4118801,-4.3869505
-7.7051873,-1.4130815,-4.3870625
-7.704731,-1.4142829,-4.3871746
-7.7042747,-1.4154843,-4.3872867
-7.7038183,-1.4166857,-4.3873987
-7.703362,-1.4178871,-4.387511
-7.7029057,-1.4190885,-4.387623
-7.7024493,-1.4202899,-4.387735
-7.701993,-1.4214913,-4.387847
-7.7015686,-1.4226468,-4.3879533
-7.701144,-1.4238023,-4.3880596
-7.70072,-1.4249578,-4.388166
-7.7002954,-1.4261132,-4.3882723
-7.699871,-1.4272687,-4.3883786
-7.6994467,-1.4284242,-4.388485
-7.6990223,-1.4295797,-4.3885913
-7.698598,-1.4307352,-4.3886976
-7.6981735,-1.4318907,-4.388804
-7.697749,-1.4330462,-4.3889103
-7.6973248,-1.4342017,-4.3890166
-7.6969004,-1.4353572,-4.389123
-7.696476,-1.4365127,-4.3892293
-7.6960516,-1.4376682,-4.3893356
-7.695627,-1.4388237,-4.389442
-7.695203,-1.4399792,-4.3895483
-7.6947784,-1.4411347,-4.3896546
-7.694354,-1.4422902,-4.389761
-7.6939297,-1.4434457,-4.3898673
-7.6935053,-1.4446012,-4.3899736
-7.693081,-1.4457567,-4.39008
-7.6926565,-1.4469122,-4.3901863
-7.692232,-1.4480677,-4.3902926
-7.6918077,-1.4492232,-4.390399
-7.6913834,-1.4503787,-4.3905053
-7.690959,-1.4515342,-4.3906116
-7.6905346,-1.4526896,-4.390718
-7.69011,-1.4538451,-4.3908243
-7.689686,-1.4550006,-4.3909307
-7.6892614,-1.4561561,-4.391037
-7.688837,-1.4573116,-4.3911433
-7.6884127,-1.4584671,-4.3912497
-7.6879883,-1.4596226,-4.391356
-7.687564,-1.4607781,-4.3914623
-7.687145,-1.4619725,-4.3915744
-7.6867266,-1.4631668,-4.3916864
-7.686308,-1.4643612,-4.3917985
-7.6858892,-1.4655555,-4.3919106
-7.6854706,-1.4667499,-4.3920226
-7.685052,-1.4679443,-4.3921347
-7.6846333,-1.4691386,-4.3922467
-7.6842146,-1.470333,-4.392359
-7.683796,-1.4715273,-4.392471
-7.6833773,-1.4727217,-4.392583
-7.6829586,-1.473916,-4.392695
-7.68254,-1.4751104,-4.392807
-7.6821213,-1.4763048,-4.392919
-7.6817026,-1.4774991,-4.393031
-7.681284,-1.4786935,-4.393143
-7.6808653,-1.4798878,-4.393255
-7.6804466,-1.4810822,-4.3933673
-7.680028,-1.4822766,-4.3934793
-7.6796093,-1.4834709,-4.3935914
-7.6791906,-1.4846653,-4.3937035
-7.678772,-1.4858596,-4.3938155
-7.6783533,-1.487054,-4.3939276
-7.6779346,-1.4882483,-4.3940396
-7.677516,-1.4894427,-4.3941517
-7.6770973,-1.4906371,-4.3942637
-7.6766787,-1.4918314,-4.394376
-7.67626,-1.4930258,-4.394488
-7.6758413,-1.4942201,-4.3946
-7.6754227,-1.4954145,-4.394712
-7.675004,-1.4966089,-4.394824
-7.6745853,-1.4978032,-4.394936
-7.6741667,-1.4989976,-4.395048
-7.673748,-1.5001919,-4.39516
-7.6733294,-1.5013863,-4.3952723
-7.6729107,-1.5025806,-4.3953843
-7.672492,-1.503775,-4.3954964
-7.672122,-1.5049008,-4.3956003
-7.671752,-1.5060266,-4.3957043
-7.671382,-1.5071524,-4.395808
-7.671012,-1.5082783,-4.395912
-7.670642,-1.5094041,-4.396016
-7.670272,-1.5105299,-4.39612
-7.669902,-1.5116557,-4.396224
-7.669532,-1.5127815,-4.396328
-7.669162,-1.5139073,-4.396432
-7.668792,-1.5150331,-4.396536
-7.6684217,-1.5161589,-4.39664
-7.6680517,-1.5172848,-4.396744
-7.6676817,-1.5184106,-4.3968477
-7.6673117,-1.5195364,-4.3969517
-7.6669416,-1.5206622,-4.3970556
-7.6665716,-1.521788,-4.3971596
-7.6662016,-1.5229138,-4.3972635
-7.6658316,-1.5240396,-4.3973675
-7.6654615,-1.5251654,-4.3974714
-7.6650915,-1.5262913,-4.3975754
-7.6647215,-1.5274171,-4.3976793
-7.6643515,-1.5285429,-4.3977833
-7.6639814,-1.5296687,-4.397887
-7.6636114,-1.5307945,-4.397991
-7.6632414,-1.5319203,-4.398095
-7.6628714,-1.5330461,-4.398199
-7.6625013,-1.5341719,-4.398303
-7.6621313,-1.5352978,-4.398407
-7.6617613,-1.5364236,-4.398511
-7.6613913,-1.5375494,-4.398615
-7.661021,-1.5386752,-4.398719
-7.660651,-1.539801,-4.398823
-7.660281,-1.5409268,-4.3989267
-7.659911,-1.5420526,-4.3990307
-7.659523,-1.5432006,-4.3991385
-7.659135,-1.5443486,-4.399246
-7.6587467,-1.5454966,-4.399354
-7.6583586,-1.5466446,-4.3994617
-7.6579704,-1.5477926,-4.3995695
-7.6575823,-1.5489405,-4.3996773
-7.657194,-1.5500885,-4.399785
-7.656806,-1.5512365,-4.399893
-7.656418,-1.5523845,-4.4000006
-7.6560297,-1.5535325,-4.4001083
-7.6556416,-1.5546805,-4.400216
-7.6552534,-1.5558285,-4.400324
-7.6548653,-1.5569764,-4.4004316
-7.654477,-1.5581244,-4.4005394
-7.654089,-1.5592724,-4.400647
-7.653701,-1.5604204,-4.400755
-7.6533127,-1.5615684,-4.4008627
-7.6529245,-1.5627164,-4.4009705
-7.6525364,-1.5638644,-4.401078
-7.6521482,-1.5650123,-4.401186
-7.65176,-1.5661603,-4.4012938
-7.651372,-1.5673083,-4.4014015
-7.650984,-1.5684563,-4.4015093
-7.6505957,-1.5696043,-4.401617
-7.6502075,-1.5707523,-4.401725
-7.6498194,-1.5719002,-4.4018326
-7.649431,-1.5730482,-4.4019403
-7.649043,-1.5741962,-4.402048
-7.648655,-1.5753442,-4.402156
-7.648279,-1.576449,-4.4022617
-7.6479034,-1.5775539,-4.4023676
-7.6475277,-1.5786587,-4.4024734
-7.647152,-1.5797635,-4.4025793
-7.646776,-1.5808684,-4.402685
-7.6464005,-1.5819732,-4.402791
-7.6460247,-1.583078,-4.402897
-7.645649,-1.5841829,-4.4030027
-7.645273,-1.5852877,-4.4031086
-7.6448975,-1.5863925,-4.4032145
-7.6445217,-1.5874974,-4.4033203
-7.644146,-1.5886022,-4.403426
-7.64377,-1.589707,-4.403532
-7.6433945,-1.5908118,-4.403638
-7.6430187,-1.5919167,-4.4037437
-7.642643,-1.5930215,-4.4038496
-7.642267,-1.5941263,-4.4039555
-7.6418915,-1.5952312,-4.4040613
-7.6415157,-1.596336,-4.404167
-7.64114,-1.5974408,-4.404273
-7.640764,-1.5985457,-4.404379
-7.6403885,-1.5996505,-4.4044847
-7.6400127,-1.6007553,-4.4045906
-7.639637,-1.6018602,-4.4046965
-7.6392612,-1.602965,-4.4048023
-7.6388855,-1.6040698,-4.404908
-7.6385098,-1.6051747,-4.405014
-7.638134,-1.6062795,-4.40512
-7.6377583,-1.6073843,-4.4052258
-7.6373825,-1.6084892,-4.4053316
-7.6370068,-1.609594,-4.4054375
-7.636631,-1.6106988,-4.4055433
-7.6362553,-1.6118037,-4.405649
-7.6358795,-1.6129085,-4.405755
-7.6354823,-1.6140158,-4.405861
-7.635085,-1.6151232,-4.4059668
-7.634688,-1.6162305,-4.4060726
-7.6342907,-1.6173378,-4.4061785
-7.6338935,-1.6184452,-4.4062843
-7.6334963,-1.6195525,-4.40639
-7.633099,-1.6206598,-4.406496
-7.632702,-1.6217672,-4.406602
-7.6323047,-1.6228745,-4.406708
-7.6319075,-1.6239818,-4.4068136
-7.6315103,-1.6250892,-4.4069195
-7.631113,-1.6261965,-4.4070253
-7.630716,-1.6273038,-4.407131
-7.6303186,-1.6284112,-4.407237
-7.6299214,-1.6295185,-4.407343
-7.629524,-1.6306258,-4.407449
-7.629127,-1.6317332,-4.4075546
-7.62873,-1.6328405,-4.4076605
-7.6283326,-1.6339478,-4.4077663
-7.6279354,-1.6350552,-4.407872
-7.627538,-1.6361625,-4.407978
-7.627141,-1.6372699,-4.408084
-7.626744,-1.6383772,-4.40819
-7.6263466,-1.6394845,-4.4082956
-7.6259494,-1.6405919,-4.4084015
-7.625552,-1.6416992,-4.4085073
-7.625155,-1.6428065,-4.408613
-7.624758,-1.6439139,-4.408719
-7.6243606,-1.6450212,-4.408825
-7.6239634,-1.6461285,-4.408931
-7.623566,-1.6472359,-4.4090366
-7.623169,-1.6483432,-4.4091425
-7.6227717,-1.6494505,-4.4092484
-7.6223745,-1.6505579,-4.409354
-7.6219773,-1.6516652,-4.40946
-7.62158,-1.6527725,-4.409566
-7.621214,-1.6538339,-4.4096656
-7.6208477,-1.6548952,-4.4097652
-7.6204815,-1.6559565,-4.409865
-7.6201153,-1.6570178,-4.4099646
-7.619749,-1.6580791,-4.410064
-7.619383,-1.6591405,-4.410164
-7.6190166,-1.6602018,-4.4102635
-7.6186504,-1.6612631,-4.410363
-7.618284,-1.6623244,-4.410463
-7.617918,-1.6633857,-4.4105625
-7.617552,-1.6644471,-4.410662
-7.6171856,-1.6655084,-4.410762
-7.6168194,-1.6665697,-4.4108615
-7.616453,-1.667631,-4.410961
-7.616087,-1.6686924,-4.411061
-7.6157207,-1.6697537,-4.4111605
-7.6153545,-1.670815,-4.41126
-7.6149883,-1.6718763,-4.41136
-7.614622,-1.6729376,-4.4114594
-7.614256,-1.673999,-4.411559
-7.6138897,-1.6750603,-4.411659
-7.6135235,-1.6761216,-4.4117584
-7.6131573,-1.6771829,-4.411858
-7.612791,-1.6782442,-4.4119577
-7.612425,-1.6793056,-4.4120574
-7.6120586,-1.6803669,-4.412157
-7.6116924,-1.6814282,-4.4122567
-7.611326,-1.6824895,-4.4123564
-7.61096,-1.6835508,-4.412456
-7.610594,-1.6846122,-4.4125557
-7.6102276,-1.6856735,-4.4126554
-7.6098614,-1.6867348,-4.412755
-7.609495,-1.6877961,-4.4128547
-7.609129,-1.6888574,-4.4129543
-7.6087413,-1.689921,-4.4130545
-7.6083536,-1.6909846,-4.4131546
-7.607966,-1.6920482,-4.4132547
-7.6075783,-1.6931118,-4.413355
-7.6071906,-1.6941754,-4.413455
-7.606803,-1.695239,-4.413555
-7.6064153,-1.6963025,-4.4136553
-7.6060276,-1.6973661,-4.4137554
-7.60564,-1.6984297,-4.4138556
-7.6052523,-1.6994933,-4.4139557
-7.6048646,-1.7005569,-4.414056
-7.604477,-1.7016205,-4.414156
-7.6040893,-1.702684,-4.414256
-7.6037016,-1.7037476,-4.414356
-7.603314,-1.7048112,-4.4144564
-7.6029263,-1.7058748,-4.4145565
-7.6025386,-1.7069384,-4.4146566
-7.602151,-1.708002,-4.414757
-7.6017632,-1.7090656,-4.414857
-7.6013756,-1.7101291,-4.414957
-7.600988,-1.7111927,-4.415057
-7.6006002,-1.7122563,-4.4151573
-7.6002126,-1.7133199,-4.4152575
-7.599825,-1.7143835,-4.4153576
-7.599437,-1.7154471,-4.4154577
-7.5990496,-1.7165107,-4.415558
-7.598662,-1.7175742,-4.415658
-7.598274,-1.7186378,-4.415758
-7.5978866,-1.7197014,-4.4158583
-7.597499,-1.720765,-4.4159584
-7.597111,-1.7218286,-4.4160585
-7.5967236,-1.7228922,-4.4161587
-7.596336,-1.7239558,-4.416259
-7.595948,-1.7250193,-4.416359
-7.5955606,-1.7260829,-4.416459
-7.595173,-1.7271465,-4.416559
-7.5948114,-1.7281249,-4.4166527
-7.59445,-1.7291032,-4.416746
-7.5940886,-1.7300816,-4.4168396
-7.593727,-1.7310599,-4.416933
-7.5933657,-1.7320383,-4.4170265
-7.593004,-1.7330166,-4.41712
-7.592643,-1.733995,-4.4172134
-7.5922813,-1.7349733,-4.417307
-7.59192,-1.7359517,-4.4174004
-7.5915585,-1.73693,-4.417494
-7.591197,-1.7379084,-4.4175873
-7.5908356,-1.7388867,-4.4176807
-7.590474,-1.7398651,-4.417774
-7.5901127,-1.7408434,-4.4178677
-7.5897512,-1.7418218,-4.417961
-7.58939,-1.7428001,-4.4180546
-7.5890284,-1.7437785,-4.418148
-7.588667,-1.7447568,-4.4182415
-7.5883055,-1.7457352,-4.418335
-7.587944,-1.7467135,-4.4184284
-7.5875826,-1.7476919,-4.418522
-7.587221,-1.7486702,-4.4186153
-7.5868597,-1.7496486,-4.418709
-7.5864983,-1.7506269,-4.4188023
-7.586137,-1.7516053,-4.4188957
-7.5857754,-1.7525836,-4.418989
-7.585414,-1.753562,-4.4190826
-7.5850525,-1.7545403,-4.419176
-7.584691,-1.7555187,-4.4192696
-7.5843296,-1.756497,-4.419363
-7.583968,-1.7574754,-4.4194565
-7.5836067,-1.7584537,-4.41955
-7.5832453,-1.7594321,-4.4196434
-7.582588,-1.7612972,-4.4198256
-7.581931,-1.7631624,-4.4200077
-7.581274,-1.7650275,-4.42019
-7.580617,-1.7668927,-4.420372
-7.57996,-1.7687578,-4.420554
-7.579303,-1.770623,-4.4207363
-7.5786457,-1.7724881,-4.4209185
-7.5779886,-1.7743533,-4.4211006
-7.5773315,-1.7762184,-4.421283
-7.5766745,-1.7780836,-4.421465
-7.5760174,-1.7799487,-4.421647
-7.5753603,-1.7818139,-4.421829
-7.574703,-1.783679,-4.4220114
-7.574046,-1.7855442,-4.4221935
-7.573389,-1.7874093,-4.4223757
-7.572732,-1.7892745,-4.422558
-7.572075,-1.7911396,-4.42274
-7.5714645,-1.792917,-4.4229126
-7.570901,-1.7946067,-4.4230757
-7.5703373,-1.7962964,-4.4232388
-7.5697737,-1.797986,-4.423402
-7.56921,-1.7996757,-4.423565
-7.5686464,-1.8013654,-4.423728
-7.568083,-1.803055,-4.423891
-7.567519,-1.8047447,-4.424054
-7.5669556,-1.8064344,-4.424217
-7.566392,-1.8081241,-4.4243803
-7.5658283,-1.8098137,-4.4245434
-7.5652647,-1.8115034,-4.4247065
-7.564701,-1.8131931,-4.4248695
-7.5641375,-1.8148828,-4.4250326
-7.563574,-1.8165724,-4.4251957
-7.56301,-1.8182621,-4.425359
-7.5624466,-1.8199518,-4.425522
-7.561883,-1.8216414,-4.425685
-7.5612497,-1.823421,-4.4258537
-7.5608983,-1.8243557,-4.425941
-7.560547,-1.8252904,-4.4260283
-7.5601954,-1.8262252,-4.4261155
-7.559844,-1.8271599,-4.426203
-7.5594926,-1.8280946,-4.42629
-7.559141,-1.8290293,-4.4263773
-7.5587897,-1.829964,-4.4264646
-7.5584383,-1.8308988,-4.426552
-7.558087,-1.8318335,-4.426639
-7.5577354,-1.8327682,-4.4267263
-7.557384,-1.8337029,-4.4268136
-7.5570326,-1.8346376,-4.426901
-7.556681,-1.8355724,-4.426988
-7.5563297,-1.8365071,-4.4270754
-7.5559783,-1.8374418,-4.4271626
-7.555627,-1.8383765,-4.42725
-7.5552754,-1.8393112,-4.427337
-7.554924,-1.840246,-4.4274244
-7.5545726,-1.8411807,-4.4275117
-7.554221,-1.8421154,-4.427599
-7.5538697,-1.8430501,-4.427686
-7.5535183,-1.8439848,-4.4277735
-7.553167,-1.8449196,-4.4278607
-7.5528154,-1.8458543,-4.427948
-7.552464,-1.846789,-4.4280353
-7.5521126,-1.8477237,-4.4281225
-7.551761,-1.8486584,-4.42821
-7.5514097,-1.8495932,-4.428297
-7.5510583,-1.8505279,-4.4283843
-7.550707,-1.8514626,-4.4284716
-7.5503554,-1.8523973,-4.428559
-7.550004,-1.853332,-4.428646
-7.5496526,-1.8542668,-4.4287333
-7.5492735,-1.8553052,-4.428828
-7.5488944,-1.8563436,-4.428922
-7.5485153,-1.857382,-4.4290166
-7.548136,-1.8584205,-4.429111
-7.547757,-1.8594589,-4.4292054
-7.547378,-1.8604974,-4.4293
-7.546999,-1.8615358,-4.4293942
-7.54662,-1.8625742,-4.4294887
-7.546241,-1.8636127,-4.429583
-7.5458617,-1.8646511,-4.4296775
-7.5454826,-1.8656895,-4.429772
-7.5451035,-1.866728,-4.4298663
-7.5447245,-1.8677664,-4.4299607
-7.5443454,-1.8688048,-4.430055
-7.5439663,-1.8698432,-4.4301496
-7.543587,-1.8708817,-4.430244
-7.543208,-1.8719201,-4.4303384
-7.542829,-1.8729585,-4.430433
-7.54245,-1.873997,-4.430527
-7.542071,-1.8750354,-4.4306216
-7.541692,-1.8760738,-4.430716
-7.5413127,-1.8771123,-4.4308105
-7.5409336,-1.8781507,-4.430905
-7.5405545,-1.8791891,-4.4309993
-7.5401754,-1.8802276,-4.4310937
-7.5397964,-1.881266,-4.431188
-7.5394173,-1.8823044,-4.4312825
-7.539038,-1.8833429,-4.431377
-7.538659,-1.8843813,-4.4314713
-7.538261,-1.8854415,-4.4315658
-7.537863,-1.8865018,-4.43166
-7.5374646,-1.887562,-4.4317546
-7.5370665,-1.8886223,-4.431849
-7.5366683,-1.8896825,-4.4319434
-7.53627,-1.8907428,-4.432038
-7.535872,-1.891803,-4.4321322
-7.535474,-1.8928633,-4.4322267
-7.5350757,-1.8939235,-4.432321
-7.5346775,-1.8949838,-4.4324155
-7.5342793,-1.896044,-4.43251
-7.533881,-1.8971043,-4.4326043
-7.533483,-1.8981645,-4.4326987
-7.533085,-1.8992248,-4.432793
-7.5326867,-1.900285,-4.4328876
-7.5322886,-1.9013453,-4.432982
-7.5318904,-1.9024055,-4.4330764
-7.531492,-1.9034657,-4.433171
-7.531094,-1.904526,-4.433265
-7.530696,-1.9055862,-4.4333596
-7.5302978,-1.9066465,-4.433454
-7.5298996,-1.9077067,-4.4335485
-7.5295014,-1.908767,-4.433643
-7.5291033,-1.9098272,-4.4337373
-7.528705,-1.9108875,-4.4338317
-7.528307,-1.9119477,-4.433926
-7.527909,-1.913008,-4.4340205
-7.5275106,-1.9140682,-4.434115
-7.5271125,-1.9151285,-4.4342093
-7.5267143,-1.9161887,-4.4343038
-7.526316,-1.917249,-4.434398
-7.525918,-1.9183092,-4.4344926
-7.52552,-1.9193695,-4.434587
-7.5251217,-1.9204297,-4.4346814
-7.5247235,-1.92149,-4.434776
-7.524281,-1.9226956,-4.434878
-7.5238385,-1.9239013,-4.43498
-7.523396,-1.925107,-4.435082
-7.5229535,-1.9263127,-4.435184
-7.522511,-1.9275184,-4.435286
-7.5220685,-1.928724,-4.435388
-7.521626,-1.9299297,-4.43549
-7.5211835,-1.9311354,-4.435592
-7.520741,-1.9323411,-4.435694
-7.5202985,-1.9335468,-4.4357963
-7.519856,-1.9347525,-4.4358983
-7.5194135,-1.9359581,-4.4360003
-7.518971,-1.9371638,-4.4361024
-7.5185285,-1.9383695,-4.4362044
-7.518086,-1.9395752,-4.4363065
-7.5176435,-1.9407809,-4.4364085
-7.517201,-1.9419866,-4.4365106
-7.5167584,-1.9431922,-4.4366126
-7.516316,-1.9443979,-4.4367146
-7.5158734,-1.9456036,-4.4368167
-7.515431,-1.9468093,-4.4369187
-7.5149884,-1.948015,-4.437021
-7.514546,-1.9492207,-4.437123
-7.5141034,-1.9504263,-4.437225
-7.513661,-1.951632,-4.437327
-7.5132184,-1.9528377,-4.437429
-7.512776,-1.9540434,-4.437531
-7.5123334,-1.9552491,-4.437633
-7.511891,-1.9564548,-4.437735
-7.5114484,-1.9576604,-4.437837
-7.511006,-1.9588661,-4.437939
-7.5105634,-1.9600718,-4.438041
-7.510121,-1.9612775,-4.4381433
-7.5096784,-1.9624832,-4.4382453
-7.509236,-1.9636889,-4.4383473
-7.5087934,-1.9648945,-4.4384494
-7.508331,-1.9661216,-4.438551
-7.5078683,-1.9673486,-4.4386525
-7.5074058,-1.9685756,-4.438754
-7.506943,-1.9698026,-4.4388556
-7.5064807,-1.9710296,-4.438957
-7.506018,-1.9722567,-4.439059
-7.5055556,-1.9734837,-4.4391603
-7.505093,-1.9747107,-4.439262
-7.5046306,-1.9759377,-4.4393635
-7.504168,-1.9771647,-4.439465
-7.5037055,-1.9783918,-4.4395666
-7.503243,-1.9796188,-4.439668
-7.5027804,-1.9808458,-4.4397697
-7.502318,-1.9820728,-4.4398713
-7.5018554,-1.9832999,-4.439973
-7.501393,-1.9845269,-4.4400744
-7.5009303,-1.9857539,-4.440176
-7.500468,-1.9869809,-4.4402776
-7.5000052,-1.9882079,-4.440379
-7.4995427,-1.989435,-4.4404807
-7.49908,-1.990662,-4.4405823
-7.4986176,-1.991889,-4.440684
-7.498155,-1.993116,-4.4407854
-7.4976926,-1.994343,-4.440887
-7.49723,-1.9955701,-4.4409885
-7.4967675,-1.9967971,-4.44109
-7.496305,-1.9980241,-4.4411917
-7.4958425,-1.9992511,-4.4412932
-7.49538,-2.0004783,-4.441395
-7.4949174,-2.0017054,-4.4414964
-7.494455,-2.0029325,-4.441598
-7.4939923,-2.0041597,-4.4416995
-7.49353,-2.0053868,-4.441801
-7.4930673,-2.006614,-4.4419026
-7.4924808,-2.007996,-4.4420185
-7.4918942,-2.0093782,-4.4421344
-7.4913077,-2.0107603,-4.4422503
-7.490721,-2.0121424,-4.442366
-7.4901347,-2.0135245,-4.442482
-7.489548,-2.0149066,-4.442598
-7.4889617,-2.0162888,-4.4427137
-7.488375,-2.0176709,-4.4428296
-7.4877887,-2.019053,-4.4429455
-7.487202,-2.020435,-4.4430614
-7.4866157,-2.0218172,-4.443177
-7.486029,-2.0231993,-4.443293
-7.4854426,-2.0245814,-4.443409
-7.484856,-2.0259635,-4.443525
-7.4842696,-2.0273457,-4.4436407
-7.483683,-2.0287278,-4.4437566
-7.4830966,-2.03011,-4.4438725
-7.48251,-2.031492,-4.4439883
-7.4819236,-2.032874,-4.444104
-7.481337,-2.0342562,-4.44422
-7.4807506,-2.0356383,-4.444336
-7.480164,-2.0370204,-4.444452
-7.4795775,-2.0384026,-4.4445677
-7.478991,-2.0397847,-4.4446836
-7.4784045,-2.0411668,-4.4447994
-7.477818,-2.042549,-4.4449153
-7.4772315,-2.043931,-4.445031
-7.476645,-2.0453131,-4.445147
-7.4760585,-2.0466952,-4.445263
-7.475472,-2.0480773,-4.445379
-7.4748855,-2.0494595,-4.4454947
-7.474299,-2.0508416,-4.4456105
-7.4737124,-2.0522237,-4.4457264
-7.473126,-2.0536058,-4.4458423
-7.4725394,-2.054988,-4.445958
-7.471953,-2.05637,-4.446074
-7.471328,-2.0577955,-4.4461894
-7.4707026,-2.059221,-4.446305
-7.4700775,-2.0606465,-4.44642
-7.4694524,-2.062072,-4.4465356
-7.4688272,-2.0634975,-4.446651
-7.468202,-2.064923,-4.4467664
-7.467577,-2.0663486,-4.446882
-7.466952,-2.067774,-4.446997
-7.4663267,-2.0691996,-4.4471126
-7.4657016,-2.070625,-4.447228
-7.4650764,-2.0720506,-4.4473433
-7.4644513,-2.073476,-4.4474587
-7.463826,-2.0749016,-4.447574
-7.463201,-2.076327,-4.4476895
-7.462576,-2.0777526,-4.447805
-7.461951,-2.079178,-4.4479203
-7.4613256,-2.0806036,-4.4480357
-7.4607005,-2.082029,-4.448151
-7.4600754,-2.0834546,-4.4482665
-7.4594502,-2.08488,-4.448382
-7.458825,-2.0863056,-4.4484973
-7.4582,-2.0877311,-4.4486127
-7.457575,-2.0891566,-4.448728
-7.4569497,-2.0905821,-4.4488435
-7.4563246,-2.0920076,-4.448959
-7.4556994,-2.0934331,-4.4490743
-7.4550743,-2.0948586,-4.4491897
-7.454449,-2.0962842,-4.449305
-7.453824,-2.0977097,-4.4494205
-7.453199,-2.0991352,-4.449536
-7.452574,-2.1005607,-4.4496512
-7.4519486,-2.1019862,-4.4497666
-7.4513235,-2.1034117,-4.449882
-7.4506984,-2.1048372,-4.4499974
-7.4500732,-2.1062627,-4.450113
-7.449357,-2.1077788,-4.450235
-7.448641,-2.109295,-4.450357
-7.4479246,-2.110811,-4.450479
-7.4472084,-2.112327,-4.450601
-7.446492,-2.1138432,-4.450723
-7.445776,-2.1153593,-4.4508452
-7.44506,-2.1168754,-4.4509673
-7.4443436,-2.1183915,-4.4510894
-7.4436274,-2.1199076,-4.4512115
-7.442911,-2.1214237,-4.4513335
-7.442195,-2.1229398,-4.4514556
-7.4414787,-2.124456,-4.4515777
-7.4407625,-2.125972,-4.4516997
-7.4400463,-2.1274881,-4.451822
-7.43933,-2.1290042,-4.451944
-7.438614,-2.1305203,-4.452066
-7.4378977,-2.1320364,-4.452188
-7.4371815,-2.1335526,-4.45231
-7.4364653,-2.1350687,-4.452432
-7.435749,-2.1365848,-4.452554
-7.435033,-2.1381009,-4.4526763
-7.4343166,-2.139617,-4.4527984
-7.4336004,-2.141133,-4.4529204
-7.432884,-2.1426492,-4.4530425
-7.432168,-2.1441653,-4.4531646
-7.431452,-2.1456814,-4.4532866
-7.4307356,-2.1471975,-4.4534087
-7.4300194,-2.1487136,-4.453531
-7.429303,-2.1502297,-4.453653
-7.428587,-2.1517458,-4.453775
-7.4278708,-2.153262,-4.453897
-7.4271545,-2.154778,-4.454019
-7.4264383,-2.156294,-4.454141
-7.425722,-2.1578102,-4.454263
-7.425006,-2.1593263,-4.4543853
-7.424284,-2.1608214,-4.454503
-7.423562,-2.1623166,-4.454621
-7.42284,-2.1638117,-4.4547386
-7.422118,-2.1653068,-4.4548564
-7.4213963,-2.166802,-4.454974
-7.4206743,-2.168297,-4.455092
-7.4199524,-2.1697922,-4.4552097
-7.4192305,-2.1712873,-4.4553275
-7.4185085,-2.1727824,-4.4554453
-7.4177866,-2.1742775,-4.455563
-7.4170647,-2.1757727,-4.455681
-7.4163427,-2.1772678,-4.4557986
-7.415621,-2.178763,-4.4559164
-7.414899,-2.180258,-4.456034
-7.414177,-2.1817532,-4.456152
-7.413455,-2.1832483,-4.4562697
-7.412733,-2.1847434,-4.4563875
-7.412011,-2.1862385,-4.4565053
-7.411289,-2.1877337,-4.456623
-7.4105673,-2.1892288,-4.456741
-7.4098454,-2.190724,-4.4568586
-7.4091234,-2.192219,-4.4569764
-7.4084015,-2.1937141,-4.457094
-7.4076796,-2.1952093,-4.457212
-7.4069576,-2.1967044,-4.4573298
-7.4062357,-2.1981995,-4.4574475
-7.405514,-2.1996946,-4.4575653
-7.404792,-2.2011898,-4.457683
-7.40407,-2.2026849,-4.457801
-7.403348,-2.20418,-4.4579186
-7.402626,-2.2056751,-4.4580364
-7.401904,-2.2071702,-4.458154
-7.401182,-2.2086654,-4.458272
-7.4004602,-2.2101605,-4.4583898
-7.3997383,-2.2116556,-4.4585075
-7.398943,-2.2132373,-4.4586344
-7.3981476,-2.214819,-4.458761
-7.397352,-2.2164006,-4.458888
-7.396557,-2.2179823,-4.459015
-7.3957615,-2.219564,-4.4591417
-7.394966,-2.2211456,-4.4592686
-7.3941708,-2.2227273,-4.4593954
-7.3933754,-2.224309,-4.4595222
-7.39258,-2.2258906,-4.459649
-7.3917847,-2.2274723,-4.459776
-7.3909893,-2.229054,-4.459903
-7.390194,-2.2306356,-4.4600296
-7.3893986,-2.2322173,-4.4601564
-7.388603,-2.233799,-4.4602833
-7.387808,-2.2353806,-4.46041
-7.3870125,-2.2369623,-4.460537
-7.386217,-2.238544,-4.460664
-7.3854218,-2.2401257,-4.4607906
-7.3846264,-2.2417073,-4.4609175
-7.383831,-2.243289,-4.4610443
-7.3830357,-2.2448707,-4.461171
-7.3822403,-2.2464523,-4.461298
-7.381445,-2.248034,-4.461425
-7.3806496,-2.2496157,-4.4615517
-7.379854,-2.2511973,-4.4616785
-7.379059,-2.252779,-4.4618053
-7.3782635,-2.2543607,-4.461932
-7.377468,-2.2559423,-4.462059
-7.3766727,-2.257524,-4.462186
-7.375872,-2.2590842,-4.462315
-7.3750715,-2.2606444,-4.4624443
-7.374271,-2.2622046,-4.4625735
-7.3734703,-2.2637649,-4.4627028
-7.3726697,-2.265325,-4.462832
-7.371869,-2.2668853,-4.462961
-7.3710685,-2.2684455,-4.4630904
-7.370268,-2.2700057,-4.4632196
-7.3694673,-2.271566,-4.463349
-7.3686666,-2.2731261,-4.463478
-7.367866,-2.2746863,-4.4636073
-7.3670654,-2.2762465,-4.4637365
-7.366265,-2.2778068,-4.4638658
-7.365464,-2.279367,-4.463995
-7.3646636,-2.2809272,-4.464124
-7.363863,-2.2824874,-4.4642534
-7.3630624,-2.2840476,-4.4643826
-7.362262,-2.2856078,-4.464512
-7.361461,-2.287168,-4.464641
-7.3606606,-2.2887282,-4.4647703
-7.35986,-2.2902884,-4.4648995
-7.3590593,-2.2918487,-4.465029
-7.3582587,-2.2934089,-4.465158
-7.357458,-2.294969,-4.465287
-7.3566575,-2.2965293,-4.4654164
-7.355857,-2.2980895,-4.4655457
-7.3550563,-2.2996497,-4.465675
-7.3542557,-2.30121,-4.465804
-7.353455,-2.3027701,-4.4659333
-7.3526545,-2.3043303,-4.4660625
-7.351854,-2.3058906,-4.466192
-7.351053,-2.3074508,-4.466321
-7.3502526,-2.309011,-4.46645
-7.349452,-2.3105712,-4.4665794
-7.3486056,-2.3122756,-4.4667206
-7.3477592,-2.31398,-4.4668617
-7.346913,-2.3156846,-4.467003
-7.3460665,-2.317389,-4.467144
-7.34522,-2.3190935,-4.467285
-7.3443737,-2.320798,-4.4674263
-7.3435273,-2.3225024,-4.4675674
-7.342681,-2.3242068,-4.4677086
-7.3418345,-2.3259113,-4.4678497
-7.340988,-2.3276157,-4.467991
-7.340142,-2.3293202,-4.468132
-7.3392954,-2.3310246,-4.468273
-7.338449,-2.332729,-4.4684143
-7.3376026,-2.3344336,-4.4685555
-7.336756,-2.336138,-4.4686966
-7.33591,-2.3378425,-4.4688377
-7.3350635,-2.339547,-4.468979
-7.334217,-2.3412514,-4.46912
-7.3333707,-2.3429558,-4.469261
-7.3325243,-2.3446603,-4.4694023
-7.331678,-2.3463647,-4.4695435
-7.3308315,-2.3480692,-4.4696846
-7.329985,-2.3497736,-4.4698257
-7.3291388,-2.351478,-4.469967
-7.3282924,-2.3531826,-4.470108
-7.327446,-2.354887,-4.470249
-7.3265996,-2.3565915,-4.4703903
-7.325753,-2.358296,-4.4705315
-7.324907,-2.3600004,-4.4706726
-7.3240604,-2.3617048,-4.4708138
-7.323214,-2.3634093,-4.470955
-7.3223677,-2.3651137,-4.471096
-7.3215213,-2.3668182,-4.471237
-7.320675,-2.3685226,-4.4713783
-7.3198285,-2.370227,-4.4715195
-7.318982,-2.3719316,-4.4716606
-7.3181486,-2.373593,-4.4717965
-7.317315,-2.3752546,-4.4719324
-7.3164816,-2.3769162,-4.4720683
-7.315648,-2.3785777,-4.472204
-7.3148146,-2.3802392,-4.47234
-7.313981,-2.3819008,-4.472476
-7.3131475,-2.3835623,-4.472612
-7.312314,-2.3852239,-4.472748
-7.3114805,-2.3868854,-4.4728837
-7.310647,-2.388547,-4.4730196
-7.3098135,-2.3902085,-4.4731555
-7.30898,-2.39187,-4.4732914
-7.3081465,-2.3935316,-4.4734273
-7.307313,-2.395193,-4.473563
-7.3064795,-2.3968546,-4.473699
-7.305646,-2.3985162,-4.473835
-7.3048124,-2.4001777,-4.473971
-7.303979,-2.4018393,-4.474107
-7.3031454,-2.4035008,-4.4742427
-7.302312,-2.4051623,-4.4743786
-7.3014784,-2.4068239,-4.4745145
-7.300645,-2.4084854,-4.4746504
-7.2998114,-2.410147,-4.4747863
-7.298978,-2.4118085,-4.474922
-7.2981443,-2.41347,-4.475058
-7.297311,-2.4151316,-4.475194
-7.2964773,-2.416793,-4.47533
-7.295644,-2.4184546,-4.475466
-7.2948103,-2.4201162,-4.4756017
-7.293977,-2.4217777,-4.4757376
-7.2931433,-2.4234393,-4.4758735
-7.2923098,-2.4251008,-4.4760094
-7.2914762,-2.4267623,-4.4761453
-7.2906427,-2.428424,-4.476281
-7.289779,-2.4301884,-4.4764233
-7.2889156,-2.431953,-4.4765654
-7.288052,-2.4337175,-4.4767075
-7.2871885,-2.435482,-4.4768496
-7.286325,-2.4372466,-4.4769917
-7.2854614,-2.439011,-4.4771338
-7.284598,-2.4407756,-4.477276
-7.2837343,-2.4425402,-4.477418
-7.282871,-2.4443047,-4.47756
-7.282007,-2.4460692,-4.477702
-7.2811437,-2.4478338,-4.477844
-7.28028,-2.4495983,-4.4779863
-7.2794166,-2.4513628,-4.4781284
-7.278553,-2.4531274,-4.4782705
-7.2776895,-2.454892,-4.4784126
-7.276826,-2.4566565,-4.4785547
-7.2759624,-2.458421,-4.478697
-7.275099,-2.4601855,-4.478839
-7.2742352,-2.46195,-4.478981
-7.2733717,-2.4637146,-4.479123
-7.272508,-2.4654791,-4.479265
-7.2716446,-2.4672437,-4.4794073
-7.270781,-2.4690082,-4.4795494
-7.2699175,-2.4707727,-4.4796915
-7.269054,-2.4725373,-4.4798336
-7.2681904,-2.4743018,-4.4799757
-7.267327,-2.4760664,-4.480118
-7.2664633,-2.477831,-4.48026
-7.2655997,-2.4795954,-4.480402
-7.264736,-2.48136,-4.480544
-7.2638726,-2.4831245,-4.480686
-7.263009,-2.484889,-4.4808283
-7.2621455,-2.4866536,-4.4809704
-7.261282,-2.488418,-4.4811125
-7.26043,-2.4901202,-4.481249
-7.2595778,-2.4918222,-4.481385
-7.2587256,-2.4935243,-4.4815216
-7.2578735,-2.4952264,-4.481658
-7.2570214,-2.4969285,-4.4817944
-7.2561693,-2.4986305,-4.4819307
-7.255317,-2.5003326,-4.482067
-7.254465,-2.5020347,-4.4822035
-7.253613,-2.5037367,-4.48234
-7.252761,-2.5054388,-4.482476
-7.251909,-2.5071409,-4.4826126
-7.2510567,-2.508843,-4.482749
-7.2502046,-2.510545,-4.4828854
-7.2493525,-2.512247,-4.4830217
-7.2485003,-2.5139492,-4.483158
-7.2476482,-2.5156512,-4.4832945
-7.246796,-2.5173533,-4.483431
-7.245944,-2.5190554,-4.483567
-7.245092,-2.5207574,-4.4837036
-7.24424,-2.5224595,-4.48384
-7.2433877,-2.5241616,-4.4839764
-7.2425356,-2.5258636,-4.4841127
-7.2416835,-2.5275657,-4.484249
-7.2408314,-2.5292678,-4.4843855
-7.2399793,-2.5309699,-4.484522
-7.239127,-2.532672,-4.4846582
-7.238275,-2.534374,-4.4847946
-7.237423,-2.536076,-4.484931
-7.236571,-2.5377781,-4.4850674
-7.2357187,-2.5394802,-4.4852037
-7.2348666,-2.5411823,-4.48534
-7.2340145,-2.5428843,-4.4854765
-7.2331624,-2.5445864,-4.485613
-7.2323103,-2.5462885,-4.4857492
-7.231458,-2.5479906,-4.4858856
-7.230606,-2.5496926,-4.486022
-7.229737,-2.5514352,-4.486169
-7.2288675,-2.5531778,-4.4863157
-7.2279983,-2.5549204,-4.4864626
-7.227129,-2.556663,-4.4866095
-7.2262597,-2.5584056,-4.4867563
-7.2253904,-2.5601482,-4.486903
-7.224521,-2.5618908,-4.48705
-7.223652,-2.5636334,-4.487197
-7.2227826,-2.565376,-4.487344
-7.2219133,-2.5671186,-4.4874907
-7.221044,-2.5688612,-4.4876375
-7.220175,-2.5706038,-4.4877844
-7.2193055,-2.5723464,-4.4879313
-7.2184362,-2.574089,-4.488078
-7.217567,-2.5758317,-4.488225
-7.2166977,-2.5775743,-4.488372
-7.2158284,-2.5793169,-4.4885187
-7.214959,-2.5810595,-4.4886656
-7.21409,-2.582802,-4.4888124
-7.2132206,-2.5845447,-4.4889593
-7.2123513,-2.5862873,-4.489106
-7.211482,-2.5880299,-4.489253
-7.210613,-2.5897725,-4.4894
-7.2097435,-2.591515,-4.489547
-7.208874,-2.5932577,-4.4896936
-7.208005,-2.5950003,-4.4898405
-7.2071357,-2.5967429,-4.4899874
-7.2062664,-2.5984855,-4.4901342
-7.205397,-2.600228,-4.490281
-7.204528,-2.6019707,-4.490428
-7.2036586,-2.6037133,-4.490575
-7.2027893,-2.6054559,-4.4907217
-7.20192,-2.6071985,-4.4908686
-7.2010508,-2.608941,-4.4910154
-7.2002444,-2.610535,-4.491155
-7.199438,-2.6121287,-4.491295
-7.198632,-2.6137226,-4.4914346
-7.1978254,-2.6153164,-4.4915743
-7.197019,-2.6169102,-4.491714
-7.196213,-2.618504,-4.4918537
-7.1954064,-2.6200979,-4.4919934
-7.1946,-2.6216917,-4.492133
-7.193794,-2.6232855,-4.492273
-7.1929874,-2.6248794,-4.4924126
-7.192181,-2.6264732,-4.4925523
-7.191375,-2.628067,-4.492692
-7.1905684,-2.6296608,-4.4928317
-7.189762,-2.6312547,-4.4929714
-7.188956,-2.6328485,-4.493111
-7.1881495,-2.6344423,-4.493251
-7.187343,-2.6360362,-4.4933906
-7.186537,-2.63763,-4.4935303
-7.1857305,-2.6392238,-4.49367
-7.184924,-2.6408176,-4.4938097
-7.184118,-2.6424115,-4.4939494
-7.1833115,-2.6440053,-4.494089
-7.182505,-2.6455991,-4.494229
-7.181699,-2.647193,-4.4943686
-7.1808925,-2.6487868,-4.4945083
-7.180086,-2.6503806,-4.494648
-7.17928,-2.6519744,-4.4947877
-7.1784735,-2.6535683,-4.4949274
-7.177667,-2.655162,-4.495067
-7.176861,-2.656756,-4.495207
-7.1760545,-2.6583498,-4.4953465
-7.175248,-2.6599436,-4.4954863
-7.174442,-2.6615374,-4.495626
-7.1736355,-2.6631312,-4.4957657
-7.172829,-2.664725,-4.4959054
-7.172056,-2.6662736,-4.4960446
-7.1712832,-2.6678221,-4.496184
-7.1705103,-2.6693707,-4.496323
-7.1697373,-2.6709192,-4.4964623
-7.1689644,-2.6724677,-4.4966016
-7.1681914,-2.6740162,-4.496741
-7.1674185,-2.6755648,-4.49688
-7.1666455,-2.6771133,-4.4970193
-7.1658726,-2.6786618,-4.4971585
-7.1650996,-2.6802104,-4.497298
-7.1643267,-2.6817589,-4.497437
-7.1635537,-2.6833074,-4.497576
-7.162781,-2.684856,-4.4977155
-7.162008,-2.6864045,-4.4978547
-7.161235,-2.687953,-4.497994
-7.160462,-2.6895015,-4.498133
-7.159689,-2.69105,-4.4982724
-7.158916,-2.6925986,-4.4984117
-7.158143,-2.694147,-4.498551
-7.15737,-2.6956956,-4.49869
-7.156597,-2.6972442,-4.4988294
-7.155824,-2.6987927,-4.4989686
-7.155051,-2.7003412,-4.499108
-7.1542783,-2.7018898,-4.499247
-7.1535053,-2.7034383,-4.4993863
-7.1527324,-2.7049868,-4.4995255
-7.1519594,-2.7065353,-4.499665
-7.1511865,-2.7080839,-4.499804
-7.1504135,-2.7096324,-4.4999433
-7.1496406,-2.711181,-4.5000825
-7.1488676,-2.7127295,-4.5002217
-7.1480947,-2.714278,-4.500361
-7.1473217,-2.7158265,-4.5005
-7.1465487,-2.717375,-4.5006394
-7.145809,-2.7188785,-4.5007787
-7.1450696,-2.720382,-4.500918
-7.14433,-2.7218854,-4.501057
-7.1435905,-2.723389,-4.5011964
-7.142851,-2.7248924,-4.5013356
-7.1421113,-2.7263958,-4.501475
-7.1413717,-2.7278993,-4.501614
-7.140632,-2.7294028,-4.5017533
-7.1398926,-2.7309062,-4.5018926
-7.139153,-2.7324097,-4.502032
-7.1384134,-2.7339132,-4.502171
-7.137674,-2.7354167,-4.5023103
-7.1369343,-2.73692,-4.5024495
-7.1361947,-2.7384236,-4.5025887
-7.135455,-2.739927,-4.502728
-7.1347156,-2.7414305,-4.502867
-7.133976,-2.742934,-4.5030065
-7.1332364,-2.7444375,-4.5031457
-7.132497,-2.745941,-4.503285
-7.1317573,-2.7474444,-4.503424
-7.1310177,-2.7489479,-4.5035634
-7.130278,-2.7504513,-4.5037026
-7.1295385,-2.7519548,-4.503842
-7.128799,-2.7534583,-4.503981
-7.1280594,-2.7549617,-4.5041203
-7.12732,-2.7564652,-4.5042596
-7.12658,-2.7579687,-4.504399
-7.1258407,-2.7594721,-4.504538
-7.125101,-2.7609756,-4.5046773
-7.1243615,-2.762479,-4.5048165
-7.123691,-2.763894,-4.5049434
-7.1230206,-2.765309,-4.50507
-7.12235,-2.766724,-4.505197
-7.12168,-2.7681391,-4.505324
-7.1210093,-2.7695541,-4.5054507
-7.120339,-2.7709692,-4.5055776
-7.1196685,-2.7723842,-4.5057044
-7.118998,-2.7737992,-4.5058312
-7.1183276,-2.7752142,-4.505958
-7.117657,-2.7766292,-4.506085
-7.1169868,-2.7780442,-4.5062118
-7.1163163,-2.7794592,-4.5063386
-7.115646,-2.7808743,-4.5064654
-7.1149755,-2.7822893,-4.5065923
-7.114305,-2.7837043,-4.506719
-7.1136346,-2.7851193,-4.506846
-7.112964,-2.7865343,-4.506973
-7.1122937,-2.7879493,-4.5070996
-7.1116233,-2.7893643,-4.5072265
-7.110953,-2.7907794,-4.5073533
-7.1102824,-2.7921944,-4.50748
-7.109612,-2.7936094,-4.507607
-7.1089416,-2.7950244,-4.507734
-7.108271,-2.7964394,-4.5078607
-7.1076007,-2.7978544,-4.5079875
-7.1069303,-2.7992694,-4.5081143
-7.10626,-2.8006845,-4.508241
-7.1055894,-2.8020995,-4.508368
-7.104919,-2.8035145,-4.508495
-7.1042485,-2.8049295,-4.5086217
-7.103578,-2.8063445,-4.5087485
-7.1029077,-2.8077595,-4.5088754
-7.102237,-2.8091745,-4.509002
-7.101567,-2.8105896,-4.509129
-7.100864,-2.812088,-4.5092597
-7.100161,-2.8135865,-4.5093904
-7.099458,-2.815085,-4.509521
-7.0987554,-2.8165834,-4.5096517
-7.0980525,-2.8180819,-4.5097823
-7.0973496,-2.8195803,-4.509913
-7.096647,-2.8210788,-4.5100436
-7.095944,-2.8225772,-4.5101743
-7.095241,-2.8240757,-4.510305
-7.094538,-2.8255742,-4.5104356
-7.0938354,-2.8270726,-4.510566
-7.0931325,-2.828571,-4.510697
-7.0924296,-2.8300695,-4.5108275
-7.091727,-2.831568,-4.510958
-7.091024,-2.8330665,-4.511089
-7.090321,-2.834565,-4.5112195
-7.089618,-2.8360634,-4.51135
-7.0889153,-2.8375618,-4.511481
-7.0882125,-2.8390603,-4.5116115
-7.0875096,-2.8405588,-4.511742
-7.086807,-2.8420572,-4.511873
-7.086104,-2.8435557,-4.5120034
-7.085401,-2.8450541,-4.512134
-7.084698,-2.8465526,-4.5122647
-7.0839953,-2.848051,-4.5123954
-7.0832925,-2.8495495,-4.512526
-7.0825896,-2.851048,-4.5126567
-7.081887,-2.8525465,-4.5127873
-7.081184,-2.854045,-4.512918
-7.080481,-2.8555434,-4.5130486
-7.079778,-2.8570418,-4.5131793
-7.0790753,-2.8585403,-4.51331
-7.0783725,-2.8600388,-4.5134406
-7.0776696,-2.8615372,-4.5135713
-7.076967,-2.8630357,-4.513702
-7.076264,-2.8645341,-4.5138326
-7.075613,-2.8659663,-4.5139537
-7.074962,-2.8673985,-4.514075
-7.0743113,-2.8688307,-4.514196
-7.0736604,-2.8702629,-4.514317
-7.0730095,-2.871695,-4.514438
-7.0723586,-2.8731272,-4.5145593
-7.0717077,-2.8745594,-4.5146804
-7.071057,-2.8759916,-4.5148015
-7.070406,-2.8774238,-4.5149226
-7.069755,-2.878856,-4.5150437
-7.069104,-2.8802881,-4.515165
-7.0684533,-2.8817203,-4.515286
-7.0678024,-2.8831525,-4.515407
-7.0671515,-2.8845847,-4.515528
-7.0665007,-2.8860168,-4.5156493
-7.06585,-2.887449,-4.5157704
-7.065199,-2.8888812,-4.5158916
-7.064548,-2.8903134,-4.5160127
-7.063897,-2.8917456,-4.516134
-7.0632463,-2.8931777,-4.516255
-7.0625954,-2.89461,-4.516376
-7.0619445,-2.896042,-4.516497
-7.0612936,-2.8974743,-4.5166183
-7.0606427,-2.8989065,-4.5167394
-7.059992,-2.9003386,-4.5168605
-7.059341,-2.9017708,-4.5169816
-7.05869,-2.903203,-4.5171027
-7.058039,-2.9046352,-4.517224
-7.0573883,-2.9060674,-4.517345
-7.0567374,-2.9074996,-4.517466
-7.0560865,-2.9089317,-4.517587
-7.0554357,-2.910364,-4.5177083
-7.054785,-2.911796,-4.5178294
-7.054134,-2.9132283,-4.5179505
-7.0534472,-2.9147043,-4.518073
-7.0527606,-2.9161804,-4.5181956
-7.052074,-2.9176564,-4.518318
-7.0513873,-2.9191325,-4.5184407
-7.0507007,-2.9206085,-4.5185633
-7.050014,-2.9220846,-4.518686
-7.0493274,-2.9235606,-4.5188084
-7.0486407,-2.9250367,-4.518931
-7.047954,-2.9265127,-4.5190535
-7.0472674,-2.9279888,-4.519176
-7.046581,-2.9294648,-4.5192986
-7.045894,-2.9309409,-4.519421
-7.0452075,-2.932417,-4.5195436
-7.044521,-2.933893,-4.519666
-7.043834,-2.935369,-4.5197887
-7.0431476,-2.936845,-4.5199113
-7.042461,-2.938321,-4.520034
-7.0417743,-2.9397972,-4.5201564
-7.0410876,-2.9412732,-4.520279
-7.040401,-2.9427493,-4.5204015
-7.0397143,-2.9442253,-4.520524
-7.0390277,-2.9457014,-4.5206466
-7.038341,-2.9471774,-4.520769
-7.0376544,-2.9486535,-4.5208917
-7.0369678,-2.9501295,-4.521014
-7.036281,-2.9516056,-4.5211368
-7.0355945,-2.9530816,-4.5212593
-7.034908,-2.9545577,-4.521382
-7.034221,-2.9560337,-4.5215044
-7.0335345,-2.9575098,-4.521627
-7.032848,-2.9589858,-4.5217495
-7.032161,-2.9604619,-4.521872
-7.0314746,-2.961938,-4.5219946
-7.030788,-2.963414,-4.522117
-7.0301013,-2.96489,-4.5222397
-7.0294147,-2.966366,-4.522362
-7.0287933,-2.9676952,-4.5224743
-7.028172,-2.9690244,-4.5225863
-7.0275507,-2.9703536,-4.5226984
-7.0269294,-2.9716828,-4.5228105
-7.026308,-2.973012,-4.5229225
-7.0256867,-2.9743412,-4.5230346
-7.0250654,-2.9756703,-4.5231466
-7.024444,-2.9769995,-4.5232587
-7.023823,-2.9783287,-4.5233707
-7.0232015,-2.979658,-4.523483
-7.02258,-2.980987,-4.523595
-7.021959,-2.9823163,-4.523707
-7.0213375,-2.9836454,-4.523819
-7.020716,-2.9849746,-4.523931
-7.020095,-2.9863038,-4.524043
-7.0194736,-2.987633,-4.524155
-7.018852,-2.9889622,-4.524267
-7.018231,-2.9902914,-4.5243793
-7.0176096,-2.9916205,-4.5244913
-7.0169883,-2.9929497,-4.5246034
-7.016367,-2.994279,-4.5247154
-7.0157456,-2.995608,-4.5248275
-7.0151243,-2.9969373,-4.5249395
-7.014503,-2.9982665,-4.5250516
-7.0138817,-2.9995956,-4.5251637
-7.0132604,-3.0009248,-4.5252757
-7.012639,-3.002254,-4.525388
-7.0120177,-3.0035832,-4.5255
-7.0113964,-3.0049124,-4.525612
-7.010775,-3.0062416,-4.525724
-7.010154,-3.0075707,-4.525836
-7.0095325,-3.0089,-4.525948
-7.008911,-3.010229,-4.52606
-7.00829,-3.0115583,-4.526172
-7.0076685,-3.0128875,-4.526284
-7.0070086,-3.014221,-4.526401
-7.0063486,-3.0155544,-4.526518
-7.0056887,-3.016888,-4.5266347
-7.0050287,-3.0182214,-4.5267515
-7.004369,-3.0195549,-4.5268683
-7.003709,-3.0208883,-4.526985
-7.003049,-3.0222218,-4.527102
-7.002389,-3.0235553,-4.527219
-7.001729,-3.0248888,-4.5273356
-7.001069,-3.0262222,-4.5274525
-7.000409,-3.0275557,-4.5275693
-6.999749,-3.0288892,-4.527686
-6.9990892,-3.0302227,-4.527803
-6.9984293,-3.0315561,-4.52792
-6.9977694,-3.0328896,-4.5280366
-6.9971094,-3.034223,-4.5281534
-6.9964495,-3.0355566,-4.5282702
-6.9957895,-3.03689,-4.528387
-6.9951296,-3.0382235,-4.528504
-6.9944696,-3.039557,-4.5286207
-6.9938097,-3.0408905,-4.5287375
-6.9931498,-3.042224,-4.5288544
-6.99249,-3.0435574,-4.528971
-6.99183,-3.0448909,-4.529088
-6.99117,-3.0462244,-4.529205
-6.99051,-3.0475578,-4.5293217
-6.98985,-3.0488913,-4.5294385
-6.98919,-3.0502248,-4.5295553
-6.98853,-3.0515583,-4.529672
-6.98787,-3.0528917,-4.529789
-6.9872103,-3.0542252,-4.529906
-6.9865503,-3.0555587,-4.5300226
-6.9858904,-3.0568922,-4.5301394
-6.9852304,-3.0582256,-4.5302563
-6.9845705,-3.059559,-4.530373
-6.9839587,-3.060768,-4.530483
-6.983347,-3.0619767,-4.5305924
-6.982735,-3.0631855,-4.530702
-6.9821234,-3.0643942,-4.530812
-6.9815116,-3.065603,-4.5309215
-6.9809,-3.0668118,-4.531031
-6.980288,-3.0680206,-4.531141
-6.9796762,-3.0692294,-4.5312505
-6.9790645,-3.0704381,-4.53136
-6.9784527,-3.071647,-4.53147
-6.977841,-3.0728557,-4.5315795
-6.977229,-3.0740645,-4.531689
-6.9766173,-3.0752733,-4.531799
-6.9760056,-3.076482,-4.5319085
-6.975394,-3.0776908,-4.532018
-6.974782,-3.0788996,-4.532128
-6.97417,-3.0801084,-4.5322375
-6.9735584,-3.0813172,-4.532347
-6.9729466,-3.082526,-4.532457
-6.972335,-3.0837348,-4.5325665
-6.971723,-3.0849435,-4.532676
-6.9711113,-3.0861523,-4.532786
-6.9704995,-3.087361,-4.5328956
-6.9698877,-3.0885699,-4.533005
-6.969276,-3.0897787,-4.533115
-6.968664,-3.0909874,-4.5332246
-6.9680524,-3.0921962,-4.5333343
-6.9674406,-3.093405,-4.533444
-6.966829,-3.0946138,-4.5335536
-6.966217,-3.0958226,-4.5336633
-6.9656053,-3.0970314,-4.533773
-6.9649935,-3.0982401,-4.5338826
-6.9643817,-3.099449,-4.5339923
-6.96377,-3.1006577,-4.534102
-6.963158,-3.1018665,-4.5342116
-6.9624357,-3.1031487,-4.534328
-6.9617133,-3.104431,-4.5344443
-6.960991,-3.1057131,-4.5345607
-6.9602685,-3.1069953,-4.534677
-6.959546,-3.1082776,-4.5347934
-6.9588237,-3.1095598,-4.5349097
-6.9581013,-3.110842,-4.535026
-6.957379,-3.1121242,-4.5351424
-6.9566565,-3.1134064,-4.535259
-6.955934,-3.1146886,-4.535375
-6.9552116,-3.1159708,-4.5354915
-6.954489,-3.117253,-4.535608
-6.953767,-3.1185353,-4.535724
-6.9530444,-3.1198175,-4.5358405
-6.952322,-3.1210997,-4.535957
-6.9515996,-3.122382,-4.536073
-6.950877,-3.1236641,-4.5361896
-6.950155,-3.1249464,-4.536306
-6.9494324,-3.1262286,-4.5364223
-6.94871,-3.1275108,-4.5365386
-6.9479876,-3.128793,-4.536655
-6.947265,-3.1300752,-4.5367713
-6.9465427,-3.1313574,-4.5368876
-6.9458203,-3.1326396,-4.537004
-6.945098,-3.1339219,-4.5371203
-6.9443755,-3.135204,-4.5372367
-6.943653,-3.1364863,-4.537353
-6.9429307,-3.1377685,-4.5374694
-6.9422083,-3.1390507,-4.5375857
-6.941406,-3.1403406,-4.53771
-6.9406033,-3.1416304,-4.5378346
-6.9398007,-3.1429203,-4.537959
-6.938998,-3.14421,-4.5380836
-6.9381957,-3.1455,-4.538208
-6.937393,-3.1467898,-4.5383325
-6.9365907,-3.1480796,-4.538457
-6.935788,-3.1493695,-4.5385814
-6.9349856,-3.1506593,-4.538706
-6.934183,-3.1519492,-4.5388303
-6.9333806,-3.153239,-4.5389547
-6.932578,-3.1545289,-4.539079
-6.9317756,-3.1558187,-4.5392036
-6.930973,-3.1571085,-4.539328
-6.9301705,-3.1583984,-4.5394526
-6.929368,-3.1596882,-4.539577
-6.9285655,-3.160978,-4.5397015
-6.927763,-3.162268,-4.539826
-6.9269605,-3.1635578,-4.5399504
-6.926158,-3.1648476,-4.540075
-6.9253554,-3.1661375,-4.5401993
-6.924553,-3.1674273,-4.5403237
-6.9237504,-3.1687171,-4.540448
-6.922948,-3.170007,-4.5405726
-6.9221454,-3.1712968,-4.540697
-6.921343,-3.1725867,-4.5408216
-6.9205403,-3.1738765,-4.540946
-6.919738,-3.1751664,-4.5410705
-6.9189353,-3.1764562,-4.541195
-6.918133,-3.177746,-4.5413194
-6.9173303,-3.179036,-4.541444
-6.9165277,-3.1803257,-4.5415683
-6.915725,-3.1816156,-4.5416927
-6.9149227,-3.1829054,-4.541817
-6.9140525,-3.1843042,-4.541945
-6.9131823,-3.185703,-4.542073
-6.912312,-3.1871018,-4.5422006
-6.911442,-3.1885006,-4.5423284
-6.9105716,-3.1898994,-4.542456
-6.9097013,-3.1912982,-4.542584
-6.908831,-3.192697,-4.5427117
-6.907961,-3.1940958,-4.5428395
-6.9070907,-3.1954947,-4.5429673
-6.9062204,-3.1968935,-4.543095
-6.90535,-3.1982923,-4.543223
-6.90448,-3.199691,-4.5433507
-6.9036098,-3.2010899,-4.5434785
-6.9027395,-3.2024887,-4.5436063
-6.9018693,-3.2038875,-4.543734
-6.900999,-3.2052863,-4.543862
-6.900129,-3.206685,-4.5439897
-6.8992586,-3.2080839,-4.5441175
-6.8983884,-3.2094827,-4.5442452
-6.897518,-3.2108815,-4.544373
-6.896648,-3.2122803,-4.544501
-6.8957777,-3.213679,-4.5446286
-6.8949075,-3.2150779,-4.5447564
-6.8940372,-3.2164767,-4.544884
-6.893167,-3.2178755,-4.545012
-6.892297,-3.2192743,-4.54514
-6.8914266,-3.220673,-4.5452676
-6.8905563,-3.222072,-4.5453954
-6.889686,-3.2234707,-4.545523
-6.888816,-3.2248695,-4.545651
-6.8879457,-3.2262683,-4.5457788
-6.8870754,-3.227667,-4.5459065
-6.886205,-3.229066,-4.5460343
-6.885335,-3.2304647,-4.546162
-6.8844647,-3.2318635,-4.54629
-6.8836117,-3.23324,-4.5464177
-6.8827586,-3.2346163,-4.5465455
-6.8819056,-3.2359927,-4.5466733
-6.8810525,-3.237369,-4.546801
-6.8801994,-3.2387455,-4.546929
-6.8793464,-3.2401218,-4.5470567
-6.8784933,-3.2414982,-4.5471845
-6.8776402,-3.2428746,-4.5473123
-6.876787,-3.244251,-4.54744
-6.875934,-3.2456274,-4.547568
-6.875081,-3.2470038,-4.5476956
-6.874228,-3.2483802,-4.5478234
-6.873375,-3.2497566,-4.547951
-6.872522,-3.251133,-4.548079
-6.871669,-3.2525094,-4.548207
-6.8708158,-3.2538857,-4.5483346
-6.8699627,-3.2552621,-4.5484624
-6.8691096,-3.2566385,-4.54859
-6.8682566,-3.258015,-4.548718
-6.8674035,-3.2593913,-4.548846
-6.8665504,-3.2607677,-4.5489736
-6.8656974,-3.262144,-4.5491014
-6.8648443,-3.2635205,-4.549229
-6.8639913,-3.2648969,-4.549357
-6.863138,-3.2662733,-4.5494847
-6.862285,-3.2676497,-4.5496125
-6.861432,-3.269026,-4.5497403
-6.860579,-3.2704024,-4.549868
-6.859726,-3.2717788,-4.549996
-6.858873,-3.2731552,-4.5501237
-6.85802,-3.2745316,-4.5502515
-6.857167,-3.275908,-4.5503793
-6.8563137,-3.2772844,-4.550507
-6.8554606,-3.2786608,-4.550635
-6.8546076,-3.2800372,-4.5507627
-6.8537545,-3.2814136,-4.5508904
-6.852851,-3.2828755,-4.551029
-6.8519473,-3.2843375,-4.551168
-6.8510437,-3.2857995,-4.5513067
-6.85014,-3.2872615,-4.5514455
-6.8492365,-3.2887235,-4.5515842
-6.848333,-3.2901855,-4.551723
-6.8474293,-3.2916474,-4.551862
-6.8465257,-3.2931094,-4.5520005
-6.845622,-3.2945714,-4.5521393
-6.8447185,-3.2960334,-4.552278
-6.843815,-3.2974954,-4.552417
-6.8429112,-3.2989573,-4.5525556
-6.8420076,-3.3004193,-4.5526943
-6.841104,-3.3018813,-4.552833
-6.8402004,-3.3033433,-4.552972
-6.839297,-3.3048053,-4.5531106
-6.838393,-3.3062673,-4.5532494
-6.8374896,-3.3077292,-4.553388
-6.836586,-3.3091912,-4.553527
-6.8356824,-3.3106532,-4.5536656
-6.834779,-3.3121152,-4.5538044
-6.833875,-3.3135772,-4.553943
-6.8329716,-3.3150392,-4.554082
-6.832068,-3.3165011,-4.5542207
-6.8311644,-3.3179631,-4.5543594
-6.8302608,-3.319425,-4.554498
-6.829357,-3.320887,-4.554637
-6.8284535,-3.322349,-4.5547757
-6.82755,-3.323811,-4.5549145
-6.8266463,-3.325273,-4.555053
-6.8257427,-3.326735,-4.555192
-6.824839,-3.328197,-4.5553308
-6.8239355,-3.329659,-4.5554695
-6.823032,-3.331121,-4.5556083
-6.8221583,-3.332499,-4.5557384
-6.821285,-3.333877,-4.5558686
-6.820411,-3.3352551,-4.555999
-6.8195376,-3.3366332,-4.556129
-6.818664,-3.3380113,-4.556259
-6.8177905,-3.3393893,-4.5563893
-6.816917,-3.3407674,-4.5565195
-6.8160434,-3.3421454,-4.5566497
-6.81517,-3.3435235,-4.55678
-6.8142962,-3.3449016,-4.55691
-6.8134227,-3.3462796,-4.55704
-6.812549,-3.3476577,-4.5571704
-6.8116755,-3.3490357,-4.5573006
-6.810802,-3.3504138,-4.5574307
-6.8099284,-3.3517919,-4.557561
-6.809055,-3.35317,-4.557691
-6.8081813,-3.354548,-4.5578213
-6.8073077,-3.355926,-4.5579515
-6.806434,-3.357304,-4.5580816
-6.8055606,-3.3586822,-4.558212
-6.804687,-3.3600602,-4.558342
-6.8038135,-3.3614383,-4.558472
-6.80294,-3.3628163,-4.5586023
-6.8020663,-3.3641944,-4.5587325
-6.8011928,-3.3655725,-4.5588627
-6.800319,-3.3669505,-4.558993
-6.7994456,-3.3683286,-4.559123
-6.798572,-3.3697066,-4.559253
-6.7976985,-3.3710847,-4.5593834
-6.796825,-3.3724627,-4.5595136
-6.7959514,-3.3738408,-4.5596437
-6.795078,-3.3752189,-4.559774
-6.794204,-3.376597,-4.559904
-6.7933307,-3.377975,-4.5600343
-6.792457,-3.379353,-4.5601645
-6.7915835,-3.380731,-4.5602946
-6.790605,-3.3822784,-4.5604405
-6.7896266,-3.3838258,-4.5605865
-6.788648,-3.385373,-4.5607324
-6.7876697,-3.3869205,-4.5608783
-6.786691,-3.3884678,-4.561024
-6.7857127,-3.3900151,-4.56117
-6.7847342,-3.3915625,-4.561316
-6.783756,-3.3931098,-4.561462
-6.7827773,-3.3946571,-4.561608
-6.781799,-3.3962045,-4.5617537
-6.7808204,-3.3977518,-4.5618997
-6.779842,-3.3992991,-4.5620456
-6.7788634,-3.4008465,-4.5621915
-6.777885,-3.4023938,-4.5623374
-6.7769065,-3.4039412,-4.5624833
-6.775928,-3.4054885,-4.562629
-6.7749496,-3.4070358,-4.562775
-6.773971,-3.4085832,-4.562921
-6.7729926,-3.4101305,-4.563067
-6.772014,-3.4116778,-4.563213
-6.7710357,-3.4132252,-4.563359
-6.770057,-3.4147725,-4.5635047
-6.7690787,-3.4163198,-4.5636506
-6.7681003,-3.4178672,-4.5637965
-6.767122,-3.4194145,-4.5639424
-6.7661433,-3.4209619,-4.5640883
-6.765165,-3.4225092,-4.5642343
-6.7641864,-3.4240565,-4.56438
-6.763208,-3.4256039,-4.564526
-6.7622294,-3.4271512,-4.564672
-6.761251,-3.4286985,-4.564818
-6.7602725,-3.4302459,-4.564964
-6.759294,-3.4317932,-4.5651097
-6.7583156,-3.4333405,-4.5652556
-6.7573075,-3.4350095,-4.5654144
-6.7562995,-3.4366784,-4.565573
-6.7552915,-3.4383473,-4.565732
-6.7542834,-3.4400163,-4.565891
-6.7532754,-3.4416852,-4.5660496
-6.7522674,-3.4433541,-4.5662084
-6.7512593,-3.445023,-4.566367
-6.7502513,-3.446692,-4.566526
-6.7492433,-3.448361,-4.5666847
-6.748235,-3.4500299,-4.5668435
-6.747227,-3.4516988,-4.5670023
-6.746219,-3.4533677,-4.567161
-6.745211,-3.4550366,-4.56732
-6.744203,-3.4567056,-4.5674787
-6.743195,-3.4583745,-4.5676374
-6.742187,-3.4600434,-4.567796
-6.741179,-3.4617124,-4.567955
-6.740171,-3.4633813,-4.568114
-6.739163,-3.4650502,-4.5682726
-6.738155,-3.4667192,-4.5684314
-6.737147,-3.468388,-4.56859
-6.736139,-3.470057,-4.568749
-6.735131,-3.471726,-4.5689077
-6.7341228,-3.4733949,-4.5690665
-6.7331147,-3.4750638,-4.5692253
-6.7321067,-3.4767327,-4.569384
-6.7310987,-3.4784017,-4.569543
-6.7300906,-3.4800706,-4.5697017
-6.7290826,-3.4817395,-4.5698605
-6.7280746,-3.4834085,-4.5700192
-6.7270665,-3.4850774,-4.570178
-6.7260585,-3.4867463,-4.570337
-6.7250504,-3.4884152,-4.5704956
-6.7240424,-3.4900842,-4.5706544
-6.7230344,-3.491753,-4.570813
-6.7220263,-3.493422,-4.570972
-6.721108,-3.4950194,-4.5711184
-6.7201896,-3.4966168,-4.5712647
-6.719271,-3.4982142,-4.571411
-6.718353,-3.4998116,-4.5715575
-6.7174344,-3.501409,-4.571704
-6.716516,-3.5030065,-4.5718503
-6.7155976,-3.5046039,-4.5719967
-6.7146792,-3.5062013,-4.572143
-6.713761,-3.5077987,-4.5722895
-6.7128425,-3.509396,-4.572436
-6.711924,-3.5109935,-4.5725822
-6.7110057,-3.512591,-4.5727286
-6.7100873,-3.5141883,-4.572875
-6.709169,-3.5157857,-4.5730214
-6.7082505,-3.517383,-4.573168
-6.707332,-3.5189805,-4.573314
-6.7064137,-3.520578,-4.5734606
-6.7054954,-3.5221753,-4.573607
-6.704577,-3.5237727,-4.5737534
-6.7036586,-3.5253701,-4.5738997
-6.70274,-3.5269675,-4.574046
-6.701822,-3.528565,-4.5741925
-6.7009034,-3.5301623,-4.574339
-6.699985,-3.5317597,-4.5744853
-6.6990666,-3.5333571,-4.5746317
-6.6981483,-3.5349545,-4.574778
-6.69723,-3.536552,-4.5749245
-6.6963115,-3.5381494,-4.575071
-6.695393,-3.5397468,-4.5752172
-6.6944747,-3.5413442,-4.5753636
-6.6935563,-3.5429416,-4.57551
-6.692638,-3.544539,-4.5756564
-6.6917195,-3.5461364,-4.575803
-6.690801,-3.5477338,-4.575949
-6.6898856,-3.5493884,-4.5761037
-6.68897,-3.551043,-4.576258
-6.6880546,-3.5526977,-4.5764127
-6.687139,-3.5543523,-4.576567
-6.6862235,-3.556007,-4.5767217
-6.685308,-3.5576615,-4.576876
-6.6843925,-3.5593162,-4.5770307
-6.683477,-3.5609708,-4.577185
-6.6825614,-3.5626254,-4.5773396
-6.681646,-3.56428,-4.577494
-6.6807303,-3.5659347,-4.5776486
-6.679815,-3.5675893,-4.577803
-6.6788993,-3.569244,-4.5779576
-6.6779838,-3.5708985,-4.578112
-6.677068,-3.5725532,-4.5782666
-6.6761527,-3.5742078,-4.578421
-6.675237,-3.5758624,-4.5785756
-6.6743217,-3.577517,-4.57873
-6.673406,-3.5791717,-4.5788846
-6.6724906,-3.5808263,-4.579039
-6.671575,-3.582481,-4.5791936
-6.6706595,-3.5841355,-4.579348
-6.669744,-3.5857902,-4.5795026
-6.6688285,-3.5874448,-4.579657
-6.667913,-3.5890994,-4.5798116
-6.6669974,-3.590754,-4.579966
-6.666082,-3.5924087,-4.5801206
-6.6651664,-3.5940633,-4.580275
-6.664251,-3.595718,-4.5804296
-6.6633353,-3.5973725,-4.580584
-6.66242,-3.5990272,-4.5807385
-6.6615043,-3.6006818,-4.580893
-6.6605887,-3.6023364,-4.5810475
-6.659673,-3.603991,-4.581202
-6.6588383,-3.6054754,-4.5813446
-6.6580033,-3.6069598,-4.581487
-6.6571684,-3.6084442,-4.5816298
-6.6563334,-3.6099286,-4.5817723
-6.6554985,-3.611413,-4.581915
-6.6546636,-3.6128974,-4.5820575
-6.6538286,-3.6143818,-4.5822
-6.6529937,-3.6158662,-4.5823426
-6.6521587,-3.6173506,-4.582485
-6.651324,-3.618835,-4.582628
-6.650489,-3.6203194,-4.5827703
-6.649654,-3.6218038,-4.582913
-6.648819,-3.6232882,-4.5830555
-6.647984,-3.6247725,-4.583198
-6.647149,-3.626257,-4.5833406
-6.646314,-3.6277413,-4.583483
-6.645479,-3.6292257,-4.583626
-6.6446443,-3.6307101,-4.5837684
-6.6438093,-3.6321945,-4.583911
-6.6429744,-3.633679,-4.5840535
-6.6421394,-3.6351633,-4.584196
-6.6413045,-3.6366477,-4.5843387
-6.6404696,-3.638132,-4.5844812
-6.6396346,-3.6396165,-4.584624
-6.6387997,-3.641101,-4.5847664
-6.6379647,-3.6425853,-4.584909
-6.63713,-3.6440697,-4.5850515
-6.636295,-3.645554,-4.585194
-6.63546,-3.6470385,-4.5853367
-6.634625,-3.6485229,-4.5854793
-6.6338463,-3.6499991,-4.5856247
-6.6330676,-3.6514754,-4.58577
-6.632289,-3.6529517,-4.5859156
-6.6315103,-3.654428,-4.586061
-6.6307316,-3.6559043,-4.5862064
-6.629953,-3.6573806,-4.586352
-6.629174,-3.6588569,-4.5864973
-6.6283956,-3.6603332,-4.5866427
-6.627617,-3.6618094,-4.586788
-6.626838,-3.6632857,-4.5869336
-6.6260595,-3.664762,-4.587079
-6.625281,-3.6662383,-4.5872245
-6.624502,-3.6677146,-4.58737
-6.6237235,-3.669191,-4.5875154
-6.622945,-3.6706672,-4.587661
-6.622166,-3.6721435,-4.587806
-6.6213875,-3.6736197,-4.5879517
-6.620609,-3.675096,-4.588097
-6.61983,-3.6765723,-4.5882425
-6.6190515,-3.6780486,-4.588388
-6.618273,-3.679525,-4.5885334
-6.617494,-3.6810012,-4.588679
-6.6167154,-3.6824775,-4.5888243
-6.6159368,-3.6839538,-4.5889697
-6.615158,-3.68543,-4.589115
-6.6143794,-3.6869063,-4.5892606
-6.6136007,-3.6883826,-4.589406
-6.612822,-3.689859,-4.5895514
-6.6120434,-3.6913352,-4.589697
-6.6112647,-3.6928115,-4.5898423
-6.610486,-3.6942878,-4.5899878
-6.6097074,-3.695764,-4.590133
-6.6089287,-3.6972404,-4.5902786
-6.60815,-3.6987166,-4.590424
-6.6073713,-3.700193,-4.5905695
-6.606638,-3.7015429,-4.5907025
-6.6059046,-3.7028928,-4.5908356
-6.605171,-3.7042427,-4.5909686
-6.604438,-3.7055926,-4.5911016
-6.6037045,-3.7069426,-4.5912347
-6.602971,-3.7082925,-4.5913677
-6.6022377,-3.7096424,-4.5915008
-6.6015043,-3.7109923,-4.591634
-6.600771,-3.7123423,-4.591767
-6.6000376,-3.7136922,-4.5919
-6.599304,-3.715042,-4.592033
-6.598571,-3.716392,-4.592166
-6.5978374,-3.717742,-4.592299
-6.597104,-3.719092,-4.592432
-6.5963707,-3.7204418,-4.592565
-6.5956373,-3.7217917,-4.592698
-6.594904,-3.7231417,-4.592831
-6.5941706,-3.7244916,-4.592964
-6.593437,-3.7258415,-4.593097
-6.592704,-3.7271914,-4.5932302
-6.5919704,-3.7285414,-4.5933633
-6.591237,-3.7298913,-4.5934963
-6.5905037,-3.7312412,-4.5936294
-6.5897703,-3.7325912,-4.5937624
-6.589037,-3.733941,-4.5938954
-6.5883036,-3.735291,-4.5940285
-6.58757,-3.736641,-4.5941615
-6.586837,-3.7379909,-4.5942945
-6.5861034,-3.7393408,-4.5944276
-6.58537,-3.7406907,-4.5945606
-6.5846367,-3.7420406,-4.5946937
-6.5839033,-3.7433906,-4.5948267
-6.58317,-3.7447405,-4.5949597
-6.5824366,-3.7460904,-4.595093
-6.581703,-3.7474403,-4.595226
-6.5809526,-3.748831,-4.595365
-6.580202,-3.7502217,-4.5955043
-6.5794516,-3.7516124,-4.5956435
-6.578701,-3.7530031,-4.5957828
-6.5779505,-3.7543938,-4.595922
-6.5772,-3.7557845,-4.596061
-6.5764494,-3.7571752,-4.5962005
-6.575699,-3.758566,-4.5963397
-6.5749483,-3.7599566,-4.596479
-6.574198,-3.7613473,-4.596618
-6.573447,-3.762738,-4.5967574
-6.5726967,-3.7641287,-4.5968966
-6.571946,-3.7655194,-4.597036
-6.5711956,-3.76691,-4.597175
-6.570445,-3.7683008,-4.5973144
-6.5696945,-3.7696915,-4.5974536
-6.568944,-3.7710822,-4.597593
-6.5681934,-3.7724729,-4.597732
-6.567443,-3.7738636,-4.5978713
-6.5666924,-3.7752542,-4.5980105
-6.565942,-3.776645,-4.59815
-6.5651913,-3.7780356,-4.598289
-6.5644407,-3.7794263,-4.5984282
-6.56369,-3.780817,-4.5985675
-6.5629396,-3.7822077,-4.5987067
-6.562189,-3.7835984,-4.598846
-6.5614386,-3.784989,-4.598985
-6.560688,-3.7863798,-4.5991244
-6.5599375,-3.7877705,-4.5992637
-6.559187,-3.7891612,-4.599403
-6.5584364,-3.790552,-4.599542
-6.557686,-3.7919426,-4.5996814
-6.5569353,-3.7933333,-4.5998206
-6.556185,-3.794724,-4.59996
-6.555434,-3.7961147,-4.600099
-6.5546837,-3.7975054,-4.6002383
-6.554016,-3.7987273,-4.600363
-6.5533485,-3.7999492,-4.600487
-6.552681,-3.801171,-4.6006117
-6.5520134,-3.802393,-4.600736
-6.551346,-3.8036149,-4.6008606
-6.5506783,-3.8048368,-4.600985
-6.5500107,-3.8060586,-4.6011095
-6.549343,-3.8072805,-4.601234
-6.5486755,-3.8085024,-4.6013584
-6.548008,-3.8097243,-4.601483
-6.5473404,-3.8109462,-4.6016073
-6.546673,-3.8121681,-4.601732
-6.5460052,-3.81339,-4.601856
-6.5453377,-3.814612,-4.6019807
-6.54467,-3.8158338,-4.602105
-6.5440025,-3.8170557,-4.6022296
-6.543335,-3.8182776,-4.602354
-6.5426674,-3.8194995,-4.6024785
-6.542,-3.8207214,-4.602603
-6.5413322,-3.8219433,-4.6027274
-6.5406647,-3.8231652,-4.602852
-6.539997,-3.824387,-4.6029763
-6.5393295,-3.825609,-4.603101
-6.538662,-3.8268309,-4.603225
-6.5379944,-3.8280528,-4.6033497
-6.537327,-3.8292747,-4.603474
-6.5366592,-3.8304965,-4.6035986
-6.5359917,-3.8317184,-4.603723
-6.535324,-3.8329403,-4.6038475
-6.5346565,-3.8341622,-4.603972
-6.533989,-3.8353841,-4.6040964
-6.5333214,-3.836606,-4.604221
-6.532654,-3.837828,-4.6043453
-6.531986,-3.8390498,-4.60447
-6.531262,-3.840316,-4.6046014
-6.5305376,-3.8415823,-4.604733
-6.5298133,-3.8428485,-4.6048646
-6.529089,-3.8441148,-4.604996
-6.5283647,-3.845381,-4.605128
-6.5276403,-3.8466473,-4.6052594
-6.526916,-3.8479135,-4.605391
-6.5261917,-3.8491797,-4.6055226
-6.5254674,-3.850446,-4.6056542
-6.524743,-3.8517122,-4.605786
-6.524019,-3.8529785,-4.6059175
-6.5232944,-3.8542447,-4.606049
-6.52257,-3.855511,-4.6061807
-6.521846,-3.8567772,-4.6063123
-6.5211215,-3.8580434,-4.606444
-6.520397,-3.8593097,-4.6065755
-6.519673,-3.860576,-4.606707
-6.5189486,-3.8618422,-4.6068387
-6.5182242,-3.8631084,-4.6069703
-6.5175,-3.8643746,-4.607102
-6.5167756,-3.8656409,-4.6072335
-6.5160513,-3.8669071,-4.607365
-6.515327,-3.8681734,-4.6074967
-6.5146027,-3.8694396,-4.6076283
-6.5138783,-3.8707058,-4.60776
-6.513154,-3.871972,-4.6078916
-6.5124297,-3.8732383,-4.608023
-6.5117054,-3.8745046,-4.608155
-6.510981,-3.8757708,-4.6082864
-6.510257,-3.877037,-4.608418
-6.5095325,-3.8783033,-4.6085496
-6.508808,-3.8795695,-4.608681
-6.508084,-3.8808358,-4.608813
-6.5073595,-3.882102,-4.6089444
-6.506635,-3.8833683,-4.609076
-6.505981,-3.8845282,-4.609194
-6.5053267,-3.885688,-4.6093116
-6.5046725,-3.886848,-4.6094294
-6.5040183,-3.8880079,-4.609547
-6.503364,-3.8891678,-4.609665
-6.50271,-3.8903277,-4.6097827
-6.5020556,-3.8914876,-4.6099005
-6.5014014,-3.8926475,-4.6100183
-6.500747,-3.8938074,-4.610136
-6.500093,-3.8949673,-4.610254
-6.499439,-3.8961272,-4.6103716
-6.4987845,-3.8972871,-4.6104894
-6.4981303,-3.898447,-4.610607
-6.497476,-3.899607,-4.610725
-6.496822,-3.9007668,-4.6108427
-6.4961677,-3.9019268,-4.6109605
-6.4955134,-3.9030867,-4.6110783
-6.494859,-3.9042466,-4.611196
-6.494205,-3.9054065,-4.611314
-6.493551,-3.9065664,-4.6114316
-6.4928966,-3.9077263,-4.6115494
-6.4922423,-3.9088862,-4.611667
-6.491588,-3.910046,-4.611785
-6.490934,-3.911206,-4.6119027
-6.4902797,-3.912366,-4.6120205
-6.4896255,-3.9135258,-4.6121383
-6.488971,-3.9146857,-4.612256
-6.488317,-3.9158456,-4.612374
-6.487663,-3.9170055,-4.6124916
-6.4870086,-3.9181654,-4.6126094
-6.4863544,-3.9193254,-4.612727
-6.4857,-3.9204853,-4.612845
-6.485046,-3.9216452,-4.6129627
-6.4843917,-3.922805,-4.6130805
-6.4837375,-3.923965,-4.6131983
-6.4831004,-3.9251032,-4.6133113
-6.4824634,-3.9262414,-4.6134243
-6.4818263,-3.9273796,-4.6135373
-6.4811893,-3.9285178,-4.6136503
-6.480552,-3.929656,-4.6137633
-6.479915,-3.9307942,-4.6138763
-6.479278,-3.9319324,-4.6139894
-6.478641,-3.9330707,-4.6141024
-6.478004,-3.9342089,-4.6142154
-6.477367,-3.935347,-4.6143284
-6.47673,-3.9364853,-4.6144414
-6.476093,-3.9376235,-4.6145544
-6.4754558,-3.9387617,-4.6146674
-6.4748187,-3.9399,-4.6147804
-6.4741817,-3.9410381,-4.6148934
-6.4735446,-3.9421763,-4.6150064
-6.4729075,-3.9433146,-4.6151195
-6.4722705,-3.9444528,-4.6152325
-6.4716334,-3.945591,-4.6153455
-6.4709964,-3.9467292,-4.6154585
-6.4703593,-3.9478674,-4.6155715
-6.4697223,-3.9490056,-4.6156845
-6.469085,-3.9501438,-4.6157975
-6.468448,-3.951282,-4.6159105
-6.467811,-3.9524202,-4.6160235
-6.467174,-3.9535584,-4.6161366
-6.466537,-3.9546967,-4.6162496
-6.4659,-3.9558349,-4.6163626
-6.465263,-3.956973,-4.6164756
-6.464626,-3.9581113,-4.6165886
-6.463989,-3.9592495,-4.6167016
-6.4633517,-3.9603877,-4.6168146
-6.4627147,-3.961526,-4.6169276
-6.4620776,-3.9626641,-4.6170406
-6.4615264,-3.9636538,-4.6171412
-6.460975,-3.9646435,-4.617242
-6.460424,-3.9656332,-4.6173425
-6.4598727,-3.9666228,-4.617443
-6.4593215,-3.9676125,-4.6175437
-6.4587703,-3.9686022,-4.6176443
-6.458219,-3.9695919,-4.617745
-6.457668,-3.9705815,-4.6178455
-6.4571166,-3.9715712,-4.617946
-6.4565654,-3.972561,-4.6180468
-6.456014,-3.9735506,-4.6181474
-6.455463,-3.9745402,-4.618248
-6.4549117,-3.97553,-4.6183486
-6.4543605,-3.9765196,-4.618449
-6.4538093,-3.9775093,-4.61855
-6.453258,-3.978499,-4.6186504
-6.452707,-3.9794886,-4.618751
-6.4521556,-3.9804783,-4.6188517
-6.4516044,-3.981468,-4.6189523
-6.451053,-3.9824576,-4.619053
-6.450502,-3.9834473,-4.6191535
-6.4499507,-3.984437,-4.619254
-6.4493995,-3.9854267,-4.6193547
-6.4488482,-3.9864163,-4.6194553
-6.448297,-3.987406,-4.619556
-6.447746,-3.9883957,-4.6196566
-6.4471946,-3.9893854,-4.619757
-6.4466434,-3.990375,-4.619858
-6.446092,-3.9913647,-4.6199584
-6.445541,-3.9923544,-4.620059
-6.444985,-3.993285,-4.6201534
-6.444429,-3.9942155,-4.620248
-6.443873,-3.995146,-4.6203423
-6.443317,-3.9960766,-4.6204367
-6.442761,-3.9970071,-4.620531
-6.442205,-3.9979377,-4.6206255
-6.441649,-3.9988682,-4.62072
-6.441093,-3.9997988,-4.6208143
-6.440537,-4.000729,-4.6209087
-6.439981,-4.0016594,-4.621003
-6.439425,-4.0025897,-4.6210976
-6.438869,-4.00352,-4.621192
-6.438313,-4.0044503,-4.6212864
-6.437757,-4.0053806,-4.621381
-6.437201,-4.006311,-4.621475
-6.436645,-4.0072412,-4.6215696
-6.436089,-4.0081716,-4.621664
-6.435533,-4.009102,-4.6217585
-6.434977,-4.010032,-4.621853
-6.434421,-4.0109625,-4.6219473
-6.433865,-4.011893,-4.6220417
-6.433309,-4.012823,-4.622136
-6.432753,-4.0137534,-4.6222305
-6.432197,-4.0146837,-4.622325
-6.431641,-4.015614,-4.6224194
-6.431085,-4.0165443,-4.622514
-6.430529,-4.0174747,-4.622608
-6.429973,-4.018405,-4.6227026
-6.429417,-4.0193353,-4.622797
-6.428861,-4.0202656,-4.6228914
-6.428305,-4.021196,-4.622986
-6.427749,-4.022126,-4.6230803
-6.427193,-4.0230565,-4.6231747
-6.426637,-4.023987,-4.623269
-6.4256577,-4.0255547,-4.623437
-6.4246783,-4.0271225,-4.623605
-6.423699,-4.0286903,-4.6237726
-6.4227195,-4.030258,-4.6239405
-6.42174,-4.031826,-4.6241083
-6.4207606,-4.033394,-4.624276
-6.419781,-4.0349617,-4.624444
-6.418802,-4.0365295,-4.624612
-6.4178224,-4.0380974,-4.6247797
-6.416843,-4.039665,-4.6249475
-6.4158635,-4.041233,-4.6251154
-6.414884,-4.042801,-4.6252832
-6.4139047,-4.0443687,-4.625451
-6.4129252,-4.0459366,-4.625619
-6.411946,-4.0475044,-4.625787
-6.4109664,-4.0490723,-4.6259546
-6.409987,-4.05064,-4.6261225
-6.4090075,-4.052208,-4.6262903
-6.4080215,-4.0536966,-4.6264534
-6.4070354,-4.0551853,-4.6266165
-6.4060493,-4.056674,-4.6267796
-6.405063,-4.0581627,-4.6269426
-6.404077,-4.0596514,-4.6271057
-6.403091,-4.06114,-4.627269
-6.402105,-4.0626287,-4.627432
-6.4011188,-4.0641174,-4.627595
-6.4001327,-4.065606,-4.627758
-6.3991466,-4.067095,-4.627921
-6.3981605,-4.0685835,-4.628084
-6.3971744,-4.070072,-4.6282473
-6.3961883,-4.071561,-4.6284103
-6.395202,-4.0730495,-4.6285734
-6.394216,-4.074538,-4.6287365
-6.39323,-4.076027,-4.6288996
-6.392244,-4.0775156,-4.6290627
-6.3913913,-4.0787125,-4.629197
-6.3905387,-4.0799093,-4.6293316
-6.389686,-4.081106,-4.629466
-6.3888335,-4.082303,-4.6296005
-6.387981,-4.0835,-4.629735
-6.3871284,-4.084697,-4.6298695
-6.386276,-4.0858936,-4.630004
-6.385423,-4.0870905,-4.6301384
-6.3845706,-4.0882874,-4.630273
-6.383718,-4.089484,-4.6304073
-6.3828654,-4.090681,-4.630542
-6.382013,-4.091878,-4.6306763
-6.3811603,-4.093075,-4.6308107
-6.3803077,-4.0942717,-4.630945
-6.379455,-4.0954685,-4.6310797
-6.3786025,-4.0966654,-4.631214
-6.37775,-4.0978622,-4.6313486
-6.3768973,-4.099059,-4.631483
-6.3760076,-4.100299,-4.6316195
-6.375118,-4.1015387,-4.631756
-6.374228,-4.1027784,-4.631892
-6.373338,-4.104018,-4.6320286
-6.3724484,-4.105258,-4.632165
-6.3715587,-4.106498,-4.6323013
-6.370669,-4.1077375,-4.6324377
-6.369779,-4.1089773,-4.632574
-6.3688893,-4.110217,-4.6327105
-6.3679996,-4.111457,-4.632847
-6.36711,-4.1126966,-4.632983
-6.36622,-4.1139364,-4.6331196
-6.36533,-4.115176,-4.633256
-6.3644404,-4.116416,-4.6333923
-6.3635507,-4.1176558,-4.6335287
-6.362661,-4.1188955,-4.633665
-6.361771,-4.1201353,-4.6338015
-6.3608403,-4.121377,-4.633937
-6.3599095,-4.1226187,-4.6340723
-6.3589787,-4.1238604,-4.6342077
-6.358048,-4.125102,-4.634343
-6.357117,-4.1263437,-4.6344786
-6.3561864,-4.1275854,-4.634614
-6.3552556,-4.128827,-4.6347494
-6.354325,-4.130069,-4.634885
-6.353394,-4.1313105,-4.6350203
-6.3524632,-4.132552,-4.6351557
-6.3515325,-4.133794,-4.635291
-6.3506017,-4.1350355,-4.6354265
-6.349671,-4.136277,-4.635562
-6.34874,-4.137519,-4.6356974
-6.3478093,-4.1387606,-4.635833
-6.3468785,-4.1400023,-4.635968
-6.3459477,-4.141244,-4.6361036
-6.345017,-4.1424856,-4.636239
-6.3440366,-4.14365,-4.636366
-6.343056,-4.1448145,-4.6364927
-6.342076,-4.145979,-4.6366196
-6.3410954,-4.1471434,-4.6367464
-6.340115,-4.148308,-4.6368732
-6.3391347,-4.149472,-4.637
-6.3381543,-4.1506367,-4.637127
-6.337174,-4.151801,-4.6372538
-6.3361936,-4.1529655,-4.6373806
-6.335213,-4.15413,-4.6375074
-6.334233,-4.1552944,-4.6376343
-6.3332524,-4.156459,-4.637761
-6.332272,-4.1576233,-4.637888
-6.3312917,-4.1587877,-4.638015
-6.3303113,-4.159952,-4.6381416
-6.329331,-4.1611166,-4.6382685
-6.3283505,-4.162281,-4.6383953
-6.327311,-4.16347,-4.6385255
-6.3262124,-4.164683,-4.638659
-6.325114,-4.165896,-4.6387925
-6.324015,-4.167109,-4.638926
-6.3229165,-4.168322,-4.6390595
-6.321818,-4.169535,-4.639193
-6.3207192,-4.170748,-4.6393266
-6.3196206,-4.1719613,-4.63946
-6.318522,-4.1731744,-4.6395936
-6.3174233,-4.1743875,-4.639727
-6.3163247,-4.1756005,-4.6398606
-6.315226,-4.1768136,-4.639994
-6.3141274,-4.1780267,-4.6401277
-6.313029,-4.1792397,-4.640261
-6.31193,-4.180453,-4.6403947
-6.310903,-4.181577,-4.6405225
-6.309876,-4.1827016,-4.6406503
-6.308849,-4.183826,-4.640778
-6.3078218,-4.1849504,-4.640906
-6.3067946,-4.1860747,-4.6410336
-6.3057675,-4.187199,-4.6411614
-6.3047404,-4.1883235,-4.641289
-6.3037133,-4.189448,-4.641417
-6.302686,-4.1905723,-4.641545
-6.301659,-4.1916966,-4.6416726
-6.300632,-4.192821,-4.6418004
-6.299605,-4.1939454,-4.641928
-6.298578,-4.19507,-4.642056
-6.2975507,-4.196194,-4.642184
-6.2965236,-4.1973186,-4.6423116
-6.2954965,-4.198443,-4.6424394
-6.2944694,-4.1995673,-4.642567
-6.293554,-4.200601,-4.6426883
-6.2926383,-4.201635,-4.6428094
-6.291723,-4.2026687,-4.6429305
-6.2908072,-4.2037024,-4.6430516
-6.2898917,-4.204736,-4.6431727
-6.288976,-4.20577,-4.643294
-6.2880607,-4.206804,-4.643415
-6.287145,-4.2078376,-4.643536
-6.2862296,-4.2088714,-4.643657
-6.285314,-4.209905,-4.6437783
-6.2843986,-4.210939,-4.6438994
-6.283483,-4.2119727,-4.6440206
-6.2825675,-4.2130065,-4.6441417
-6.281652,-4.2140403,-4.644263
-6.2807364,-4.215074,-4.644384
-6.279821,-4.216108,-4.644505
-6.2789054,-4.2171416,-4.644626
-6.27799,-4.2181754,-4.6447473
-6.2771792,-4.2190394,-4.6448503
-6.2763686,-4.2199035,-4.6449533
-6.275558,-4.2207675,-4.6450562
-6.2747474,-4.2216315,-4.6451592
-6.2739367,-4.2224956,-4.6452622
-6.273126,-4.2233596,-4.645365
-6.2723155,-4.2242236,-4.645468
-6.271505,-4.2250876,-4.645571
-6.2706943,-4.2259517,-4.645674
-6.2698836,-4.2268157,-4.645777
-6.269073,-4.2276797,-4.64588
-6.2682624,-4.2285438,-4.645983
-6.267452,-4.229408,-4.646086
-6.266641,-4.230272,-4.646189
-6.2658305,-4.231136,-4.646292
-6.26502,-4.232,-4.646395
-6.2642093,-4.232864,-4.646498
-6.263397,-4.2337084,-4.6465974
-6.2625837,-4.2345333,-4.6466928
-6.2617702,-4.235358,-4.646788
-6.260957,-4.236183,-4.6468835
-6.2601433,-4.237008,-4.646979
-6.25933,-4.237833,-4.647074
-6.2585163,-4.238658,-4.6471696
-6.257703,-4.239483,-4.647265
-6.2568893,-4.240308,-4.6473603
-6.256076,-4.2411327,-4.6474557
-6.2552624,-4.2419577,-4.647551
-6.254449,-4.2427826,-4.6476464
-6.2536354,-4.2436075,-4.647742
-6.252822,-4.2444324,-4.647837
-6.2520084,-4.2452574,-4.6479325
-6.251195,-4.2460823,-4.648028
-6.2503815,-4.246907,-4.6481233
-6.249645,-4.2477055,-4.6482134
-6.2489862,-4.248477,-4.6482983
-6.2483273,-4.2492485,-4.648383
-6.2476683,-4.25002,-4.648468
-6.2470093,-4.2507915,-4.648553
-6.2463503,-4.251563,-4.648638
-6.2456913,-4.2523346,-4.6487226
-6.2450323,-4.253106,-4.6488075
-6.2443733,-4.2538776,-4.6488924
-6.2437143,-4.254649,-4.6489773
-6.2430553,-4.2554207,-4.649062
-6.2423964,-4.256192,-4.649147
-6.2417374,-4.2569637,-4.649232
-6.2410784,-4.2577353,-4.649317
-6.2404194,-4.258507,-4.6494017
-6.2397604,-4.2592783,-4.6494865
-6.2391014,-4.26005,-4.6495714
-6.2384424,-4.2608213,-4.6496563
-6.237805,-4.261611,-4.649742
-6.237189,-4.2624187,-4.649829
-6.2365727,-4.2632265,-4.6499157
-6.2359567,-4.2640343,-4.6500025
-6.2353406,-4.264842,-4.6500893
-6.2347245,-4.26565,-4.650176
-6.2341084,-4.2664576,-4.650263
-6.2334924,-4.2672653,-4.6503496
-6.2328763,-4.268073,-4.6504364
-6.23226,-4.268881,-4.650523
-6.231644,-4.2696886,-4.65061
-6.231028,-4.2704964,-4.6506968
-6.230412,-4.271304,-4.6507835
-6.229796,-4.272112,-4.6508703
-6.22918,-4.2729197,-4.650957
-6.228564,-4.2737274,-4.651044
-6.2279477,-4.274535,-4.6511307
-6.227061,-4.275705,-4.651255
-6.2261925,-4.2768536,-4.6513767
-6.225324,-4.2780023,-4.6514983
-6.224456,-4.279151,-4.65162
-6.2235875,-4.2802997,-4.6517415
-6.222719,-4.2814484,-4.651863
-6.221851,-4.282597,-4.6519847
-6.2209826,-4.283746,-4.6521063
-6.220114,-4.2848945,-4.652228
-6.219246,-4.286043,-4.6523495
-6.2183776,-4.287192,-4.652471
-6.2175093,-4.2883406,-4.6525927
-6.2167134,-4.2894025,-4.6527057
-6.215954,-4.290421,-4.6528144
-6.215194,-4.2914395,-4.652923
-6.2144346,-4.292458,-4.653032
-6.213675,-4.2934766,-4.6531405
-6.2129154,-4.294495,-4.6532493
-6.212156,-4.2955136,-4.653358
-6.211396,-4.296532,-4.6534667
-6.2106366,-4.2975507,-4.6535754
-6.2099285,-4.2984653,-4.6536746
-6.2091217,-4.2994075,-4.6537814
-6.208315,-4.3003497,-4.653888
-6.207508,-4.301292,-4.653995
-6.2067013,-4.302234,-4.654102
-6.2058945,-4.3031764,-4.6542087
-6.2050877,-4.3041186,-4.6543155
-6.204281,-4.305061,-4.6544223
-6.203474,-4.306003,-4.654529
-6.2027225,-4.306881,-4.6546288
-6.2019906,-4.307737,-4.6547265
-6.2012587,-4.308593,-4.6548243
-6.2005267,-4.3094487,-4.654922
-6.199795,-4.3103046,-4.6550198
-6.199063,-4.3111606,-4.6551175
-6.198331,-4.3120165,-4.6552153
-6.197677,-4.312846,-4.6553082
-6.197105,-4.313689,-4.6554
-6.1965327,-4.3145323,-4.6554914
-6.1959605,-4.3153753,-4.655583
-6.1953883,-4.3162184,-4.6556745
-6.1947293,-4.3170104,-4.655762
-6.1940684,-4.317783,-4.655848
-6.1930804,-4.3180313,-4.6559086
-6.1924973,-4.318903,-4.6559944
-6.1920795,-4.319887,-4.6560745
-6.191662,-4.3208714,-4.6561546
-6.191085,-4.321867,-4.6562424
-6.1904407,-4.322748,-4.656326
-6.1897964,-4.3236294,-4.6564093
-6.1891522,-4.3245106,-4.6564927
-6.188508,-4.325392,-4.656576
-6.187893,-4.326391,-4.6566668
-6.187354,-4.327326,-4.65675
-6.1868153,-4.3282604,-4.6568336
-6.1862764,-4.329195,-4.656917
-6.1857376,-4.3301296,-4.6570005
-6.185199,-4.331064,-4.657084
-6.18466,-4.331999,-4.6571674
-6.1840696,-4.3330564,-4.657261
-6.18357,-4.333968,-4.657341
-6.18307,-4.33488,-4.657421
-6.1825705,-4.3357916,-4.657501
-6.1820707,-4.3367033,-4.6575813
-6.181571,-4.337615,-4.6576614
-6.1810713,-4.3385267,-4.6577415
-6.1805716,-4.3394384,-4.6578217
-6.180072,-4.34035,-4.657902
-6.1796308,-4.3412776,-4.657983
-6.1791897,-4.342205,-4.658064
-6.1787486,-4.3431325,-4.658145
-6.1783075,-4.34406,-4.658226
-6.1778665,-4.3449874,-4.658307
-6.1774254,-4.345915,-4.658388
-6.1769843,-4.3468423,-4.658469
-6.176461,-4.3477716,-4.65856
-6.175954,-4.3486395,-4.6586466
-6.1753664,-4.349471,-4.6587343
-6.1750593,-4.3504295,-4.6588187
-6.1746235,-4.351388,-4.658906
-6.1741095,-4.3523893,-4.6589994
-6.1735954,-4.3533907,-4.659093
-6.1730814,-4.354392,-4.6591864
-6.1725674,-4.3553934,-4.65928
-6.171973,-4.356435,-4.659381
-6.1714525,-4.357333,-4.6594687
-6.170932,-4.3582315,-4.6595564
-6.170411,-4.35913,-4.659644
-6.1698904,-4.3600283,-4.659732
-6.1693697,-4.3609266,-4.6598196
-6.168849,-4.361825,-4.6599073
-6.1683283,-4.3627234,-4.659995
-6.1678076,-4.3636217,-4.660083
-6.1671305,-4.364684,-4.6601954
-6.1664534,-4.3657465,-4.660308
-6.1657763,-4.366809,-4.6604204
-6.165099,-4.3678713,-4.660533
-6.164422,-4.3689337,-4.6606455
-6.163745,-4.369996,-4.660758
-6.1631236,-4.3709564,-4.6608605
-6.1624427,-4.3719378,-4.6609693
-6.1617618,-4.372919,-4.661078
-6.161081,-4.3739004,-4.6611867
-6.1604,-4.3748817,-4.6612954
-6.159719,-4.375863,-4.661404
-6.159074,-4.3767433,-4.661504
-6.1582966,-4.377368,-4.6615944
-6.1575193,-4.3779926,-4.661685
-6.156742,-4.3786173,-4.6617756
-6.1560116,-4.379318,-4.661875
-6.155325,-4.3800564,-4.661978
-6.154335,-4.3803296,-4.6620574
-6.1532993,-4.3804855,-4.6621265
-6.1523533,-4.3808365,-4.662203
-6.1514072,-4.3811874,-4.662279
-6.150461,-4.3815384,-4.6623554
-6.149515,-4.3818893,-4.6624317
-6.148506,-4.38218,-4.662505
-6.147477,-4.3824716,-4.6625795
-6.146537,-4.382941,-4.6626625
-6.1455984,-4.38345,-4.6627483
-6.14466,-4.3839593,-4.662834
-6.1437216,-4.3844686,-4.66292
-6.142783,-4.384978,-4.663006
-6.1418447,-4.385487,-4.6630917
-6.1410236,-4.386068,-4.6631784
-6.1402025,-4.3866487,-4.663265
-6.139387,-4.3873496,-4.6633606
-6.138695,-4.3880877,-4.663452
-6.1380024,-4.388826,-4.6635437
-6.137186,-4.389507,-4.6636376
-6.136365,-4.3900876,-4.6637244
-6.1355653,-4.390708,-4.6638136
-6.13487,-4.391446,-4.663908
-6.134049,-4.392027,-4.663995
