2.2065983,-5.723438,1.1211615
2.2059307,-5.723724,1.1218648
2.204978,-5.723436,1.1220105
2.2041578,-5.7235675,1.1226083
2.2033653,-5.723724,1.1232224
2.2024016,-5.723532,1.1234939
2.2017102,-5.7229123,1.1230886
2.2008076,-5.7224746,1.1230243
2.1998563,-5.722241,1.1232371
2.1989136,-5.7218204,1.1232128
2.1979704,-5.7213817,1.1231662
2.1970153,-5.721003,1.1232007
2.196072,-5.7205644,1.123154
2.195129,-5.7201257,1.1231074
2.1941857,-5.719687,1.1230608
2.1932425,-5.7192483,1.1230142
2.192511,-5.7186456,1.1226541
2.1918197,-5.7180257,1.1222517
2.1909685,-5.7175117,1.1220623
2.1902592,-5.7168875,1.1216509
2.18955,-5.7162633,1.1212395
2.1888406,-5.715639,1.1208282
2.187986,-5.715094,1.1205931
2.1872346,-5.714448,1.1201775
2.1865385,-5.713833,1.1197722
2.1858423,-5.7132177,1.1193669
2.185146,-5.7126026,1.1189616
2.18445,-5.7119875,1.1185563
2.1836882,-5.711401,1.1182213
2.1828046,-5.7107954,1.1179242
2.1819334,-5.7101846,1.1176131
2.1810622,-5.709571,1.117302
2.180191,-5.708957,1.1169908
2.1793199,-5.7083435,1.1166797
2.1784487,-5.70773,1.1163685
2.1775775,-5.707116,1.1160574
2.1767893,-5.7065587,1.1157727
2.176015,-5.705998,1.115474
2.1752381,-5.7053466,1.1150644
2.1744604,-5.704659,1.1146104
2.1736827,-5.7039714,1.1141565
2.1728778,-5.703277,1.1137087
2.172048,-5.7026477,1.1133568
2.1712184,-5.7020183,1.1130049
2.1703887,-5.701389,1.112653
2.169559,-5.7007594,1.1123011
2.1687293,-5.70013,1.1119492
2.1678996,-5.6995006,1.1115973
2.16707,-5.698871,1.1112454
2.1662402,-5.6982417,1.1108935
2.1654377,-5.697619,1.1105354
2.16466,-5.6969314,1.1100814
2.1638281,-5.6962476,1.1096623
2.1629972,-5.695599,1.109288
2.1621935,-5.694939,1.1088855
2.1614306,-5.694262,1.1084409
2.1606677,-5.693585,1.1079962
2.1599047,-5.692908,1.1075516
2.1591418,-5.6922307,1.1071069
2.1583788,-5.6915536,1.1066623
2.157616,-5.6908765,1.1062176
2.156853,-5.6901994,1.105773
2.15609,-5.6895223,1.1053283
2.155327,-5.688845,1.1048837
2.1545641,-5.688168,1.104439
2.1537044,-5.6874027,1.1039381
2.152928,-5.6867104,1.1034861
2.1521518,-5.686018,1.103034
2.1513755,-5.6853256,1.102582
2.1505992,-5.6846333,1.1021299
2.149823,-5.683941,1.1016779
2.1491282,-5.68327,1.1012073
2.1484606,-5.682606,1.1007304
2.147793,-5.6819425,1.1002536
2.1471255,-5.6812787,1.0997767
2.146458,-5.680615,1.0992999
2.1457903,-5.679951,1.0988231
2.1451228,-5.6792874,1.0983462
2.1444552,-5.6786237,1.0978694
2.1437876,-5.67796,1.0973926
2.14312,-5.677296,1.0969157
2.1424525,-5.6766324,1.0964389
2.141785,-5.6759686,1.095962
2.1411173,-5.675305,1.0954852
2.1404088,-5.674622,1.0950063
2.1395772,-5.673882,1.0945214
2.1387455,-5.673142,1.0940365
2.137914,-5.672402,1.0935515
2.1371348,-5.671641,1.0930089
2.1363556,-5.67088,1.0924662
2.1355765,-5.670119,1.0919236
2.1347973,-5.669358,1.091381
2.1340182,-5.6685967,1.0908383
2.133239,-5.6678357,1.0902957
2.1324599,-5.6670747,1.089753
2.1316807,-5.6663136,1.0892104
2.1309016,-5.6655526,1.0886678
2.1301224,-5.6647916,1.0881251
2.1293433,-5.6640306,1.0875825
2.1285641,-5.6632695,1.0870398
2.127785,-5.6625085,1.0864972
2.1269784,-5.661741,1.0859604
2.1260896,-5.660953,1.0854411
2.1252007,-5.6601653,1.0849218
2.124312,-5.6593776,1.0844026
2.123423,-5.65859,1.0838833
2.1225343,-5.657802,1.083364
2.1218405,-5.6571865,1.0829583
2.121133,-5.6565585,1.0825446
2.1204257,-5.6559305,1.0821308
2.1197183,-5.6553025,1.081717
2.119011,-5.6546745,1.0813032
2.1183035,-5.6540465,1.0808895
2.1175961,-5.6534185,1.0804757
2.1168888,-5.6527905,1.0800619
2.1161814,-5.6521626,1.0796481
2.115474,-5.6515346,1.0792344
2.1147666,-5.6509066,1.0788206
2.1140592,-5.6502786,1.0784068
2.1133518,-5.6496506,1.077993
2.1126444,-5.6490226,1.0775793
2.111937,-5.6483946,1.0771655
2.1112297,-5.6477666,1.0767517
2.1105223,-5.6471386,1.0763379
2.109815,-5.6465106,1.0759242
2.1089106,-5.645714,1.0753955
2.1080198,-5.64493,1.0748748
2.107129,-5.644146,1.074354
2.1062384,-5.643362,1.0738333
2.1053476,-5.642578,1.0733126
2.1045403,-5.6418676,1.0728406
2.1038165,-5.6412306,1.0724171
2.1030927,-5.6405935,1.0719937
2.1023688,-5.6399565,1.0715703
2.101645,-5.6393194,1.0711468
2.1009212,-5.6386824,1.0707234
2.1001973,-5.6380453,1.0703
2.0994735,-5.6374083,1.0698766
2.0987496,-5.636771,1.0694531
2.0980258,-5.636134,1.0690297
2.097302,-5.635497,1.0686063
2.0965781,-5.63486,1.0681828
2.0958543,-5.634223,1.0677594
2.095076,-5.6335726,1.0673481
2.0942435,-5.632909,1.066949
2.093411,-5.632245,1.0665499
2.0925784,-5.6315813,1.0661508
2.0916772,-5.630873,1.0657336
2.090776,-5.630165,1.0653163
2.0898747,-5.629457,1.0648991
2.0889735,-5.628749,1.0644819
2.0880723,-5.628041,1.0640646
2.087171,-5.6273327,1.0636474
2.0862699,-5.6266246,1.0632302
2.0853686,-5.6259165,1.0628129
2.0844674,-5.6252084,1.0623957
2.0835662,-5.6245003,1.0619785
2.0828176,-5.6239095,1.0616283
2.081986,-5.6232457,1.0612292
2.0811543,-5.622582,1.0608301
2.0802941,-5.621857,1.0603702
2.0793667,-5.6210856,1.0598928
2.0784264,-5.620319,1.0594298
2.077486,-5.619552,1.0589668
2.0765457,-5.6187854,1.0585037
2.0756054,-5.6180186,1.0580407
2.074665,-5.617252,1.0575777
2.0737247,-5.616485,1.0571147
2.0727844,-5.6157184,1.0566517
2.071844,-5.6149516,1.0561887
2.0709038,-5.614185,1.0557257
2.0699635,-5.613418,1.0552627
2.0690231,-5.6126513,1.0547997
2.0680828,-5.6118846,1.0543367
2.0671277,-5.611088,1.053843
2.066378,-5.6104226,1.0534039
2.0656285,-5.6097574,1.0529647
2.064879,-5.609092,1.0525255
2.0641017,-5.608403,1.0520699
2.0633106,-5.6077023,1.051606
2.0625196,-5.6070013,1.0511422
2.0617285,-5.6063004,1.0506784
2.0609374,-5.6055994,1.0502145
2.0601463,-5.6048985,1.0497507
2.0593553,-5.6041975,1.0492868
2.0585363,-5.603472,1.0488067
2.0576615,-5.6026983,1.0482938
2.0567868,-5.6019244,1.047781
2.055912,-5.6011505,1.0472682
2.0550373,-5.6003766,1.0467553
2.0541625,-5.5996027,1.0462425
2.0532877,-5.598829,1.0457296
2.052413,-5.598055,1.0452168
2.0515382,-5.597281,1.044704
2.0506635,-5.596507,1.0441911
2.0497887,-5.595733,1.0436783
2.048914,-5.5949593,1.0431654
2.0480392,-5.5941854,1.0426526
2.0471644,-5.5934114,1.0421398
2.0462897,-5.5926375,1.0416269
2.045415,-5.5918636,1.0411141
2.0445402,-5.5910897,1.0406013
2.0436654,-5.590316,1.0400884
2.0428324,-5.5895786,1.0395999
2.0420828,-5.588915,1.03916
2.0413332,-5.588251,1.0387201
2.0405836,-5.5875874,1.0382802
2.0397506,-5.58685,1.0377913
2.0388758,-5.5860763,1.0372777
2.038001,-5.5853024,1.0367641
2.0371263,-5.5845284,1.0362506
2.0362515,-5.5837545,1.035737
2.0353768,-5.5829806,1.0352235
2.034502,-5.5822067,1.0347099
2.0336273,-5.581433,1.0341964
2.0327525,-5.580659,1.0336828
2.0318778,-5.579885,1.0331693
2.031003,-5.579111,1.0326557
2.0301282,-5.578337,1.0321422
2.0292535,-5.5775633,1.0316286
2.0283787,-5.5767894,1.031115
2.027504,-5.5760155,1.0306015
2.0266292,-5.5752416,1.030088
2.0257545,-5.5744677,1.0295744
2.0248797,-5.5736938,1.0290608
2.024005,-5.57292,1.0285473
2.0231302,-5.572146,1.0280337
2.0222554,-5.571372,1.0275202
2.021367,-5.5705857,1.0269985
2.0204656,-5.5697865,1.0264689
2.0195923,-5.569011,1.0259557
2.018719,-5.568236,1.0254425
2.0178456,-5.5674605,1.0249293
2.0169723,-5.566685,1.0244161
2.016099,-5.56591,1.0239029
2.0152256,-5.5651345,1.0233897
2.0143523,-5.564359,1.0228765
2.0133545,-5.5634723,1.02229
2.0123568,-5.5625854,1.0217035
2.011359,-5.5616984,1.021117
2.0103612,-5.5608115,1.0205305
2.0093634,-5.5599246,1.019944
2.0083656,-5.5590377,1.0193574
2.0073678,-5.558151,1.0187709
2.00637,-5.557264,1.0181844
2.0053723,-5.556377,1.0175979
2.0043745,-5.55549,1.0170114
2.0033767,-5.554603,1.0164249
2.002379,-5.553716,1.0158384
2.0013812,-5.5528293,1.0152519
2.0003834,-5.5519423,1.0146654
1.9993856,-5.5510554,1.0140789
1.9983878,-5.5501685,1.0134923
1.99739,-5.5492816,1.0129058
1.9963923,-5.5483947,1.0123193
1.9956717,-5.547754,1.0118959
1.9949522,-5.547112,1.011473
1.9942327,-5.54647,1.01105
1.9935131,-5.5458283,1.010627
1.9927936,-5.5451865,1.0102041
1.992074,-5.5445447,1.0097811
1.9913545,-5.543903,1.0093582
1.9906349,-5.543261,1.0089352
1.9899154,-5.542619,1.0085123
1.9891958,-5.5419774,1.0080893
1.9884763,-5.5413356,1.0076663
1.9877567,-5.5406938,1.0072434
1.9870372,-5.540052,1.0068204
1.9863176,-5.53941,1.0063975
1.9855981,-5.5387683,1.0059745
1.9848785,-5.5381265,1.0055516
1.984159,-5.5374846,1.0051286
1.9832052,-5.536632,1.0045679
1.9822514,-5.5357795,1.0040071
1.9812976,-5.534927,1.0034463
1.9803438,-5.5340743,1.0028856
1.97939,-5.5332217,1.0023248
1.9784362,-5.532369,1.001764
1.9774824,-5.5315166,1.0012033
1.9765286,-5.530664,1.0006425
1.9755749,-5.5298114,1.0000818
1.974621,-5.528959,0.999521
1.9736673,-5.528106,0.99896026
1.9727135,-5.5272536,0.9983995
1.9717597,-5.526401,0.99783874
1.9708059,-5.5255485,0.997278
1.9698521,-5.524696,0.9967172
1.9688983,-5.5238433,0.99615645
1.9679445,-5.5229907,0.9955957
1.9669907,-5.522138,0.99503493
1.9660759,-5.52127,0.9944307
1.9651611,-5.5204015,0.9938265
1.9642463,-5.519533,0.9932223
1.9633315,-5.518665,0.9926181
1.9624448,-5.5178576,0.99207455
1.9615722,-5.517081,0.99156135
1.9606996,-5.516304,0.99104816
1.959827,-5.5155272,0.99053496
1.9589543,-5.5147505,0.99002177
1.9580817,-5.5139737,0.98950857
1.9572091,-5.513197,0.9889954
1.9563365,-5.51242,0.9884822
1.9554639,-5.5116434,0.987969
1.9545913,-5.5108666,0.9874558
1.9537187,-5.51009,0.9869426
1.952846,-5.509313,0.9864294
1.9519734,-5.5085363,0.9859162
1.9511008,-5.5077596,0.985403
1.9502282,-5.506983,0.9848898
1.9493556,-5.506206,0.9843766
1.948483,-5.5054293,0.9838634
1.9476104,-5.5046525,0.9833502
1.9467653,-5.503901,0.98285306
1.9459753,-5.5032,0.98238796
1.9451853,-5.502499,0.98192286
1.9443953,-5.501798,0.98145777
1.9436067,-5.50115,0.98105955
1.9429001,-5.500522,0.9806431
1.9421934,-5.499894,0.98022664
1.9414867,-5.499266,0.9798102
1.94078,-5.498638,0.9793937
1.9400734,-5.49801,0.97897726
1.9393667,-5.497382,0.9785608
1.93866,-5.496754,0.97814435
1.9379534,-5.496126,0.9777279
1.9372467,-5.495498,0.97731143
1.93654,-5.49487,0.976895
1.9358333,-5.494242,0.9764785
1.9351267,-5.493614,0.97606206
1.93442,-5.492986,0.9756456
1.9337133,-5.492358,0.97522914
1.9330066,-5.49173,0.9748127
1.9323,-5.491102,0.9743962
1.9315933,-5.490474,0.9739798
1.9308604,-5.4898567,0.9735918
1.9301144,-5.4892445,0.9732181
1.9293684,-5.488632,0.97284436
1.9286226,-5.48802,0.9724708
1.9278773,-5.4874077,0.97209764
1.927132,-5.4867954,0.97172445
1.9263867,-5.486183,0.97135127
1.9256414,-5.485571,0.9709781
1.9248961,-5.4849586,0.9706049
1.9241508,-5.4843464,0.9702317
1.9234055,-5.483734,0.9698585
1.9225783,-5.483046,0.9694369
1.9217511,-5.482358,0.96901524
1.920924,-5.48167,0.9685936
1.9200968,-5.480982,0.96817195
1.9192696,-5.4802938,0.9677503
1.9184424,-5.4796057,0.96732867
1.9176152,-5.4789176,0.966907
1.916788,-5.4782295,0.9664854
1.9159608,-5.4775414,0.96606374
1.9151336,-5.4768534,0.9656421
1.9143064,-5.4761653,0.96522045
1.9134792,-5.475477,0.9647988
1.912652,-5.474789,0.96437716
1.9118248,-5.474101,0.9639555
1.9109976,-5.473413,0.9635339
1.9101704,-5.472725,0.96311224
1.9093432,-5.472037,0.9626906
1.9085723,-5.4714336,0.9623463
1.9075819,-5.470686,0.96193886
1.9065915,-5.4699383,0.9615314
1.9056824,-5.46923,0.9611278
1.9047734,-5.468522,0.96072423
1.9038643,-5.467814,0.96032065
1.9029413,-5.4670935,0.9599088
1.9019908,-5.466348,0.95948035
1.9010402,-5.465603,0.9590519
1.9000896,-5.4648576,0.95862347
1.899139,-5.4641123,0.95819503
1.8981885,-5.463367,0.9577666
1.8972379,-5.4626217,0.95733815
1.8962873,-5.4618764,0.9569097
1.8953367,-5.461131,0.9564813
1.8943862,-5.460386,0.95605284
1.8934356,-5.4596405,0.9556244
1.892485,-5.458895,0.95519596
1.8915344,-5.45815,0.9547675
1.8905839,-5.4574046,0.9543391
1.8896333,-5.4566593,0.95391065
1.8886827,-5.455914,0.9534822
1.8877321,-5.4551687,0.9530538
1.8867816,-5.4544234,0.95262533
1.8858173,-5.4536657,0.9521885
1.8848816,-5.452932,0.95176786
1.883974,-5.4522223,0.95136374
1.8830663,-5.451513,0.9509596
1.8821586,-5.4508033,0.9505555
1.881251,-5.4500937,0.9501514
1.8803433,-5.449384,0.94974726
1.8794357,-5.4486747,0.94934314
1.8785008,-5.44794,0.9489228
1.8775116,-5.4471545,0.94847006
1.8765224,-5.446369,0.9480173
1.8755332,-5.445584,0.94756454
1.874544,-5.4447985,0.9471118
1.8735548,-5.444013,0.946659
1.8725656,-5.443228,0.9462063
1.8715764,-5.4424424,0.9457535
1.8705872,-5.441657,0.94530076
1.869598,-5.4408717,0.944848
1.8686088,-5.4400864,0.94439524
1.8676196,-5.439301,0.9439425
1.8666304,-5.4385157,0.94348973
1.8656412,-5.4377303,0.943037
1.864652,-5.436945,0.9425842
1.8636628,-5.4361596,0.94213146
1.8626736,-5.4353743,0.9416787
1.8616844,-5.434589,0.94122595
1.8607363,-5.4338226,0.94077516
1.8598989,-5.4331546,0.94038945
1.859076,-5.4325166,0.94003433
1.8582531,-5.4318786,0.9396792
1.8574302,-5.4312406,0.9393241
1.8566073,-5.4306026,0.93896896
1.8557844,-5.4299645,0.93861383
1.8549615,-5.4293265,0.9382587
1.8540286,-5.4285893,0.9378384
1.8532599,-5.4279656,0.9374712
1.8524913,-5.427342,0.93710405
1.8517226,-5.426718,0.9367369
1.8509539,-5.4260945,0.9363697
1.8501853,-5.425471,0.93600255
1.8494166,-5.424847,0.9356354
1.848648,-5.4242234,0.9352682
1.8478793,-5.4235997,0.93490106
1.8471106,-5.422976,0.9345339
1.846342,-5.4223523,0.9341667
1.8455733,-5.4217286,0.93379956
1.8448046,-5.421105,0.9334324
1.844036,-5.420481,0.93306524
1.8432144,-5.4198785,0.9327553
1.8423928,-5.4192758,0.93244535
1.8414888,-5.4185796,0.9320642
1.8406669,-5.4179215,0.9316872
1.839845,-5.4172635,0.9313102
1.839023,-5.4166055,0.9309332
1.838201,-5.4159474,0.9305562
1.837422,-5.415378,0.9302718
1.8365215,-5.414766,0.93000466
1.835621,-5.4141536,0.9297375
1.8347205,-5.4135413,0.92947036
1.83382,-5.412929,0.9292032
1.8329195,-5.412317,0.92893606
1.832019,-5.4117045,0.9286689
1.8311185,-5.4110923,0.92840177
1.830218,-5.41048,0.9281346
1.8293848,-5.4098954,0.92786276
1.8285233,-5.40927,0.9275514
1.8276618,-5.4086475,0.9272392
1.8267992,-5.4080253,0.9269259
1.8259366,-5.407403,0.9266126
1.825074,-5.4067807,0.92629933
1.8242114,-5.4061584,0.92598605
1.8233488,-5.405536,0.92567277
1.8224862,-5.404914,0.9253595
1.8216648,-5.4043465,0.9250929
1.8208435,-5.403779,0.92482644
1.8199685,-5.4031973,0.924573
1.8191488,-5.402665,0.9243527
1.8183291,-5.402133,0.9241324
1.8175094,-5.401601,0.9239121
1.8166358,-5.4010534,0.92370445
1.8157642,-5.4005566,0.9235651
1.8149445,-5.4000244,0.9233448
1.8140563,-5.3994303,0.92308307
1.8132361,-5.398863,0.92281663
1.812416,-5.3982954,0.9225502
1.8115958,-5.397728,0.92228377
1.8107756,-5.3971605,0.92201734
1.8099692,-5.3966055,0.9217591
1.8091221,-5.3960485,0.9215214
1.8083019,-5.395481,0.9212538
1.8074818,-5.3949137,0.9209862
1.8066616,-5.394346,0.92071855
1.8058414,-5.393779,0.9204509
1.8050213,-5.3932114,0.9201833
1.8042011,-5.392644,0.9199157
1.8033937,-5.3920717,0.9196328
1.8027047,-5.3914566,0.91921794
1.8019892,-5.390852,0.9188322
1.8011678,-5.3902893,0.91856277
1.8003465,-5.3897266,0.91829336
1.7995251,-5.389164,0.91802394
1.7987038,-5.3886013,0.91775453
1.7978824,-5.3880386,0.9174851
1.7970611,-5.387476,0.9172152
1.7962399,-5.3869286,0.9169683
1.7954187,-5.3863964,0.9167444
1.7945976,-5.3858643,0.91652054
1.7937765,-5.385332,0.91629666
1.7929554,-5.3848,0.9160728
1.792134,-5.3842373,0.9158034
1.7913127,-5.3836703,0.91553396
1.7904923,-5.383103,0.915265
1.7896721,-5.3825355,0.9149962
1.788852,-5.381968,0.9147274
1.7880318,-5.3814006,0.9144586
1.7872117,-5.380833,0.91418976
1.786431,-5.3802514,0.913877
1.785612,-5.379684,0.9136088
1.784793,-5.3791165,0.91334057
1.783961,-5.378572,0.9131092
1.7831428,-5.37804,0.912886
1.7823246,-5.3775077,0.91266286
1.7815063,-5.3769755,0.9124397
1.7806851,-5.3763576,0.9121012
1.7799424,-5.375693,0.91165143
1.7792,-5.3750277,0.9112019
1.7784348,-5.374457,0.9108965
1.7776695,-5.373886,0.91059107
1.7769043,-5.3733153,0.91028565
1.7761391,-5.3727446,0.90998024
1.7753739,-5.372174,0.9096748
1.7746087,-5.371603,0.9093694
1.7738435,-5.371032,0.909064
1.7730771,-5.370427,0.90871257
1.7723078,-5.369736,0.9082461
1.7715405,-5.3691134,0.9078713
1.7707194,-5.3684754,0.907509
1.7698983,-5.3678374,0.90714675
1.7690772,-5.3671994,0.9067845
1.7683244,-5.366608,0.90644056
1.7675716,-5.366017,0.90609664
1.7668188,-5.3654256,0.9057527
1.766066,-5.3648343,0.9054088
1.7653131,-5.364243,0.9050649
1.7645603,-5.3636518,0.90472096
1.7638075,-5.3630605,0.90437704
1.7630547,-5.362469,0.9040331
1.7623019,-5.361878,0.9036892
1.7615491,-5.3612866,0.9033453
1.7607689,-5.3606706,0.9029846
1.7599616,-5.3600297,0.90260684
1.7592094,-5.3594384,0.90226233
1.7584572,-5.358847,0.9019178
1.757705,-5.358256,0.9015733
1.7568705,-5.35759,0.9011786
1.7561042,-5.3569684,0.9008026
1.755338,-5.3563466,0.9004266
1.7545717,-5.355725,0.90005064
1.7538054,-5.355103,0.89967465
1.7530391,-5.354481,0.89929867
1.7522728,-5.3538594,0.8989227
1.7515066,-5.3532376,0.8985467
1.7507403,-5.352616,0.8981707
1.749974,-5.351994,0.8977947
1.7492077,-5.3513722,0.89741874
1.7484415,-5.3507504,0.89704275
1.7476752,-5.3501287,0.89666677
1.7469089,-5.349507,0.8962908
1.7460334,-5.348786,0.89584804
1.745158,-5.348065,0.8954053
1.7442825,-5.347344,0.89496255
1.7434072,-5.346622,0.8945199
1.7425323,-5.345899,0.8940774
1.7416573,-5.345176,0.8936349
1.7407823,-5.3444533,0.8931924
1.7399073,-5.3437304,0.8927499
1.7390323,-5.3430076,0.8923074
1.7381573,-5.3422847,0.8918649
1.7372823,-5.341562,0.8914224
1.7364073,-5.340839,0.8909799
1.7355323,-5.340116,0.8905374
1.7346573,-5.339393,0.8900949
1.7337823,-5.3386703,0.8896524
1.7329073,-5.3379474,0.88920987
1.7320323,-5.3372245,0.88876736
1.7311025,-5.336454,0.88829076
1.7301726,-5.3356833,0.88781416
1.7292428,-5.334913,0.88733745
1.728313,-5.334142,0.8868604
1.7273831,-5.3333716,0.8863833
1.7265072,-5.3326163,0.88589346
1.7256851,-5.3318763,0.8853909
1.724863,-5.331136,0.8848883
1.724041,-5.330396,0.8843857
1.7232189,-5.329656,0.8838831
1.7223969,-5.328916,0.88338053
1.7215748,-5.328176,0.88287795
1.7207527,-5.327436,0.88237536
1.7199306,-5.326696,0.8818728
1.7191086,-5.325956,0.8813702
1.7182865,-5.325216,0.8808676
1.7174644,-5.324476,0.880365
1.7166424,-5.3237357,0.8798624
1.7158203,-5.3229957,0.87935984
1.7149588,-5.3222876,0.8789231
1.7141377,-5.321618,0.8785109
1.7133166,-5.3209486,0.87809867
1.7124954,-5.320279,0.87768644
1.7116743,-5.3196096,0.8772742
1.7108532,-5.31894,0.876862
1.7100433,-5.318233,0.87638843
1.7092875,-5.3175583,0.8759253
1.7085317,-5.3168836,0.8754622
1.707776,-5.316209,0.87499905
1.7070202,-5.315534,0.8745359
1.7062644,-5.3148594,0.8740728
1.7055086,-5.3141847,0.87360966
1.7047528,-5.31351,0.87314653
1.703997,-5.312835,0.8726834
1.7032412,-5.3121605,0.8722203
1.7024449,-5.3114657,0.8717549
1.7016782,-5.310846,0.8713753
1.7009114,-5.310226,0.87099576
1.7001446,-5.309606,0.8706162
1.6993783,-5.308986,0.87023664
1.698612,-5.3083663,0.8698571
1.6978457,-5.3077464,0.8694775
1.6970794,-5.3071265,0.86909795
1.6963131,-5.3065066,0.8687184
1.6955469,-5.3058867,0.8683388
1.6947806,-5.305267,0.86795926
1.6940143,-5.304647,0.8675797
1.693248,-5.304027,0.86720014
1.6924818,-5.303407,0.8668206
1.6917155,-5.3027873,0.866441
1.6909492,-5.3021674,0.86606145
1.6901829,-5.3015475,0.8656819
1.6894174,-5.3009443,0.8653254
1.6884631,-5.300253,0.8649663
1.6875088,-5.2995615,0.86460716
1.6865941,-5.2988214,0.8641581
1.6858298,-5.2981997,0.86377853
1.6850654,-5.297578,0.86339897
1.684301,-5.296956,0.8630194
1.6835366,-5.2963343,0.86263984
1.6827723,-5.2957125,0.8622603
1.6820079,-5.2950907,0.8618807
1.6812435,-5.294469,0.86150116
1.6804792,-5.293847,0.8611216
1.6797148,-5.2932253,0.86074203
1.6789504,-5.2926035,0.86036247
1.678186,-5.2919817,0.8599829
1.6774217,-5.29136,0.85960335
1.6766573,-5.290738,0.8592238
1.675893,-5.2901163,0.85884446
1.6751286,-5.2894945,0.85846514
1.6743778,-5.288885,0.85809404
1.6734903,-5.28817,0.857661
1.6726301,-5.2874794,0.8572448
1.671879,-5.286888,0.8568958
1.671128,-5.286297,0.8565468
1.670377,-5.2857056,0.85619783
1.669626,-5.2851143,0.85584885
1.668875,-5.284523,0.85549986
1.668124,-5.2839317,0.8551509
1.667373,-5.2833405,0.8548019
1.6666219,-5.282749,0.8544529
1.6658709,-5.282158,0.8541039
1.6651199,-5.2815666,0.85375494
1.6643665,-5.2809086,0.8533132
1.6635993,-5.2802386,0.85286283
1.6627791,-5.2795877,0.85247064
1.6619589,-5.278937,0.85207844
1.6611388,-5.278286,0.85168624
1.6603186,-5.277635,0.85129404
1.6594985,-5.276984,0.85090137
1.6586783,-5.2763333,0.8505086
1.6578581,-5.2756824,0.8501158
1.657038,-5.2750316,0.849723
1.6562178,-5.2743807,0.8493302
1.6553977,-5.27373,0.8489374
1.6545775,-5.273079,0.8485446
1.6537573,-5.272428,0.8481518
1.6529372,-5.271777,0.847759
1.652117,-5.2711263,0.8473662
1.6512969,-5.2704754,0.8469734
1.650516,-5.269776,0.84648997
1.6496941,-5.269039,0.84598094
1.6488721,-5.2683024,0.8454719
1.6480502,-5.2675657,0.8449629
1.6471878,-5.266809,0.8444516
1.6463686,-5.2661395,0.8440353
1.6455494,-5.26547,0.84361905
1.6447302,-5.2648005,0.84320277
1.643911,-5.264131,0.8427865
1.6430918,-5.2634616,0.8423702
1.6422726,-5.262792,0.84195393
1.6414534,-5.2621226,0.84153765
1.6406342,-5.261453,0.8411214
1.639815,-5.2607837,0.8407051
1.6389958,-5.260114,0.8402888
1.6381766,-5.2594447,0.83987254
1.6373574,-5.258775,0.83945626
1.6365381,-5.2581058,0.83904
1.6358001,-5.2574577,0.83860564
1.6349804,-5.25679,0.83818865
1.6341608,-5.2561226,0.83777165
1.6333411,-5.255455,0.83735466
1.6325214,-5.2547874,0.83693767
1.6317017,-5.25412,0.8365207
1.6310033,-5.2535124,0.8361101
1.6301807,-5.252778,0.8355996
1.6293582,-5.2520437,0.8350891
1.6285356,-5.2513094,0.8345786
1.6277131,-5.250575,0.83406806
1.6268905,-5.2498407,0.83355755
1.626068,-5.2491064,0.83304703
1.6252455,-5.248372,0.8325365
1.6244229,-5.2476377,0.832026
1.6236004,-5.2469034,0.8315155
1.6227778,-5.246169,0.831005
1.6220397,-5.245576,0.8306382
1.6212214,-5.244977,0.83031297
1.6204032,-5.244378,0.82998776
1.6194886,-5.243658,0.82955694
1.6186011,-5.242945,0.82912004
1.6177136,-5.2422323,0.82868314
1.616826,-5.2415195,0.82824624
1.6159385,-5.2408066,0.82780933
1.6151732,-5.2401886,0.8274255
1.6144079,-5.2395706,0.8270416
1.6136426,-5.2389526,0.8266578
1.6128772,-5.2383347,0.8262739
1.6121119,-5.2377167,0.82589006
1.6113466,-5.2370987,0.8255062
1.6105813,-5.2364807,0.82512236
1.609816,-5.2358627,0.8247385
1.6090506,-5.2352448,0.82435465
1.6082853,-5.234627,0.8239708
1.60752,-5.234009,0.82358694
1.6067547,-5.233391,0.8232031
1.6059893,-5.232773,0.82281923
1.6050752,-5.2320876,0.8224342
1.6041895,-5.2314606,0.8221123
1.6033031,-5.230799,0.8217442
1.6024156,-5.2300863,0.8213067
1.6015419,-5.229386,0.82087773
1.6007235,-5.228735,0.82048285
1.5999051,-5.228084,0.82008797
1.5990868,-5.227433,0.8196931
1.5982684,-5.2267823,0.8192982
1.59745,-5.2261314,0.8189033
1.5966316,-5.2254806,0.81850845
1.5958133,-5.2248297,0.81811357
1.5949949,-5.224179,0.8177187
1.5941765,-5.223528,0.8173238
1.5933582,-5.222877,0.8169289
1.5924854,-5.2221766,0.81649995
1.5917234,-5.2216067,0.81618506
1.5907716,-5.2209153,0.8158203
1.5898197,-5.220224,0.8154555
1.5888678,-5.2195325,0.8150907
1.5881059,-5.218962,0.81477565
1.587343,-5.2183404,0.81439084
1.58658,-5.2177186,0.81400603
1.5858171,-5.217097,0.8136212
1.5850542,-5.216475,0.8132364
1.5842912,-5.215853,0.8128516
1.5835283,-5.2152314,0.8124668
1.5827653,-5.2146096,0.812082
1.5820024,-5.213988,0.8116972
1.5812395,-5.213366,0.8113124
1.5804765,-5.212744,0.81092757
1.5797136,-5.2121224,0.81054276
1.5789506,-5.2115006,0.81015795
1.5781877,-5.210879,0.80977315
1.5773429,-5.210184,0.80933684
1.5764707,-5.209465,0.80888337
1.5755986,-5.208746,0.8084299
1.5746182,-5.2079983,0.808
1.5736378,-5.2072506,0.80757016
1.5726575,-5.206503,0.8071403
1.5716771,-5.205755,0.8067104
1.5706967,-5.2050076,0.80628055
1.5697163,-5.20426,0.8058507
1.5689396,-5.2036633,0.805502
1.5681628,-5.203067,0.8051533
1.567386,-5.2024703,0.8048046
1.5666093,-5.201874,0.80445594
1.5658325,-5.2012773,0.80410725
1.5650557,-5.2006807,0.80375856
1.564279,-5.200084,0.8034099
1.5635022,-5.1994877,0.8030612
1.5627254,-5.198891,0.8027125
1.5619487,-5.1982946,0.8023638
1.5611719,-5.197698,0.8020151
1.5603951,-5.1971016,0.80166644
1.5596184,-5.196505,0.80131775
1.5588416,-5.1959085,0.80096906
1.5580648,-5.195312,0.8006204
1.557288,-5.1947155,0.8002717
1.5565113,-5.194119,0.799923
1.5557345,-5.1935225,0.7995743
1.5549985,-5.19291,0.7991822
1.5542625,-5.192298,0.79879004
1.5535265,-5.1916857,0.7983979
1.5527638,-5.191066,0.7980117
1.5519477,-5.1904306,0.79763746
1.5511316,-5.1897955,0.7972632
1.5503155,-5.1891603,0.79688895
1.549459,-5.1885395,0.7965576
1.5486025,-5.1879187,0.79622626
1.547746,-5.187298,0.7958949
1.5468894,-5.186677,0.7955636
1.5460329,-5.186056,0.79523224
1.5451764,-5.1854353,0.7949009
1.5443199,-5.1848145,0.79456955
1.5434633,-5.1841936,0.7942382
1.5426068,-5.183573,0.79390687
1.5417503,-5.182952,0.7935755
1.5408938,-5.182331,0.7932442
1.5400373,-5.1817102,0.79291284
1.5391808,-5.1810894,0.7925815
1.5383242,-5.1804686,0.79225016
1.5374677,-5.1798477,0.7919188
1.5366112,-5.179227,0.7915875
1.5357547,-5.178606,0.7912561
1.5348982,-5.177985,0.7909248
1.5340946,-5.177346,0.7905347
1.5333192,-5.1767483,0.7901851
1.5325439,-5.1761503,0.7898355
1.5317686,-5.1755524,0.78948593
1.5309932,-5.1749544,0.78913635
1.5302179,-5.1743565,0.78878677
1.5294425,-5.1737585,0.7884372
1.5286672,-5.1731606,0.7880876
1.5278919,-5.1725626,0.787738
1.5271165,-5.1719646,0.78738844
1.5263412,-5.1713667,0.78703886
1.5255659,-5.1707687,0.7866893
1.5247494,-5.1700807,0.78624547
1.5239329,-5.1693926,0.78580165
1.5231165,-5.1687045,0.78535783
1.5223,-5.1680164,0.784914
1.5214835,-5.1673284,0.7844702
1.5206671,-5.1666403,0.7840264
1.5198506,-5.165952,0.78358257
1.5190341,-5.165264,0.78313875
1.5182177,-5.164576,0.78269494
1.5174012,-5.163888,0.7822511
1.5165848,-5.1632,0.7818073
1.5157683,-5.162512,0.7813635
1.5149518,-5.1618237,0.7809197
1.5141354,-5.1611357,0.78047585
1.5133189,-5.1604476,0.78003204
1.5125024,-5.1597595,0.7795882
1.511686,-5.1590714,0.7791444
1.5108695,-5.1583834,0.7787006
1.5100133,-5.1577096,0.77829987
1.5091572,-5.157036,0.77789915
1.508301,-5.156362,0.7774984
1.5074449,-5.1556883,0.7770977
1.5066295,-5.1550517,0.7767224
1.5058141,-5.154415,0.77634704
1.5049987,-5.1537786,0.7759717
1.5041833,-5.153142,0.7755964
1.5033679,-5.1525054,0.77522105
1.5025525,-5.151869,0.7748457
1.5017371,-5.1512322,0.7744704
1.5009217,-5.1505957,0.77409506
1.5001063,-5.149959,0.7737197
1.499291,-5.1493225,0.7733444
1.4984756,-5.148686,0.77296907
1.4976602,-5.1480494,0.77259374
1.4968448,-5.147413,0.7722184
1.4960294,-5.146776,0.7718431
1.495214,-5.1461396,0.77146775
1.4943986,-5.145503,0.7710924
1.4935832,-5.1448665,0.7707171
1.4928486,-5.144271,0.77034676
1.4919231,-5.143504,0.76985633
1.4909976,-5.1427374,0.7693659
1.4902755,-5.1421385,0.7689806
1.4895399,-5.1415277,0.7685867
1.4888042,-5.140917,0.76819277
1.4880686,-5.140306,0.76779884
1.4873329,-5.139695,0.7674049
1.4865973,-5.1390843,0.767011
1.4858617,-5.1384735,0.76661706
1.485126,-5.1378627,0.76622313
1.4843904,-5.137252,0.7658292
1.4836547,-5.136641,0.7654353
1.4829191,-5.13603,0.76504135
1.4821835,-5.1354194,0.7646474
1.4814478,-5.1348085,0.7642535
1.4807122,-5.1341977,0.76385957
1.4799765,-5.133587,0.76346564
1.4792409,-5.132976,0.7630717
1.4785053,-5.132365,0.7626778
1.4777696,-5.1317544,0.76228386
1.4768295,-5.1309757,0.7617844
1.475903,-5.130209,0.7612935
1.4749765,-5.129442,0.76080257
1.4741054,-5.1287937,0.760438
1.4732342,-5.128145,0.7600735
1.4723492,-5.127485,0.75970024
1.4714227,-5.1267886,0.7593009
1.4704962,-5.1260924,0.75890154
1.4695697,-5.1253963,0.7585022
1.4686432,-5.1247,0.75810283
1.4677167,-5.124004,0.7577035
1.4667902,-5.1233077,0.75730413
1.4658637,-5.1226115,0.7569048
1.4649372,-5.1219153,0.7565054
1.4640107,-5.121219,0.7561061
1.4630842,-5.120523,0.7557067
1.4621577,-5.119827,0.7553074
1.4612312,-5.1191306,0.754908
1.4603047,-5.1184344,0.7545087
1.4593779,-5.1177397,0.7541088
1.4584509,-5.1170454,0.7537087
1.457524,-5.116351,0.75330865
1.4565967,-5.115657,0.75290823
1.4556693,-5.1149626,0.75250745
1.4547418,-5.1142683,0.75210667
1.4538144,-5.113574,0.7517059
1.4528869,-5.1128798,0.7513051
1.4519595,-5.1121855,0.7509043
1.451032,-5.111491,0.75050354
1.4501046,-5.110797,0.75010276
1.4491771,-5.1101027,0.749702
1.4482497,-5.1094084,0.7493012
1.4473222,-5.108714,0.7489004
1.4463948,-5.10802,0.74849963
1.4454674,-5.1073256,0.74809885
1.4445399,-5.1066313,0.74769807
1.4435717,-5.1059,0.74727154
1.4425899,-5.105156,0.7468364
1.4416081,-5.104412,0.7464013
1.4406797,-5.103649,0.7459078
1.4397513,-5.102886,0.74541426
1.4388094,-5.1021285,0.7449351
1.4378271,-5.1013865,0.744499
1.4368448,-5.1006446,0.74406296
1.4358625,-5.0999026,0.7436269
1.4348803,-5.0991607,0.7431908
1.433898,-5.0984187,0.74275476
1.4329157,-5.0976768,0.7423187
1.4319334,-5.096935,0.7418826
1.4309511,-5.096193,0.74144655
1.4299688,-5.095451,0.7410105
1.4289865,-5.094709,0.7405744
1.4280043,-5.093967,0.74013835
1.427022,-5.093225,0.7397023
1.4260397,-5.092483,0.7392662
1.4252744,-5.0918694,0.7388748
1.4244536,-5.0911913,0.7384251
1.4236329,-5.090513,0.73797536
1.4228121,-5.089835,0.73752564
1.4219913,-5.089157,0.7370759
1.4211706,-5.088479,0.7366262
1.4203498,-5.087801,0.7361765
1.4195291,-5.087123,0.7357268
1.4187632,-5.0864935,0.7353116
1.4180247,-5.0858884,0.73491377
1.4172862,-5.0852833,0.7345159
1.4165477,-5.084678,0.73411804
1.4158092,-5.084073,0.7337202
1.4150707,-5.083468,0.7333223
1.4143322,-5.082863,0.73292446
1.4135936,-5.0822577,0.7325266
1.4128551,-5.0816526,0.73212874
1.4121166,-5.0810475,0.7317309
1.4113781,-5.0804424,0.731333
1.4106396,-5.0798373,0.73093516
1.4099011,-5.079232,0.7305373
1.4091626,-5.078627,0.73013943
1.4084241,-5.078022,0.7297416
1.4076856,-5.077417,0.7293437
1.4069471,-5.076812,0.72894585
1.4062086,-5.0762067,0.728548
1.4054425,-5.0755777,0.7281325
1.4046625,-5.074937,0.72770816
1.4038825,-5.074296,0.72728384
1.4031025,-5.073655,0.7268595
1.4023222,-5.0730143,0.7264348
1.4015418,-5.0723734,0.72601014
1.4007615,-5.0717325,0.72558546
1.3999811,-5.0710917,0.7251608
1.3992282,-5.0704756,0.7247535
1.398489,-5.069872,0.7243549
1.3977498,-5.069268,0.72395635
1.3970106,-5.0686646,0.7235578
1.3962713,-5.068061,0.7231592
1.3955321,-5.067457,0.7227606
1.3947929,-5.0668535,0.72236204
1.3940537,-5.06625,0.72196347
1.3933145,-5.065646,0.7215649
1.3925753,-5.0650425,0.7211663
1.391836,-5.064439,0.72076774
1.3910968,-5.063835,0.72036916
1.3903576,-5.0632315,0.7199706
1.3896184,-5.062628,0.719572
1.3888792,-5.062024,0.71917343
1.38814,-5.0614204,0.71877486
1.3874007,-5.060817,0.7183763
1.3866615,-5.060213,0.7179777
1.3857582,-5.059481,0.7174983
1.3848822,-5.0587735,0.71703625
1.3840063,-5.058066,0.7165742
1.383075,-5.0573087,0.7160771
1.3821437,-5.0565515,0.71558
1.3812125,-5.0557942,0.7150829
1.3802812,-5.055037,0.7145858
1.37935,-5.05428,0.7140887
1.3784187,-5.0535235,0.71359134
1.3774874,-5.052768,0.71309376
1.3765562,-5.052013,0.7125962
1.3756249,-5.0512576,0.7120986
1.3746936,-5.0505023,0.711601
1.3737624,-5.049747,0.71110344
1.3728311,-5.0489917,0.71060586
1.3718998,-5.0482364,0.7101083
1.3709686,-5.047481,0.7096107
1.3700373,-5.0467257,0.7091131
1.369106,-5.0459704,0.70861554
1.3681748,-5.045215,0.70811796
1.3672435,-5.04446,0.7076204
1.3663123,-5.0437045,0.7071228
1.3653548,-5.042956,0.7066556
1.3644788,-5.0422463,0.7061943
1.3636029,-5.041537,0.70573294
1.3627269,-5.0408273,0.7052716
1.361851,-5.0401177,0.70481026
1.360975,-5.039408,0.7043489
1.3600447,-5.038651,0.703853
1.3591144,-5.037894,0.7033571
1.3581841,-5.0371366,0.7028612
1.3572538,-5.0363793,0.7023653
1.3563235,-5.035622,0.70186937
1.355366,-5.03484,0.7013562
1.3546275,-5.034235,0.7009583
1.353889,-5.03363,0.70056045
1.3531505,-5.033025,0.7001626
1.352412,-5.0324197,0.6997647
1.3516735,-5.0318146,0.69936687
1.350935,-5.0312095,0.698969
1.3501965,-5.0306044,0.69857115
1.349458,-5.0299993,0.6981733
1.3487195,-5.029394,0.6977754
1.347981,-5.028789,0.69737756
1.3472428,-5.0281825,0.6969799
1.3465047,-5.027576,0.6965822
1.3457665,-5.0269694,0.6961845
1.3450284,-5.026363,0.69578683
1.3442903,-5.0257564,0.69538915
1.3435521,-5.02515,0.69499147
1.342814,-5.0245433,0.6945938
1.3420758,-5.0239367,0.6941961
1.3413377,-5.02333,0.6937984
1.3405995,-5.0227237,0.69340074
1.3398614,-5.022117,0.69300306
1.3391232,-5.0215106,0.6926054
1.3383851,-5.020904,0.6922077
1.337647,-5.0202975,0.69181
1.3369088,-5.019691,0.6914123
1.3361707,-5.0190845,0.69101465
1.3354325,-5.018478,0.69061697
1.3346944,-5.0178714,0.6902193
1.333887,-5.017171,0.6897319
1.3329576,-5.016412,0.68923646
1.3320283,-5.0156527,0.688741
1.3310989,-5.0148935,0.6882456
1.3301696,-5.0141344,0.68775016
1.3292402,-5.0133753,0.6872547
1.3284181,-5.0126467,0.68673474
1.3275961,-5.011918,0.68621475
1.326774,-5.0111895,0.68569475
1.3259519,-5.010461,0.68517476
1.3251299,-5.0097322,0.6846548
1.3243078,-5.0090036,0.6841348
1.3234857,-5.008275,0.6836148
1.3226637,-5.0075464,0.6830948
1.3218416,-5.006818,0.6825748
1.3210195,-5.006089,0.6820548
1.3201975,-5.0053606,0.6815348
1.3193754,-5.004632,0.68101484
1.3185402,-5.0039077,0.6805097
1.3176934,-5.00322,0.68006647
1.3168741,-5.0025563,0.67964065
1.3160549,-5.0018926,0.67921484
1.3152357,-5.001229,0.678789
1.3144165,-5.000565,0.6783632
1.3136786,-4.9999413,0.67794263
1.3128579,-4.999212,0.6774235
1.3120371,-4.998482,0.6769043
1.3112164,-4.9977527,0.67638516
1.3103956,-4.997023,0.675866
1.3095748,-4.9962935,0.67534685
1.3087541,-4.995564,0.6748277
1.3079333,-4.9948344,0.67430854
1.3071126,-4.994105,0.6737894
1.3062918,-4.9933753,0.6732702
1.3054711,-4.9926457,0.67275107
1.3047334,-4.992022,0.6723306
1.3039147,-4.9913583,0.67190504
1.3030959,-4.9906945,0.67147946
1.302332,-4.9900784,0.6710882
1.3015682,-4.9894624,0.670697
1.3008043,-4.9888463,0.6703057
1.3000404,-4.98823,0.6699145
1.2992765,-4.987614,0.66952324
1.2985126,-4.986998,0.669132
1.2977487,-4.9863834,0.6687406
1.2969848,-4.9857693,0.6683491
1.2962209,-4.985155,0.6679576
1.295457,-4.984541,0.6675661
1.2946931,-4.983927,0.66717464
1.2939292,-4.9833126,0.66678315
1.2931653,-4.9826984,0.6663917
1.2924014,-4.9820843,0.6660002
1.2916375,-4.98147,0.6656087
1.2908736,-4.980856,0.6652172
1.2901098,-4.980242,0.66482574
1.2893459,-4.9796276,0.66443425
1.288582,-4.9790134,0.6640428
1.2878182,-4.978399,0.66365135
1.2870548,-4.9777827,0.6632601
1.2862914,-4.9771667,0.66286886
1.2855283,-4.976549,0.66247815
1.2847654,-4.975931,0.6620876
1.2840024,-4.975313,0.6616971
1.283239,-4.974697,0.6613068
1.2824756,-4.974081,0.6609165
1.2817122,-4.973465,0.6605262
1.2809488,-4.972849,0.6601359
1.2801853,-4.972233,0.65974563
1.2794219,-4.9716167,0.65935534
1.2786585,-4.9710007,0.65896505
1.2778951,-4.9703846,0.65857476
1.2771317,-4.9697685,0.65818447
1.2763683,-4.9691525,0.6577942
1.2756048,-4.9685364,0.6574039
1.2748414,-4.9679203,0.6570136
1.274078,-4.967304,0.6566233
1.273342,-4.966712,0.6562502
1.2725116,-4.966049,0.6558403
1.271695,-4.9653983,0.65543914
1.2708784,-4.9647474,0.655038
1.2700619,-4.9640965,0.65463686
1.2692453,-4.9634457,0.6542361
1.2684287,-4.962795,0.65383554
1.2676121,-4.962144,0.653435
1.2667955,-4.961493,0.65303445
1.2659789,-4.960842,0.6526339
1.2651623,-4.9601912,0.65223336
1.2643458,-4.9595404,0.6518328
1.2635292,-4.9588895,0.6514323
1.2627126,-4.9582386,0.65103173
1.261896,-4.9575877,0.6506312
1.2610794,-4.956937,0.65023065
1.2602224,-4.9562488,0.6498042
1.2593385,-4.955536,0.6493604
1.2584546,-4.954823,0.64891666
1.2575706,-4.95411,0.6484729
1.2566867,-4.9533973,0.64802915
1.2558028,-4.9526844,0.6475854
1.2549188,-4.9519715,0.64714164
1.2541842,-4.9513764,0.64676934
1.2534223,-4.9507565,0.64637977
1.2526603,-4.9501367,0.6459902
1.2518983,-4.949517,0.6456006
1.2511363,-4.948897,0.64521104
1.2503743,-4.948277,0.64482147
1.2496123,-4.947657,0.6444319
1.2488503,-4.947037,0.6440423
1.2480884,-4.9464173,0.64365274
1.2473264,-4.9457974,0.64326316
1.2465644,-4.9451776,0.6428736
1.2458024,-4.9445577,0.642484
1.2450404,-4.943938,0.64209443
1.2442784,-4.943318,0.64170486
1.24346,-4.9425836,0.6411872
1.2426417,-4.941849,0.6406695
1.2418802,-4.9412293,0.6402797
1.2411187,-4.9406095,0.6398899
1.2403708,-4.940002,0.6395087
1.2394868,-4.939289,0.63906467
1.2386029,-4.938576,0.6386206
1.2377189,-4.9378633,0.63817656
1.236835,-4.9371505,0.6377325
1.2359511,-4.9364376,0.63728845
1.2350671,-4.9357247,0.6368444
1.2341832,-4.935012,0.63640034
1.2332993,-4.934299,0.6359563
1.2324153,-4.933586,0.63551223
1.2315314,-4.9328732,0.6350682
1.2306473,-4.9321604,0.6346241
1.2299244,-4.9315295,0.6341901
1.229242,-4.930919,0.63375854
1.2285595,-4.930309,0.633327
1.227877,-4.9296985,0.63289547
1.2271945,-4.929088,0.63246393
1.2265121,-4.928478,0.6320324
1.2258028,-4.9278593,0.63160706
1.2249862,-4.9272084,0.6312065
1.2241696,-4.9265575,0.63080597
1.223353,-4.9259067,0.6304054
1.2225364,-4.925256,0.6300049
1.2217199,-4.924605,0.62960434
1.2209033,-4.923954,0.6292038
1.2200867,-4.923303,0.62880325
1.2192701,-4.9226522,0.6284027
1.2184535,-4.9220014,0.62800217
1.217637,-4.9213505,0.6276016
1.2168201,-4.9206996,0.6272012
1.216003,-4.9200487,0.62680095
1.2151858,-4.919398,0.6264007
1.2144234,-4.9187965,0.6260348
1.2136748,-4.9182076,0.62567747
1.2129261,-4.9176188,0.62532014
1.2121775,-4.91703,0.6249628
1.2114289,-4.916441,0.6246055
1.2106802,-4.915852,0.62424815
1.2099316,-4.915263,0.6238908
1.209183,-4.9146743,0.6235335
1.2084343,-4.9140854,0.62317616
1.2076857,-4.9134965,0.6228188
1.2069371,-4.9129076,0.6224615
1.206121,-4.9122725,0.62208456
1.2052777,-4.911613,0.6216906
1.2045028,-4.910998,0.6213173
1.2037554,-4.9104066,0.6209615
1.2030079,-4.9098153,0.62060565
1.2022605,-4.909224,0.6202498
1.201513,-4.9086328,0.61989397
1.2007656,-4.9080415,0.6195381
1.2000182,-4.90745,0.6191823
1.1992707,-4.906859,0.61882645
1.1985233,-4.9062676,0.6184706
1.1977758,-4.9056764,0.61811477
1.1970015,-4.9050593,0.6177419
1.1961867,-4.9044037,0.6173434
1.1953726,-4.903748,0.6169453
1.194559,-4.9030924,0.61654747
1.193665,-4.902395,0.6161452
1.1928535,-4.9017863,0.6158181
1.1920419,-4.901178,0.615491
1.1912303,-4.9005694,0.61516386
1.1904187,-4.899961,0.61483675
1.1896071,-4.8993526,0.61450964
1.1887956,-4.898744,0.61418253
1.187984,-4.8981357,0.6138554
1.1871724,-4.897527,0.6135283
1.1863608,-4.896919,0.6132012
1.1855493,-4.8963103,0.6128741
1.1847377,-4.895702,0.612547
1.1839261,-4.8950934,0.61221987
1.1831145,-4.894485,0.61189276
1.1823554,-4.8938613,0.6115053
1.1815963,-4.8932376,0.6111179
1.1808369,-4.892614,0.61073023
1.1800773,-4.89199,0.6103423
1.1793177,-4.8913665,0.6099544
1.1785581,-4.890743,0.6095665
1.1777985,-4.890119,0.6091786
1.1770389,-4.8894954,0.6087907
1.1761975,-4.888798,0.6083512
1.1752744,-4.8880277,0.60786
1.1743512,-4.887257,0.6073689
1.173428,-4.8864865,0.60687774
1.1725049,-4.885716,0.6063866
1.1715817,-4.8849454,0.60589546
1.1706586,-4.884175,0.6054043
1.1697354,-4.8834043,0.6049132
1.1688123,-4.8826337,0.60442203
1.1678891,-4.881863,0.6039309
1.166966,-4.8810925,0.60343975
1.1660428,-4.880322,0.6029486
1.1651196,-4.8795514,0.60245746
1.1641965,-4.878781,0.6019663
1.1632733,-4.8780103,0.6014747
1.1623502,-4.8772397,0.6009831
1.1614407,-4.8764815,0.60050005
1.1605724,-4.8757606,0.60004276
1.1597041,-4.8750396,0.5995855
1.1588086,-4.874294,0.599111
1.1578859,-4.873523,0.5986194
1.1569632,-4.8727527,0.5981278
1.1560405,-4.871982,0.59763616
1.1551179,-4.8712115,0.59714454
1.1541952,-4.870441,0.5966529
1.1532725,-4.8696704,0.5961613
1.1523498,-4.8689,0.5956697
1.1514271,-4.8681293,0.59517807
1.1505045,-4.8673587,0.59468645
1.1495818,-4.866588,0.5941948
1.1486591,-4.8658175,0.5937032
1.1477364,-4.865047,0.5932116
1.1468138,-4.8642764,0.59272
1.146027,-4.863629,0.59231466
1.1451454,-4.862911,0.5918727
1.1442639,-4.8621936,0.5914307
1.1433823,-4.861476,0.59098876
1.1425008,-4.8607583,0.5905468
1.1417416,-4.8601346,0.5901591
1.1409825,-4.859511,0.58977145
1.1402234,-4.858887,0.5893838
1.1394643,-4.8582635,0.5889961
1.1387051,-4.85764,0.58860844
1.137946,-4.857016,0.5882208
1.1371869,-4.8563924,0.5878331
1.1364278,-4.8557687,0.58744544
1.1356686,-4.855145,0.58705777
1.1349095,-4.8545213,0.5866701
1.1341504,-4.8538976,0.58628243
1.1333913,-4.853274,0.58589476
1.1326321,-4.85265,0.5855071
1.1318733,-4.8520265,0.58511955
1.1311146,-4.8514028,0.5847321
1.130356,-4.850779,0.5843447
1.1295973,-4.8501554,0.58395725
1.1287867,-4.849547,0.58362967
1.1279761,-4.8489385,0.5833021
1.1271654,-4.84833,0.5829745
1.1263548,-4.8477216,0.5826469
1.1255442,-4.847113,0.5823193
1.1247336,-4.8465047,0.58199173
1.123923,-4.8458962,0.58166414
1.1231123,-4.845288,0.58133656
1.1223017,-4.8446794,0.581009
1.1214911,-4.844071,0.5806814
1.1206805,-4.8434625,0.5803538
1.1198698,-4.842854,0.5800262
1.1190592,-4.8422456,0.5796986
1.1183022,-4.8416533,0.5793585
1.117423,-4.8409333,0.57891774
1.116504,-4.840192,0.57847476
1.1156409,-4.83953,0.5781133
1.1147778,-4.838868,0.5777519
1.1139417,-4.8381977,0.57736087
1.1131325,-4.8375187,0.5769403
1.1123233,-4.8368397,0.5765197
1.1115141,-4.8361607,0.57609916
1.1107049,-4.8354816,0.5756786
1.1098957,-4.8348026,0.575258
1.1090865,-4.8341236,0.57483745
1.1082773,-4.8334446,0.5744169
1.1074681,-4.8327656,0.5739963
1.1066589,-4.8320866,0.57357574
1.1058497,-4.8314075,0.57315516
1.1050406,-4.8307285,0.5727346
1.1042314,-4.8300495,0.572314
1.1034222,-4.8293705,0.57189345
1.1025176,-4.8286066,0.5714119
1.1016531,-4.82788,0.5709556
1.1007886,-4.827153,0.57049924
1.0999241,-4.8264265,0.5700429
1.0990596,-4.8257,0.5695866
1.0981951,-4.824973,0.56913024
1.0972887,-4.8241606,0.56857735
1.0965985,-4.8235297,0.56813854
1.0959083,-4.822899,0.56769973
1.0952181,-4.822268,0.5672609
1.0945278,-4.821637,0.5668221
1.0938376,-4.8210063,0.5663833
1.0931474,-4.8203754,0.5659445
1.0924171,-4.8197575,0.56555
1.0916868,-4.8191395,0.56515557
1.0909566,-4.8185215,0.5647611
1.0902263,-4.8179035,0.56436664
1.089496,-4.8172855,0.5639722
1.0887657,-4.8166676,0.5635777
1.0880355,-4.8160496,0.56318325
1.0873052,-4.8154316,0.5627888
1.0865749,-4.8148136,0.5623943
1.0858446,-4.8141956,0.56199986
1.0851144,-4.8135777,0.5616054
1.0844249,-4.8129454,0.5611673
1.0837353,-4.812313,0.5607292
1.0830458,-4.811681,0.5602911
1.0823563,-4.8110485,0.559853
1.0816668,-4.810416,0.5594149
1.0809773,-4.809784,0.5589768
1.0802878,-4.8091516,0.55853873
1.0795983,-4.8085194,0.55810064
1.0789088,-4.807887,0.55766255
1.0782193,-4.807255,0.55722445
1.0775298,-4.8066225,0.55678636
1.0768403,-4.80599,0.55634826
1.0761508,-4.805358,0.55591017
1.0754613,-4.8047256,0.5554721
1.0747718,-4.8040934,0.555034
1.0740823,-4.803461,0.5545959
1.0733927,-4.802829,0.5541578
1.072704,-4.802212,0.5537435
1.0717605,-4.8014073,0.5532372
1.0710328,-4.800785,0.5528445
1.070305,-4.800163,0.55245185
1.0695772,-4.7995405,0.5520592
1.0688494,-4.7989182,0.5516665
1.0681217,-4.798296,0.5512738
1.0673939,-4.7976737,0.55088115
1.0666796,-4.7970643,0.55049694
1.0657631,-4.796286,0.5500072
1.0648466,-4.795508,0.5495175
1.0639302,-4.7947297,0.5490278
1.0630137,-4.7939515,0.5485381
1.0620972,-4.7931733,0.5480484
1.0611807,-4.792395,0.54755867
1.0602642,-4.791617,0.54706895
1.0593477,-4.7908387,0.54657924
1.0584313,-4.7900605,0.54608953
1.0575148,-4.7892823,0.5455998
1.0565983,-4.788504,0.5451101
1.0556818,-4.787726,0.5446204
1.0547653,-4.7869477,0.5441307
1.0538882,-4.786158,0.54359627
1.0530242,-4.7853646,0.54304695
1.0521601,-4.784571,0.54249763
1.0512968,-4.78381,0.54199517
1.0504342,-4.7830815,0.54153955
1.0495716,-4.782353,0.54108393
1.048709,-4.7816243,0.5406283
1.0478464,-4.7808957,0.5401727
1.0469838,-4.780167,0.5397171
1.0461212,-4.7794385,0.53926146
1.0452586,-4.77871,0.53880584
1.044396,-4.7779813,0.5383502
1.0435334,-4.7772527,0.5378946
1.0426708,-4.776524,0.537439
1.0418082,-4.7757955,0.5369834
1.0409456,-4.775067,0.53652775
1.040083,-4.7743382,0.53607213
1.0393263,-4.773644,0.5355903
1.0385696,-4.7729497,0.53510845
1.0378126,-4.772256,0.5346264
1.037002,-4.771513,0.53410965
1.0361384,-4.7707195,0.53355867
1.0352749,-4.769926,0.5330077
1.0344113,-4.7691326,0.5324567
1.0335478,-4.768339,0.5319057
1.0326842,-4.7675457,0.5313547
1.0318207,-4.7667522,0.53080374
1.0309571,-4.765959,0.53025275
1.0300936,-4.7651653,0.52970177
1.02923,-4.764372,0.5291508
1.0283664,-4.7635784,0.5285998
1.0275029,-4.762785,0.5280488
1.0266393,-4.7619915,0.5274978
1.0257758,-4.761198,0.52694684
1.0250895,-4.760563,0.52650857
1.0244032,-4.7599277,0.5260703
1.0237169,-4.7592926,0.525632
1.0229217,-4.75851,0.5250539
1.0221664,-4.757749,0.5244779
1.0214111,-4.756988,0.5239019
1.0206558,-4.756227,0.52332586
1.0199004,-4.755466,0.52274984
1.0191314,-4.7546926,0.522165
1.0183213,-4.753882,0.5215537
1.0175111,-4.7530713,0.5209424
1.016701,-4.7522607,0.5203311
1.0158908,-4.75145,0.5197198
1.0150807,-4.7506394,0.5191085
1.0142705,-4.749829,0.51849717
1.0134604,-4.749018,0.51788586
1.0126503,-4.7482076,0.51727456
1.0118401,-4.747397,0.51666325
1.01103,-4.7465863,0.51605195
1.0102198,-4.7457757,0.51544064
1.0094097,-4.744965,0.51482934
1.0085995,-4.7441545,0.51421803
1.0078273,-4.7433352,0.51356095
1.0070677,-4.742513,0.5128886
1.0063081,-4.741691,0.51221627
1.0055215,-4.7408776,0.51157314
1.004708,-4.7400727,0.5109592
1.0038946,-4.739268,0.5103453
1.0030811,-4.738463,0.50973135
1.0022676,-4.737658,0.5091174
1.0014541,-4.736853,0.5085035
1.0006406,-4.736048,0.50788957
0.99982715,-4.7352433,0.50727564
0.99901366,-4.7344384,0.5066617
0.9982002,-4.7336335,0.5060478
0.9973867,-4.7328286,0.50543386
0.9965732,-4.7320237,0.5048199
0.9957597,-4.731219,0.504206
0.99510765,-4.7305646,0.5036951
0.9944556,-4.7299104,0.50318414
0.99377584,-4.7292323,0.50265545
0.99306756,-4.728532,0.50210845
0.992359,-4.727832,0.5015613
0.9916504,-4.727132,0.5010141
0.9909418,-4.726432,0.50046694
0.99023324,-4.725732,0.49991974
0.98952466,-4.725032,0.49937245
0.9888161,-4.724332,0.49882516
0.9881075,-4.723632,0.49827787
0.9873989,-4.722932,0.49773058
0.98669034,-4.722232,0.4971833
0.98598176,-4.721532,0.496636
0.9852732,-4.720832,0.4960887
0.9845646,-4.720132,0.49554142
0.9838694,-4.7194443,0.49500263
0.9832142,-4.718794,0.4944893
0.982559,-4.7181435,0.493976
0.98186237,-4.717407,0.49336576
0.9811519,-4.7166424,0.49272323
0.9804414,-4.7158775,0.4920807
0.97973377,-4.7151756,0.49153328
0.97902614,-4.7144737,0.49098587
0.9783185,-4.713772,0.49043846
0.9776109,-4.71307,0.48989105
0.97690326,-4.712368,0.48934364
0.97619563,-4.711666,0.48879623
0.975488,-4.710964,0.48824883
0.9747804,-4.7102623,0.48770142
0.97407275,-4.7095604,0.487154
0.9733651,-4.7088585,0.4866066
0.9726575,-4.7081566,0.4860592
0.9719499,-4.7074547,0.48551178
0.97124225,-4.706753,0.48496437
0.97053456,-4.7060347,0.48439333
0.9698267,-4.705268,0.4837514
0.96911883,-4.704501,0.48310944
0.96838546,-4.703741,0.48249772
0.9676266,-4.7029877,0.48191622
0.9668677,-4.7022343,0.48133472
0.9661088,-4.701481,0.4807532
0.9653499,-4.7007275,0.4801717
0.964591,-4.699974,0.4795902
0.9638053,-4.699196,0.4789913
0.9629928,-4.698393,0.478375
0.96218026,-4.69759,0.47775868
0.9613677,-4.696787,0.47714236
0.9605552,-4.695984,0.47652605
0.95974267,-4.695181,0.47590974
0.95893013,-4.694378,0.47529343
0.9581176,-4.693575,0.47467712
0.9573051,-4.692772,0.4740608
0.95649254,-4.691969,0.4734445
0.95568,-4.691166,0.47282818
0.9548675,-4.690363,0.47221187
0.95405495,-4.68956,0.47159556
0.9532424,-4.688757,0.47097924
0.9524821,-4.6879387,0.4703026
0.9517218,-4.6871204,0.46962598
0.9508943,-4.686257,0.46892923
0.95012254,-4.6855073,0.4683614
0.9493508,-4.6847577,0.46779358
0.948579,-4.684008,0.46722576
0.947779,-4.683203,0.4665923
0.94696486,-4.6823707,0.46592605
0.9461507,-4.681538,0.4652598
0.9453366,-4.6807055,0.46459353
0.94452244,-4.679873,0.46392727
0.9437083,-4.6790404,0.463261
0.94289416,-4.678208,0.46259475
0.94208,-4.6773753,0.4619285
0.9412659,-4.6765428,0.46126223
0.94045174,-4.67571,0.46059597
0.9396376,-4.6748776,0.4599297
0.93882346,-4.674045,0.45926344
0.9380093,-4.6732125,0.45859718
0.9371952,-4.67238,0.45793092
0.93638104,-4.6715474,0.45726466
0.9355669,-4.670715,0.4565984
0.93475276,-4.6698823,0.45593214
0.9339386,-4.6690497,0.45526588
0.93308103,-4.668134,0.45450065
0.93234235,-4.667283,0.45374176
0.93160367,-4.666432,0.45298287
0.930865,-4.6655807,0.452224
0.9301263,-4.6647296,0.4514651
0.9293876,-4.6638784,0.4507062
0.92864895,-4.6630273,0.44994733
0.92791027,-4.662176,0.44918844
0.9271172,-4.6612773,0.44839403
0.926297,-4.6603546,0.44758186
0.9254768,-4.659432,0.44676968
0.92465657,-4.6585093,0.4459575
0.92383635,-4.6575866,0.44514534
0.92301613,-4.656664,0.44433317
0.9221959,-4.655741,0.443521
0.9213757,-4.6548185,0.44270882
0.9205555,-4.653896,0.44189665
0.91973525,-4.652973,0.44108447
0.91891503,-4.6520505,0.4402723
0.9180948,-4.651128,0.43946013
0.9172746,-4.650205,0.43864796
0.9164544,-4.6492825,0.43783578
0.91563416,-4.64836,0.4370236
0.91481394,-4.647437,0.43621144
0.9139937,-4.6465144,0.43539926
0.9131735,-4.6455917,0.4345871
0.9124335,-4.64471,0.43377963
0.9117336,-4.643849,0.43297452
0.91103375,-4.6429877,0.4321694
0.91034794,-4.642155,0.43139663
0.90969026,-4.64138,0.43068853
0.9090326,-4.6406045,0.42998043
0.9083749,-4.639829,0.42927232
0.9077172,-4.639054,0.42856422
0.90705955,-4.6382785,0.42785612
0.9064019,-4.637503,0.427148
0.9057442,-4.636728,0.4264399
0.9050865,-4.6359525,0.4257318
0.9043741,-4.6351285,0.42498782
0.9036617,-4.6343045,0.42424384
0.90294933,-4.6334805,0.42349985
0.90223694,-4.6326566,0.42275587
0.90152454,-4.6318326,0.42201188
0.90081215,-4.6310086,0.4212679
0.90009975,-4.6301847,0.4205239
0.89938736,-4.6293607,0.41977993
0.89867496,-4.6285367,0.41903594
0.89796257,-4.6277127,0.41829196
0.8972502,-4.6268888,0.41754797
0.8965378,-4.626065,0.416804
0.8958254,-4.625241,0.41606
0.89514005,-4.6244416,0.41533342
0.8944818,-4.6236672,0.41462424
0.8938235,-4.622893,0.41391507
0.89320725,-4.622203,0.4133036
0.892605,-4.621541,0.41272473
0.892017,-4.6209073,0.41217855
0.8913354,-4.6202207,0.4116184
0.89065385,-4.619534,0.41105828
0.88997227,-4.6188474,0.41049814
0.8892907,-4.6181607,0.409938
0.8886091,-4.617474,0.40937787
0.88792753,-4.6167874,0.40881774
0.88724595,-4.616101,0.4082576
0.8865644,-4.615414,0.40769747
0.8858828,-4.6147275,0.40713733
0.8852012,-4.614041,0.4065772
0.88454634,-4.613347,0.40598643
0.88397264,-4.612726,0.4054484
0.88339895,-4.6121054,0.4049104
0.88282526,-4.6114845,0.40437236
0.88225156,-4.6108637,0.40383422
0.88167787,-4.610243,0.4032958
0.8811042,-4.609622,0.40275735
0.8805305,-4.609001,0.4022189
0.8799568,-4.6083803,0.40168047
0.8793831,-4.6077595,0.40114203
0.8788094,-4.6071386,0.4006036
0.8782357,-4.606518,0.40006515
0.87766236,-4.605897,0.3995268
0.8770895,-4.605276,0.39898857
0.87656933,-4.60464,0.39839014
0.8760887,-4.6039925,0.39774656
0.875608,-4.603345,0.39710298
0.8751274,-4.6026974,0.3964594
0.8746467,-4.60205,0.39581582
0.8741661,-4.6014023,0.39517224
0.8736854,-4.6007547,0.39452866
0.87320477,-4.600107,0.39388508
0.87272483,-4.5994596,0.39324167
0.8721371,-4.598714,0.39252767
0.87156636,-4.5980244,0.39189467
0.87096864,-4.597294,0.3912203
0.8703709,-4.5965633,0.39054593
0.8697732,-4.595833,0.38987157
0.8691755,-4.5951023,0.3891972
0.8685778,-4.594372,0.38852283
0.86798006,-4.5936413,0.38784847
0.86738235,-4.592911,0.3871741
0.86678463,-4.5921803,0.38649973
0.8661869,-4.5914497,0.38582537
0.8655892,-4.590719,0.385151
0.8649915,-4.5899887,0.38447663
0.8643938,-4.589258,0.38380226
0.86374235,-4.5884624,0.38306895
0.86313295,-4.5877185,0.38238633
0.86252356,-4.5869746,0.3817037
0.86191416,-4.5862308,0.38102108
0.86127853,-4.585461,0.3803207
0.8606298,-4.5846786,0.37961143
0.85998106,-4.583896,0.37890217
0.8592784,-4.5830326,0.37811005
0.858738,-4.582349,0.3774715
0.8581976,-4.581665,0.37683296
0.85765725,-4.5809813,0.37619442
0.8571169,-4.5802975,0.37555587
0.8565765,-4.5796137,0.37491733
0.8560361,-4.57893,0.37427878
0.85549575,-4.578246,0.37364024
0.8549554,-4.5775623,0.3730017
0.854415,-4.5768785,0.37236315
0.8538746,-4.576195,0.3717246
0.85333425,-4.575511,0.37108606
0.8527939,-4.574827,0.37044752
0.8522535,-4.5741434,0.36980897
0.8517131,-4.5734596,0.36917043
0.85117275,-4.572776,0.36853188
0.85063237,-4.572092,0.36789334
0.850092,-4.5714083,0.3672548
0.8495516,-4.5707245,0.36661625
0.84901124,-4.5700407,0.3659777
0.84847087,-4.569357,0.36533916
0.8479305,-4.568673,0.36470062
0.8473901,-4.5679893,0.36406207
0.84684974,-4.5673056,0.36342353
0.84630936,-4.566622,0.36278498
0.845769,-4.565938,0.36214644
0.8452286,-4.565254,0.3615079
0.8446213,-4.564525,0.3608485
0.84394705,-4.5637507,0.36016822
0.8432728,-4.5629764,0.35948795
0.84259856,-4.562202,0.35880768
0.8419243,-4.5614276,0.35812742
0.84125006,-4.560653,0.35744715
0.84057593,-4.5598464,0.3567189
0.8399018,-4.5590396,0.35599065
0.8392277,-4.558233,0.3552624
0.83855355,-4.557426,0.35453415
0.8378794,-4.556619,0.3538059
0.8372053,-4.5558124,0.35307765
0.83653116,-4.5550056,0.3523494
0.8358823,-4.5542264,0.3516376
0.83523345,-4.5534472,0.3509258
0.8345846,-4.552668,0.350214
0.83393574,-4.551889,0.3495022
0.8332869,-4.55111,0.3487904
0.832638,-4.5503306,0.3480786
0.83198917,-4.5495515,0.3473668
0.8313403,-4.5487723,0.346655
0.83069146,-4.547993,0.3459432
0.8300426,-4.547214,0.3452314
0.82939374,-4.546435,0.34451962
0.8287449,-4.5456557,0.34380782
0.82809603,-4.5448766,0.34309602
0.8274472,-4.5440974,0.34238422
0.8267983,-4.5433183,0.34167242
0.82614946,-4.542539,0.34096062
0.8255006,-4.54176,0.34024882
0.82485175,-4.540981,0.33953702
0.8242029,-4.5402017,0.33882523
0.82355404,-4.5394225,0.33811343
0.8229052,-4.5386434,0.33740163
0.8222563,-4.537864,0.33668983
0.8216075,-4.537085,0.33597803
0.8209586,-4.536306,0.33526623
0.82030976,-4.5355268,0.33455443
0.8196609,-4.5347476,0.33384264
0.81901205,-4.5339684,0.33313084
0.8183353,-4.533199,0.3324476
0.81765854,-4.532429,0.33176434
0.8169818,-4.5316596,0.3310811
0.81630504,-4.53089,0.33039784
0.8156283,-4.5301204,0.3297146
0.814976,-4.5293784,0.32904798
0.81432366,-4.5286365,0.32838136
0.81367135,-4.5278945,0.32771474
0.81301904,-4.5271525,0.32704812
0.8123667,-4.5264106,0.3263815
0.8117144,-4.5256686,0.3257149
0.8110621,-4.5249267,0.32504827
0.8104098,-4.5241847,0.32438165
0.8097575,-4.5234427,0.32371503
0.80910516,-4.522701,0.3230484
0.80845284,-4.521959,0.3223818
0.8078803,-4.5213246,0.32181537
0.8073077,-4.5206904,0.32124895
0.80673516,-4.5200562,0.32068253
0.8061626,-4.519422,0.3201161
0.80559003,-4.518788,0.31954968
0.8050175,-4.5181537,0.31898326
0.8044449,-4.5175195,0.31841683
0.80387235,-4.5168853,0.3178504
0.8032998,-4.516251,0.317284
0.8027272,-4.515617,0.31671757
0.80215466,-4.5149827,0.31615114
0.8015821,-4.5143485,0.31558472
0.80100954,-4.5137143,0.3150183
0.800437,-4.51308,0.31445187
0.7998644,-4.512446,0.31388545
0.79929185,-4.5118117,0.31331903
0.7987193,-4.5111775,0.3127526
0.7981467,-4.5105433,0.31218618
0.79757416,-4.509909,0.31161976
0.7970016,-4.509275,0.31105334
0.79642904,-4.508641,0.3104869
0.7958565,-4.5080066,0.3099205
0.7952839,-4.5073724,0.30935407
0.79471135,-4.506738,0.30878764
0.7941388,-4.506104,0.30822122
0.7935662,-4.50547,0.3076548
0.79299366,-4.5048356,0.30708838
0.79229987,-4.504123,0.30648935
0.7915915,-4.503368,0.3058337
0.7908832,-4.5026126,0.30517805
0.79017484,-4.5018573,0.3045224
0.7894665,-4.501102,0.30386674
0.78875816,-4.5003467,0.3032111
0.7881324,-4.4997115,0.3026808
0.7873847,-4.4989676,0.30207014
0.78663695,-4.498224,0.3014595
0.7858892,-4.49748,0.30084884
0.78514147,-4.496736,0.3002382
0.7843937,-4.495992,0.29962754
0.783646,-4.4952483,0.2990169
0.78289825,-4.4945045,0.29840624
0.7821505,-4.4937606,0.2977956
0.78140277,-4.4930167,0.29718494
0.780655,-4.492273,0.2965743
0.7799613,-4.4915614,0.29597503
0.77930826,-4.490886,0.29540247
0.7786958,-4.490247,0.29485664
0.77802867,-4.4895425,0.29425102
0.7773615,-4.488838,0.2936454
0.77669436,-4.488134,0.2930398
0.7760272,-4.4874296,0.2924342
0.77536005,-4.4867253,0.29182857
0.7746929,-4.486021,0.29122296
0.77402574,-4.4853168,0.29061735
0.77336067,-4.484691,0.29013154
0.7726696,-4.484073,0.2896759
0.7718848,-4.4833684,0.28915802
0.7712083,-4.4827604,0.28871158
0.7705318,-4.4821525,0.28826514
0.76985526,-4.4815445,0.2878187
0.76917875,-4.4809365,0.28737226
0.76850224,-4.4803286,0.28692582
0.7678257,-4.4797206,0.28647938
0.7671492,-4.4791126,0.28603294
0.7664727,-4.4785047,0.2855865
0.7657962,-4.4778967,0.28514007
0.76510596,-4.4772606,0.28466082
0.7643609,-4.476512,0.28405032
0.76361585,-4.4757633,0.28343982
0.7628067,-4.4750314,0.28290457
0.7619976,-4.4742994,0.28236932
0.76118845,-4.4735675,0.28183407
0.7603793,-4.4728355,0.28129882
0.7596514,-4.4721766,0.28081715
0.75884295,-4.471444,0.28028202
0.75803447,-4.4707117,0.2797469
0.757226,-4.4699793,0.27921176
0.7564175,-4.469247,0.27867663
0.75560904,-4.4685144,0.2781415
0.75480056,-4.467782,0.27760637
0.7539921,-4.4670496,0.27707124
0.7531836,-4.466317,0.2765361
0.7523751,-4.4655848,0.27600098
0.75156665,-4.4648523,0.27546585
0.7507582,-4.46412,0.27493072
0.7499497,-4.4633875,0.27439559
0.7491278,-4.4626427,0.2738516
0.7482657,-4.4618607,0.27328107
0.74740356,-4.4610786,0.27271053
0.74654144,-4.4602966,0.27214
0.74581563,-4.459683,0.2717306
0.7450898,-4.4590693,0.2713212
0.744364,-4.4584556,0.2709118
0.7436382,-4.457842,0.27050242
0.7429124,-4.457228,0.27009302
0.7421866,-4.4566145,0.26968363
0.7414608,-4.456001,0.26927423
0.740735,-4.455387,0.26886484
0.7400092,-4.4547734,0.26845545
0.7392834,-4.4541597,0.26804605
0.7385576,-4.453546,0.26763666
0.7378318,-4.4529324,0.26722726
0.73710597,-4.4523187,0.26681787
0.73638016,-4.451705,0.26640847
0.73565435,-4.4510913,0.26599908
0.73492855,-4.4504776,0.26558968
0.7340149,-4.449708,0.2650796
0.7331554,-4.448987,0.26460525
0.73229593,-4.448266,0.26413092
0.7314228,-4.4474854,0.26357606
0.7305101,-4.446715,0.26306644
0.72959745,-4.4459443,0.26255682
0.7286848,-4.4451737,0.2620472
0.7277721,-4.444403,0.26153758
0.72685945,-4.4436326,0.26102796
0.7259468,-4.442862,0.26051834
0.7250341,-4.4420915,0.26000872
0.72412145,-4.441321,0.2594991
0.7232088,-4.4405503,0.25898948
0.7222961,-4.4397798,0.25847986
0.72138345,-4.439009,0.25797024
0.7204708,-4.4382386,0.25746062
0.7195581,-4.437468,0.256951
0.71872574,-4.436772,0.25649503
0.7179201,-4.4361005,0.25605693
0.7171145,-4.435429,0.25561884
0.7162419,-4.4347115,0.25516063
0.7153693,-4.433994,0.25470242
0.7145489,-4.433263,0.2541839
0.71374154,-4.4325285,0.25365028
0.7129342,-4.431794,0.25311667
0.71212685,-4.43106,0.25258306
0.7113195,-4.4303255,0.25204945
0.71051216,-4.429591,0.25151584
0.7097048,-4.428857,0.25098222
0.7088975,-4.4281225,0.2504486
0.7080901,-4.427388,0.249915
0.7072828,-4.426654,0.2493814
0.70647544,-4.4259195,0.24884778
0.7056711,-4.4252615,0.24843487
0.7048667,-4.4246035,0.24802196
0.7041141,-4.423932,0.24754825
0.7033744,-4.4232574,0.24705935
0.7026347,-4.4225826,0.24657044
0.701895,-4.421908,0.24608153
0.7011821,-4.421258,0.2456103
0.7005095,-4.420645,0.24516557
0.69983685,-4.4200325,0.24472085
0.6991642,-4.41942,0.24427612
0.6984916,-4.418807,0.2438314
0.69781893,-4.4181943,0.24338667
0.6971463,-4.4175816,0.24294195
0.69647366,-4.416969,0.24249722
0.695801,-4.416356,0.2420525
0.6951284,-4.4157434,0.24160777
0.69445574,-4.4151306,0.24116305
0.6937033,-4.4144754,0.24071294
0.69297695,-4.4138145,0.24023238
0.6922506,-4.4131536,0.23975182
0.69152427,-4.4124928,0.23927125
0.690746,-4.41186,0.2388754
0.6899954,-4.4112825,0.23854548
0.6892448,-4.410705,0.23821555
0.6884942,-4.4101276,0.23788562
0.6877436,-4.40955,0.2375557
0.686993,-4.4089727,0.23722577
0.6862424,-4.4083953,0.23689584
0.6854918,-4.407818,0.23656592
0.6847289,-4.4072433,0.23625192
0.68392783,-4.406694,0.23600784
0.6831892,-4.406053,0.23556724
0.6825169,-4.4054427,0.23512289
0.68184453,-4.4048324,0.23467854
0.6811722,-4.404222,0.23423418
0.68049985,-4.4036117,0.23378983
0.679723,-4.403012,0.2334428
0.67897093,-4.4023714,0.23301707
0.6782722,-4.4017644,0.23260286
0.67741865,-4.4012303,0.23241928
0.6765651,-4.4006963,0.2322357
0.6757116,-4.400162,0.23205212
0.67493206,-4.3995166,0.23163205
0.67425793,-4.398906,0.23118651
0.6735188,-4.398311,0.23081689
0.67271554,-4.397762,0.23057137
0.6719123,-4.3972125,0.23032586
0.6711091,-4.396663,0.23008035
0.67030585,-4.396114,0.22983484
0.66950136,-4.395519,0.22951713
0.66869813,-4.3949695,0.22927162
0.6678949,-4.39442,0.22902611
0.66709024,-4.393843,0.22873226
0.6662856,-4.393266,0.2284384
0.6654809,-4.392689,0.22814456
0.66467625,-4.3921123,0.2278507
0.6638716,-4.3915353,0.22755685
0.6631456,-4.3909373,0.22717199
0.6623158,-4.3903327,0.22686106
0.661514,-4.3897834,0.22661626
0.6607122,-4.389234,0.22637147
0.6599104,-4.3886847,0.22612667
0.65912044,-4.3881025,0.22581843
0.65840745,-4.387503,0.2254189
0.6577062,-4.386871,0.22495592
0.65700495,-4.3862386,0.22449294
0.6563037,-4.3856063,0.22402996
0.6555245,-4.384991,0.22365835
0.65471953,-4.384414,0.22336502
0.65391326,-4.383825,0.223047
0.6531068,-4.3832526,0.22275256
0.65230036,-4.3826804,0.22245811
0.6514939,-4.382108,0.22216366
0.65068746,-4.381536,0.22186922
0.64982677,-4.380915,0.2215391
0.6490724,-4.3803444,0.22120813
0.6482243,-4.379718,0.22086306
0.6473762,-4.3790913,0.22051817
0.64652807,-4.3784647,0.22017351
0.64567995,-4.377838,0.21982884
0.64483184,-4.3772116,0.21948418
0.6439837,-4.376585,0.21913952
0.6431356,-4.3759584,0.21879485
0.6423517,-4.3753166,0.21837407
0.6416095,-4.374742,0.21802904
0.6408034,-4.3741984,0.21778496
0.6400583,-4.373581,0.21736765
0.6393516,-4.372955,0.21690448
0.63864493,-4.3723288,0.2164413
0.63793826,-4.3717027,0.21597813
0.6372327,-4.371107,0.21556327
0.6365253,-4.370481,0.2150997
0.6357414,-4.369888,0.21475232
0.6349326,-4.3693156,0.2144598
0.63412374,-4.3687434,0.2141673
0.6333149,-4.368171,0.21387479
0.6325061,-4.367599,0.21358228
0.63169724,-4.367027,0.21328977
0.6308884,-4.3664546,0.21299726
0.6300508,-4.3658442,0.21266235
0.62919945,-4.365222,0.2123185
0.6283481,-4.3645997,0.21197464
0.6274968,-4.3639774,0.21163078
0.62664545,-4.363355,0.21128692
0.6257941,-4.362733,0.21094306
0.6250453,-4.3620877,0.21047665
0.62431073,-4.3614693,0.21004353
0.62360173,-4.360843,0.20957997
0.62289274,-4.360217,0.20911641
0.62218374,-4.359591,0.20865285
0.62150216,-4.358988,0.20820731
0.6208223,-4.358389,0.20776333
