2.206167,-5.723729,1.1214094
2.20424,-5.7234287,1.1213359
2.2026007,-5.7240458,1.1216966
2.2008567,-5.723659,1.1215743
2.2000299,-5.7231383,1.1213527
2.1981199,-5.722732,1.1212271
2.1971705,-5.722348,1.1210767
2.1953006,-5.721677,1.1208212
2.1943517,-5.7212925,1.1206704
2.1934028,-5.720908,1.1205196
2.192454,-5.7205234,1.1203686
2.1916275,-5.7199554,1.120124
2.1909375,-5.7192874,1.1198257
2.1901176,-5.718688,1.1196707
2.1894093,-5.7179875,1.1194819
2.1887453,-5.7172604,1.1192701
2.1880813,-5.716533,1.1190583
2.1872845,-5.7158866,1.1189158
2.1865222,-5.715153,1.1187227
2.18522,-5.7137284,1.1183081
2.1839178,-5.7123036,1.1178935
2.1823976,-5.710967,1.1175704
2.1815615,-5.7102785,1.1174157
2.1807253,-5.70959,1.1172609
2.1798892,-5.7089014,1.1171062
2.179053,-5.708213,1.1169515
2.178217,-5.7075243,1.1167967
2.1773808,-5.7068357,1.116642
2.1765447,-5.706147,1.1164873
2.1750684,-5.704784,1.1161413
2.174339,-5.703986,1.115909
2.1736097,-5.7031884,1.1156766
2.1728804,-5.7023907,1.1154443
2.1720889,-5.7016745,1.1152662
2.1712973,-5.7009583,1.1150881
2.1705058,-5.700242,1.11491
2.1697142,-5.699526,1.1147319
2.1689227,-5.6988096,1.1145538
2.168131,-5.6980934,1.1143757
2.1673396,-5.697377,1.1141976
2.166548,-5.696661,1.1140195
2.1657565,-5.695945,1.1138414
2.1650274,-5.6951466,1.113609
2.1642947,-5.6943946,1.1134001
2.1635048,-5.693655,1.1132102
2.1627297,-5.6929064,1.1130124
2.1620142,-5.6921215,1.1127836
2.1612988,-5.6913366,1.1125547
2.1605833,-5.6905518,1.1123258
2.1598678,-5.689767,1.1120969
2.1591523,-5.688982,1.111868
2.1584368,-5.688197,1.1116391
2.1577213,-5.6874123,1.1114103
2.1569939,-5.686627,1.1111275
2.1562552,-5.685875,1.1107943
2.1555166,-5.685123,1.1104611
2.1547246,-5.684316,1.1101035
2.153973,-5.68355,1.1097637
2.1532216,-5.6827836,1.109424
2.15247,-5.6820173,1.1090842
2.1517186,-5.681251,1.1087445
2.1509671,-5.680485,1.1084048
2.1502714,-5.679728,1.1080588
2.1496313,-5.678981,1.1077067
2.148991,-5.6782336,1.1073545
2.148351,-5.6774864,1.1070024
2.1477108,-5.676739,1.1066502
2.1470706,-5.675992,1.1062981
2.1464305,-5.675245,1.105946
2.1457903,-5.6744976,1.1055938
2.1451502,-5.6737504,1.1052417
2.1445088,-5.6730075,1.1048962
2.1438723,-5.6722503,1.1045747
2.1432357,-5.671493,1.1042532
2.142599,-5.670736,1.1039317
2.1419625,-5.6699786,1.1036102
2.1411614,-5.669147,1.1032776
2.1403604,-5.6683154,1.102945
2.1395593,-5.667484,1.1026124
2.138801,-5.6666255,1.1022552
2.1380572,-5.665758,1.1018898
2.1373134,-5.664891,1.1015245
2.1365695,-5.6640234,1.1011591
2.1358256,-5.663156,1.1007937
2.1350818,-5.6622887,1.1004283
2.134338,-5.6614213,1.100063
2.133594,-5.660554,1.0996976
2.1328502,-5.6596866,1.0993322
2.1321063,-5.658819,1.0989668
2.1313624,-5.657952,1.0986015
2.1306186,-5.6570845,1.0982361
2.1298747,-5.656217,1.0978707
2.1291308,-5.6553497,1.0975053
2.1282752,-5.6544642,1.0971515
2.1274195,-5.6535788,1.0967977
2.126564,-5.6526933,1.0964439
2.1257088,-5.6518073,1.0960898
2.1248536,-5.6509213,1.0957358
2.123972,-5.6500077,1.0953705
2.1232908,-5.6493015,1.0950882
2.1226096,-5.6485953,1.094806
2.1219285,-5.647889,1.0945237
2.1212473,-5.647183,1.0942414
2.1205661,-5.6464767,1.0939591
2.119885,-5.6457705,1.0936768
2.1192038,-5.6450644,1.0933945
2.1185226,-5.644358,1.0931122
2.1178415,-5.643652,1.09283
2.1171603,-5.642946,1.0925477
2.1164792,-5.6422396,1.0922654
2.115798,-5.6415334,1.0919831
2.1151168,-5.640827,1.0917008
2.1144357,-5.640121,1.0914185
2.1137545,-5.639415,1.0911362
2.1130733,-5.6387086,1.0908539
2.1123922,-5.6380024,1.0905716
2.1115222,-5.637104,1.0902133
2.1106653,-5.63622,1.0898607
2.1098084,-5.635336,1.089508
2.1089516,-5.634452,1.0891554
2.1080947,-5.633568,1.0888028
2.107318,-5.6327667,1.0884833
2.1066215,-5.6320486,1.088197
2.105925,-5.6313305,1.0879107
2.1052287,-5.6306124,1.0876243
2.1045322,-5.6298943,1.087338
2.1038358,-5.629176,1.0870516
2.1031394,-5.628458,1.0867653
2.102443,-5.62774,1.086479
2.1017466,-5.627022,1.0861926
2.1010501,-5.6263037,1.0859063
2.1003537,-5.6255856,1.0856199
2.0996573,-5.6248674,1.0853336
2.0989609,-5.6241493,1.0850472
2.0982087,-5.6234217,1.0847666
2.097401,-5.622685,1.0844917
2.0965931,-5.6219482,1.0842168
2.0957854,-5.6212115,1.0839419
2.09491,-5.620428,1.0836529
2.0940344,-5.6196446,1.0833638
2.093159,-5.618861,1.0830747
2.0922856,-5.618077,1.0827892
2.0914142,-5.617287,1.0825123
2.0905428,-5.6164975,1.0822353
2.0896714,-5.615708,1.0819584
2.0888,-5.614918,1.0816815
2.0879285,-5.6141286,1.0814046
2.087057,-5.613339,1.0811276
2.0863335,-5.6126795,1.0808954
2.0855303,-5.611936,1.0806311
2.084727,-5.6111927,1.0803668
2.0839002,-5.6103754,1.080064
2.0830066,-5.60951,1.0797474
2.0820987,-5.6086535,1.079439
2.0811908,-5.607797,1.0791306
2.080283,-5.6069407,1.0788223
2.079375,-5.6060843,1.0785139
2.0784671,-5.605228,1.0782055
2.0775592,-5.6043715,1.0778971
2.0766513,-5.603515,1.0775887
2.0757434,-5.6026587,1.0772803
2.0748355,-5.6018023,1.0769719
2.0739276,-5.600946,1.0766635
2.0730197,-5.6000896,1.0763551
2.0721118,-5.599233,1.0760467
2.071192,-5.5983396,1.0757192
2.0704749,-5.5975866,1.075431
2.0697577,-5.5968337,1.0751427
2.0690405,-5.596081,1.0748545
2.0682967,-5.5953,1.0745556
2.0675395,-5.594506,1.0742515
2.0667822,-5.5937114,1.0739474
2.066025,-5.592917,1.0736433
2.0652678,-5.5921226,1.0733392
2.0645106,-5.591328,1.0730351
2.0637534,-5.5905337,1.072731
2.0629697,-5.5897117,1.0724163
2.0621328,-5.588834,1.0720803
2.061296,-5.587956,1.0717442
2.0604591,-5.587078,1.0714082
2.0596223,-5.5862,1.0710721
2.0587854,-5.5853224,1.070736
2.0579486,-5.5844445,1.0704
2.0571117,-5.5835667,1.070064
2.056275,-5.582689,1.0697279
2.055438,-5.581811,1.0693918
2.0546012,-5.580933,1.0690558
2.0537643,-5.580055,1.0687197
2.0529275,-5.5791774,1.0683837
2.0520906,-5.5782995,1.0680476
2.0512538,-5.5774217,1.0677116
2.050417,-5.576544,1.0673755
2.04958,-5.575666,1.0670395
2.0487432,-5.574788,1.0667034
2.0479462,-5.5739517,1.0663834
2.047229,-5.5731993,1.0660952
2.046512,-5.572447,1.0658071
2.0457947,-5.5716944,1.065519
2.044998,-5.570858,1.0651989
2.0441618,-5.56998,1.0648651
2.0433264,-5.5691004,1.0645347
2.042491,-5.5682206,1.0642042
2.0416555,-5.567341,1.0638739
2.0408201,-5.566461,1.0635436
2.0399847,-5.5655813,1.0632132
2.0391493,-5.5647016,1.0628829
2.0383139,-5.563822,1.0625526
2.0374784,-5.562942,1.0622222
2.036643,-5.5620623,1.0618919
2.0358076,-5.5611825,1.0615616
2.0349722,-5.5603027,1.0612313
2.0341368,-5.559423,1.0609009
2.0333014,-5.558543,1.0605706
2.032466,-5.5576634,1.0602403
2.0316305,-5.5567837,1.0599099
2.030795,-5.555904,1.0595796
2.0299597,-5.555024,1.0592493
2.0291243,-5.5541444,1.058919
2.0282888,-5.5532646,1.0585886
2.0274403,-5.5523705,1.0582528
2.0265791,-5.551462,1.0579114
2.0257447,-5.5505815,1.0575802
2.0249102,-5.5497007,1.0572491
2.0240757,-5.54882,1.0569179
2.0232413,-5.5479393,1.0565867
2.0224068,-5.5470586,1.0562556
2.0215724,-5.546178,1.0559244
2.020738,-5.545297,1.0555933
2.0197845,-5.54429,1.0552146
2.018831,-5.543283,1.054836
2.0178776,-5.542276,1.0544574
2.0169241,-5.541269,1.0540788
2.0159707,-5.5402617,1.0537002
2.0150173,-5.5392547,1.0533216
2.0140638,-5.5382476,1.052943
2.0131104,-5.5372405,1.0525644
2.012157,-5.5362334,1.0521858
2.0112035,-5.5352263,1.0518072
2.01025,-5.5342193,1.0514286
2.0092967,-5.533212,1.05105
2.0083432,-5.532205,1.0506713
2.0073898,-5.531198,1.0502927
2.0064363,-5.530191,1.0499141
2.005483,-5.529184,1.0495355
2.0045295,-5.528177,1.0491569
2.003576,-5.5271697,1.0487783
2.0028877,-5.5264425,1.0485047
2.0022001,-5.5257144,1.0482305
2.0015125,-5.5249863,1.0479563
2.000825,-5.524258,1.0476822
2.0001373,-5.52353,1.047408
1.9994497,-5.522802,1.0471338
1.9987621,-5.5220737,1.0468596
1.9980745,-5.5213456,1.0465854
1.9973869,-5.5206175,1.0463113
1.9966993,-5.5198894,1.0460371
1.9960117,-5.519161,1.0457629
1.9953241,-5.518433,1.0454887
1.9946365,-5.517705,1.0452145
1.9939489,-5.516977,1.0449404
1.9932613,-5.5162487,1.0446662
1.9925737,-5.5155206,1.044392
1.9918861,-5.5147924,1.0441178
1.9909742,-5.5138254,1.0437535
1.9900622,-5.5128584,1.0433892
1.9891503,-5.5118914,1.0430249
1.9882383,-5.5109243,1.0426606
1.9873264,-5.5099573,1.0422963
1.9864144,-5.5089903,1.041932
1.9855025,-5.5080233,1.0415677
1.9845905,-5.507056,1.0412034
1.9836786,-5.506089,1.0408391
1.9827666,-5.505122,1.0404748
1.9818547,-5.504155,1.0401105
1.9809427,-5.503188,1.0397462
1.9800308,-5.502221,1.0393819
1.9791188,-5.501254,1.0390176
1.9782069,-5.500287,1.0386533
1.9772949,-5.49932,1.038289
1.976383,-5.498353,1.0379246
1.975471,-5.497386,1.0375603
1.9746023,-5.4963927,1.0371716
1.9737337,-5.4953995,1.0367829
1.972865,-5.494406,1.0363941
1.9719963,-5.493413,1.0360054
1.971151,-5.492494,1.0356547
1.9703172,-5.4916124,1.035323
1.9694835,-5.490731,1.0349914
1.9686497,-5.489849,1.0346597
1.967816,-5.4889674,1.0343281
1.9669822,-5.4880857,1.0339965
1.9661485,-5.487204,1.0336648
1.9653147,-5.4863224,1.0333332
1.964481,-5.4854407,1.0330015
1.9636472,-5.484559,1.0326699
1.9628135,-5.4836774,1.0323383
1.9619797,-5.4827957,1.0320066
1.961146,-5.481914,1.031675
1.9603122,-5.4810324,1.0313433
1.9594785,-5.4801507,1.0310117
1.9586447,-5.479269,1.0306801
1.957811,-5.4783874,1.0303484
1.9569772,-5.4775057,1.0300168
1.95617,-5.476652,1.0296957
1.9554155,-5.475855,1.0293959
1.954661,-5.4750576,1.0290961
1.9539065,-5.4742603,1.0287963
1.9531479,-5.473532,1.0285374
1.952473,-5.472819,1.028269
1.9517982,-5.4721055,1.0280007
1.9511234,-5.471392,1.0277324
1.9504485,-5.470679,1.027464
1.9497737,-5.4699655,1.0271957
1.9490988,-5.469252,1.0269274
1.948424,-5.4685388,1.026659
1.9477491,-5.4678254,1.0263907
1.9470743,-5.467112,1.0261223
1.9463995,-5.4663987,1.025854
1.9457246,-5.4656854,1.0255857
1.9450498,-5.464972,1.0253173
1.9443457,-5.4643083,1.0249633
1.9436415,-5.4636455,1.024608
1.9429374,-5.4629827,1.0242528
1.9422332,-5.46232,1.0238975
1.941529,-5.461657,1.0235423
1.9407979,-5.461014,1.0231997
1.9400535,-5.4603806,1.0228633
1.939309,-5.4597473,1.0225269
1.9385648,-5.459114,1.0221903
1.937821,-5.4584804,1.0218536
1.9370773,-5.4578466,1.0215168
1.9363335,-5.457213,1.02118
1.9355898,-5.456579,1.0208433
1.934846,-5.4559455,1.0205065
1.9341023,-5.455312,1.0201697
1.9333586,-5.454678,1.019833
1.9325333,-5.4539647,1.0194536
1.931708,-5.4532514,1.0190743
1.9308827,-5.452538,1.018695
1.9300574,-5.4518247,1.0183157
1.9292321,-5.4511113,1.0179363
1.9284068,-5.450398,1.017557
1.9275815,-5.4496846,1.0171777
1.9267563,-5.4489713,1.0167984
1.925931,-5.448258,1.016419
1.9251057,-5.4475446,1.0160397
1.9242804,-5.446831,1.0156604
1.9234551,-5.446118,1.0152811
1.9226298,-5.4454045,1.0149018
1.9218045,-5.444691,1.0145224
1.9209793,-5.443978,1.0141431
1.920154,-5.4432645,1.0137638
1.9193287,-5.442551,1.0133845
1.9185586,-5.4419365,1.0130599
1.9175686,-5.4411826,1.0126635
1.9165785,-5.4404287,1.0122671
1.9156705,-5.4397073,1.0118862
1.9147625,-5.438986,1.0115054
1.9138545,-5.4382644,1.0111245
1.9129326,-5.4375296,1.0107366
1.9119833,-5.436769,1.0103347
1.9110339,-5.4360085,1.0099329
1.9100845,-5.435248,1.009531
1.9091351,-5.4344873,1.0091292
1.9081857,-5.433727,1.0087273
1.9072363,-5.432966,1.0083255
1.906287,-5.4322057,1.0079236
1.9053376,-5.431445,1.0075217
1.9043882,-5.4306846,1.0071199
1.9034388,-5.429924,1.006718
1.9024894,-5.4291635,1.0063162
1.90154,-5.428403,1.0059143
1.9005907,-5.4276423,1.0055125
1.8996413,-5.426882,1.0051106
1.8986919,-5.426121,1.0047088
1.8977425,-5.4253607,1.0043069
1.8967931,-5.4246,1.003905
1.89583,-5.423826,1.0034962
1.8948953,-5.4230776,1.0031008
1.8939885,-5.4223547,1.0027192
1.8930817,-5.421632,1.0023376
1.8921748,-5.420909,1.001956
1.891268,-5.420186,1.0015744
1.8903612,-5.419463,1.0011928
1.8894544,-5.4187403,1.0008112
1.8885205,-5.417991,1.0004154
1.8875324,-5.417189,0.9999912
1.8865442,-5.416387,0.9995669
1.8855561,-5.415585,0.99914265
1.884568,-5.414783,0.9987184
1.8835799,-5.413981,0.9982941
1.8825917,-5.413179,0.99786985
1.8816036,-5.412377,0.9974456
1.8806155,-5.411575,0.9970213
1.8796273,-5.410773,0.99659705
1.8786392,-5.4099708,0.9961728
1.8776511,-5.4091687,0.9957485
1.876663,-5.4083667,0.99532425
1.8756748,-5.4075646,0.9949
1.8746867,-5.4067626,0.9944757
1.8736986,-5.4059606,0.99405146
1.8727105,-5.4051585,0.9936272
1.8717234,-5.404346,0.9932376
1.8707802,-5.4035215,0.9929233
1.8699471,-5.402806,0.9926508
1.8691278,-5.4021263,0.9923933
1.8683084,-5.401447,0.9921358
1.8674891,-5.4007673,0.99187833
1.8666698,-5.400088,0.99162084
1.8658504,-5.3994083,0.99136335
1.8650311,-5.398729,0.99110585
1.8641026,-5.39794,0.99080616
1.863338,-5.397269,0.99055004
1.8625734,-5.3965974,0.9902939
1.8618088,-5.395926,0.9900378
1.8610442,-5.3952546,0.9897817
1.8602796,-5.394583,0.98952556
1.859515,-5.393912,0.98926944
1.8587503,-5.3932405,0.9890133
1.8579857,-5.392569,0.9887572
1.8572211,-5.3918977,0.9885011
1.8564565,-5.3912263,0.98824495
1.8556919,-5.390555,0.9879888
1.8549273,-5.3898835,0.9877327
1.8541627,-5.389212,0.9874766
1.8533438,-5.3885784,0.98723835
1.852525,-5.3879447,0.9870001
1.8516248,-5.387205,0.9867202
1.8508068,-5.386501,0.98645216
1.8499888,-5.3857965,0.9861841
1.8491708,-5.3850923,0.9859161
1.8483528,-5.384388,0.98564804
1.8475761,-5.3837934,0.98542494
1.8466773,-5.3831677,0.98519313
1.8457785,-5.382542,0.98496133
1.8448796,-5.3819165,0.9847295
1.8439808,-5.381291,0.9844977
1.843082,-5.3806653,0.9842659
1.8421831,-5.3800397,0.9840341
1.8412843,-5.379414,0.9838023
1.8403854,-5.3787885,0.9835705
1.8395543,-5.3781853,0.9833458
1.8386954,-5.3775325,0.9831011
1.8378332,-5.3768883,0.9828344
1.8369704,-5.376256,0.98254406
1.8361077,-5.3756237,0.98225373
1.835245,-5.3749914,0.9819634
1.8343823,-5.374359,0.98167306
1.8335196,-5.373727,0.9813827
1.8326569,-5.3730946,0.9810924
1.8318357,-5.3725257,0.98083097
1.8310146,-5.371957,0.98056954
1.8301398,-5.3713803,0.9803045
1.8293202,-5.3708572,0.98006374
1.8285006,-5.370334,0.979823
1.8276811,-5.369811,0.97958225
1.8268077,-5.3692803,0.97933793
1.8259367,-5.3688183,0.9791246
1.8251175,-5.3682947,0.9788837
1.8242292,-5.3677044,0.9786123
1.8234085,-5.367135,0.9783507
1.8225877,-5.3665657,0.9780891
1.821767,-5.3659964,0.9778275
1.8209462,-5.365427,0.9775659
1.8201393,-5.364871,0.97731036
1.8192924,-5.3643208,0.9770573
1.818472,-5.363751,0.97679543
1.817652,-5.363181,0.9765335
1.816832,-5.3626113,0.9762715
1.8160119,-5.3620415,0.97600955
1.8151919,-5.3614717,0.9757476
1.8143718,-5.360902,0.9754856
1.8135643,-5.360323,0.97521967
1.8128742,-5.3596582,0.9749155
1.8121579,-5.359013,0.9746199
1.8113364,-5.3584447,0.97435874
1.8105149,-5.3578763,0.97409755
1.8096935,-5.357308,0.97383636
1.808872,-5.3567395,0.9735752
1.8080505,-5.356171,0.973314
1.8072287,-5.355603,0.973053
1.8064076,-5.355058,0.97280234
1.8055872,-5.354536,0.972562
1.8047668,-5.354014,0.9723217
1.8039464,-5.353492,0.97208136
1.803126,-5.3529696,0.97184104
1.8023045,-5.3524013,0.97157985
1.8014834,-5.3518324,0.9713184
1.8006628,-5.351263,0.97105676
1.7998422,-5.3506937,0.97079504
1.7990217,-5.3501244,0.9705333
1.7982012,-5.349555,0.9702716
1.7973807,-5.3489857,0.97000986
1.7965996,-5.3483872,0.96973526
1.7957804,-5.347816,0.9694728
1.7949612,-5.3472447,0.9692104
1.7941294,-5.3467064,0.96896267
1.7933112,-5.3461814,0.9687211
1.7924931,-5.3456564,0.9684795
1.791675,-5.3451314,0.96823794
1.7908533,-5.3444924,0.96794474
1.7901095,-5.3437734,0.9676157
1.7893661,-5.3430543,0.9672865
1.7886004,-5.3424673,0.96701723
1.7878348,-5.3418803,0.96674794
1.7870691,-5.3412933,0.96647865
1.7863034,-5.3407063,0.96620935
1.7855381,-5.340115,0.96595275
1.7847728,-5.339521,0.96570265
1.7840074,-5.338927,0.96545255
1.783241,-5.3382874,0.965183
1.782472,-5.337534,0.964865
1.7817053,-5.3368716,0.9645858
1.7808847,-5.3362007,0.9643032
1.7800642,-5.33553,0.9640206
1.7792437,-5.334859,0.963738
1.7784911,-5.334233,0.9634742
1.7777386,-5.3336067,0.9632104
1.776986,-5.3329806,0.9629466
1.7762334,-5.3323545,0.9626828
1.7754809,-5.3317285,0.962419
1.7747283,-5.3311024,0.96215516
1.7739757,-5.3304763,0.96189135
1.7732232,-5.32985,0.96162754
1.7724706,-5.329224,0.96136373
1.771718,-5.328598,0.9610999
1.7709382,-5.327945,0.9608247
1.7701312,-5.327265,0.960538
1.7693794,-5.326638,0.960274
1.7686275,-5.3260117,0.96000993
1.7678757,-5.325385,0.9597459
1.7670417,-5.3246775,0.9594476
1.766276,-5.324014,0.959168
1.7655103,-5.323351,0.9588884
1.7647446,-5.3226876,0.9586088
1.763979,-5.3220243,0.9583292
1.7632133,-5.321361,0.9580496
1.7624476,-5.320698,0.95777
1.7616819,-5.3200345,0.9574904
1.7609162,-5.319371,0.9572108
1.7601506,-5.318708,0.9569312
1.7593849,-5.3180447,0.95665157
1.7586192,-5.3173814,0.95637196
1.7578535,-5.316718,0.95609236
1.7570878,-5.316055,0.95581275
1.7562128,-5.3152833,0.9554875
1.7553378,-5.314512,0.9551622
1.7544628,-5.3137403,0.95483696
1.7535881,-5.3129687,0.9545116
1.7527137,-5.3121967,0.9541861
1.7518393,-5.3114247,0.9538606
1.7509649,-5.3106527,0.9535351
1.7500905,-5.3098807,0.9532096
1.7492161,-5.3091087,0.9528841
1.7483417,-5.3083367,0.9525586
1.7474673,-5.3075647,0.9522331
1.7465929,-5.3067927,0.9519076
1.7457185,-5.3060207,0.9515821
1.7448441,-5.3052487,0.9512566
1.7439697,-5.3044767,0.9509311
1.7430953,-5.3037047,0.9506056
1.7422209,-5.3029327,0.9502801
1.7412915,-5.302107,0.94993186
1.7403622,-5.301281,0.94958365
1.7394329,-5.300455,0.94923544
1.7385038,-5.299629,0.94888717
1.7375747,-5.2988033,0.9485389
1.7366995,-5.297986,0.948194
1.7358781,-5.2971773,0.94785255
1.7350568,-5.2963686,0.9475111
1.7342354,-5.29556,0.9471696
1.733414,-5.294751,0.9468281
1.7325927,-5.2939425,0.94648665
1.7317713,-5.2931337,0.9461452
1.73095,-5.292325,0.9458037
1.7301286,-5.2915163,0.9454622
1.7293073,-5.2907076,0.94512075
1.728486,-5.289899,0.9447793
1.7276646,-5.28909,0.9444378
1.7268432,-5.2882814,0.9440963
1.7260219,-5.2874727,0.94375485
1.725161,-5.286715,0.9434353
1.7243402,-5.285999,0.94313323
1.7235194,-5.2852826,0.94283116
1.7226987,-5.2845664,0.9425291
1.7218779,-5.28385,0.942227
1.7210572,-5.283134,0.9419249
1.7202477,-5.282364,0.94159997
1.7194924,-5.2816253,0.9412882
1.7187371,-5.2808867,0.9409764
1.7179818,-5.280148,0.9406646
1.7172265,-5.2794094,0.9403528
1.7164712,-5.278671,0.940041
1.7157159,-5.277932,0.9397292
1.7149606,-5.2771935,0.9394174
1.7142053,-5.276455,0.93910563
1.71345,-5.2757163,0.93879384
1.7126541,-5.27496,0.93847466
1.7118877,-5.274298,0.9381956
1.7111213,-5.2736363,0.9379165
1.7103549,-5.2729745,0.93763745
1.7095889,-5.272312,0.9373582
1.708823,-5.27165,0.93707895
1.708057,-5.2709875,0.9367997
1.7072911,-5.270325,0.93652046
1.7065252,-5.269663,0.9362412
1.7057593,-5.2690005,0.93596196
1.7049934,-5.268338,0.9356827
1.7042274,-5.267676,0.93540347
1.7034615,-5.2670135,0.9351242
1.7026956,-5.266351,0.934845
1.7019297,-5.265689,0.9345657
1.7011638,-5.2650266,0.9342865
1.7003978,-5.2643642,0.9340072
1.6996325,-5.2637243,0.9337375
1.6986783,-5.263009,0.93343633
1.697724,-5.262294,0.93313515
1.6968094,-5.261504,0.93280226
1.6960452,-5.26084,0.9325222
1.6952809,-5.2601757,0.9322421
1.6945167,-5.2595115,0.931962
1.6937524,-5.258847,0.93168193
1.6929882,-5.258183,0.93140185
1.6922239,-5.257519,0.93112177
1.6914597,-5.2568545,0.9308417
1.6906954,-5.2561903,0.9305616
1.6899312,-5.255526,0.9302815
1.6891669,-5.254862,0.93000144
1.6884027,-5.2541976,0.92972136
1.6876384,-5.2535334,0.9294413
1.6868742,-5.252869,0.9291612
1.68611,-5.252205,0.9288811
1.6853459,-5.2515407,0.928601
1.6845953,-5.25089,0.92832667
1.6837082,-5.2501273,0.9280052
1.6828482,-5.249392,0.9276952
1.6820973,-5.248765,0.9274309
1.6813464,-5.248138,0.92716664
1.6805955,-5.247511,0.92690235
1.6798446,-5.246884,0.92663807
1.6790937,-5.246257,0.9263738
1.6783428,-5.24563,0.9261095
1.6775919,-5.2450027,0.9258452
1.676841,-5.2443757,0.9255809
1.6760901,-5.2437487,0.92531663
1.6753392,-5.2431216,0.92505234
1.6745863,-5.242404,0.92474955
1.6738197,-5.241673,0.92444116
1.6729999,-5.240979,0.92414874
1.67218,-5.2402854,0.9238563
1.6713603,-5.2395916,0.9235639
1.6705405,-5.238898,0.9232715
1.6697208,-5.238204,0.92297906
1.6689011,-5.23751,0.9226866
1.6680814,-5.2368164,0.9223941
1.6672617,-5.2361226,0.9221016
1.666442,-5.235429,0.92180914
1.6656224,-5.234735,0.92151666
1.6648027,-5.234041,0.9212242
1.663983,-5.2333474,0.9209317
1.6631633,-5.2326536,0.9206392
1.6623436,-5.23196,0.92034674
1.6615239,-5.231266,0.92005426
1.6607436,-5.230499,0.9197305
1.6599224,-5.229691,0.9193896
1.6591011,-5.2288833,0.9190487
1.6582799,-5.2280755,0.91870785
1.6574183,-5.22725,0.9183595
1.6565995,-5.2265325,0.91805685
1.6557808,-5.225815,0.9177542
1.6549621,-5.225097,0.9174515
1.6541433,-5.2243795,0.9171488
1.6533246,-5.223662,0.91684616
1.6525059,-5.2229443,0.9165435
1.6516871,-5.2222266,0.9162408
1.6508684,-5.221509,0.91593814
1.6500497,-5.2207913,0.91563547
1.649231,-5.2200737,0.9153328
1.6484122,-5.219356,0.9150301
1.6475935,-5.2186384,0.91472745
1.6467748,-5.217921,0.9144248
1.6460373,-5.217215,0.91412705
1.6452181,-5.216498,0.9138247
1.6443989,-5.2157807,0.9135223
1.6435797,-5.2150636,0.9132199
1.6427605,-5.2143464,0.91291755
1.6419333,-5.213633,0.91261315
1.641228,-5.212984,0.91230536
1.6403961,-5.2121944,0.9119326
1.6395643,-5.211405,0.9115598
1.6387324,-5.210615,0.91118705
1.6379006,-5.2098255,0.9108143
1.6370687,-5.209036,0.9104415
1.6362369,-5.208246,0.91006875
1.6354051,-5.2074566,0.909696
1.6345732,-5.206667,0.9093232
1.6337414,-5.2058773,0.90895045
1.6329095,-5.2050877,0.9085777
1.6321669,-5.204467,0.90827864
1.631347,-5.203857,0.90797883
1.630527,-5.203247,0.907679
1.6296077,-5.2024994,0.9073173
1.6287147,-5.2017555,0.90695876
1.6278217,-5.2010117,0.90660024
1.6269383,-5.200256,0.9062807
1.6260576,-5.199476,0.90602744
1.6252985,-5.198797,0.9058069
1.6245394,-5.1981187,0.90558636
1.6237803,-5.19744,0.9053658
1.6230211,-5.1967616,0.9051453
1.622262,-5.196083,0.90492475
1.6215029,-5.1954045,0.9047042
1.6207438,-5.194726,0.9044837
1.6199846,-5.1940475,0.90426314
1.6192255,-5.193369,0.9040426
1.6184664,-5.1926904,0.90382206
1.6177073,-5.192012,0.9036015
1.6169481,-5.1913333,0.903381
1.616189,-5.1906548,0.90316045
1.6152804,-5.189915,0.9029231
1.6143986,-5.189248,0.9027113
1.6135174,-5.1885357,0.90248287
1.612637,-5.1877556,0.9022295
1.6117703,-5.186989,0.9019806
1.6109582,-5.1862764,0.90174955
1.6101462,-5.185564,0.9015185
1.6093324,-5.1848426,0.9012428
1.6085155,-5.1841702,0.90088254
1.6076986,-5.183498,0.9005223
1.6068816,-5.1828256,0.90016204
1.6060647,-5.182153,0.8998018
1.6052477,-5.181481,0.89944154
1.6044308,-5.1808085,0.8990813
1.6036139,-5.180136,0.89872104
1.6027428,-5.1794114,0.8983322
1.6019813,-5.178836,0.8980262
1.6010296,-5.178145,0.8976602
1.600078,-5.177454,0.89729416
1.5991263,-5.176763,0.89692813
1.5983651,-5.1761875,0.89662206
1.5976038,-5.175544,0.89627635
1.5968425,-5.1749,0.89593065
1.5960813,-5.1742563,0.89558494
1.59532,-5.1736126,0.89523923
1.5945587,-5.172969,0.8948935
1.5937974,-5.172325,0.8945478
1.5930362,-5.1716814,0.8942021
1.5922749,-5.1710377,0.8938564
1.5915136,-5.170394,0.8935107
1.5907524,-5.16975,0.893165
1.5899911,-5.1691065,0.8928193
1.5892298,-5.1684628,0.8924736
1.5884686,-5.167819,0.8921279
1.5876257,-5.1670966,0.8917395
1.5867558,-5.166348,0.89133686
1.5858858,-5.1655993,0.8909342
1.5849063,-5.1648374,0.8905279
1.5839269,-5.1640754,0.8901216
1.5829475,-5.1633134,0.88971525
1.5819681,-5.1625514,0.8893089
1.5809886,-5.1617894,0.8889026
1.5800092,-5.1610274,0.8884963
1.5792334,-5.160417,0.8881705
1.5784576,-5.1598067,0.8878447
1.5776818,-5.1591964,0.8875189
1.576906,-5.158586,0.8871931
1.5761302,-5.1579757,0.8868673
1.5753543,-5.1573653,0.8865415
1.5745785,-5.156755,0.8862157
1.5738027,-5.1561446,0.8858899
1.5730269,-5.1555343,0.8855641
1.5722511,-5.154924,0.8852383
1.5714753,-5.1543136,0.8849125
1.5706995,-5.153703,0.8845867
1.5699236,-5.153093,0.8842609
1.5691478,-5.1524825,0.8839351
1.568372,-5.151872,0.8836093
1.5675962,-5.151262,0.8832835
1.5668204,-5.1506515,0.8829577
1.5660446,-5.150041,0.8826319
1.5653102,-5.149401,0.8822874
1.5645759,-5.1487613,0.88194287
1.5638416,-5.1481214,0.88159835
1.5630803,-5.1474776,0.8812527
1.5622652,-5.1468267,0.88090473
1.56145,-5.146176,0.88055676
1.5606349,-5.145525,0.8802088
1.5597782,-5.144903,0.8798794
1.5589216,-5.1442814,0.87955004
1.5580649,-5.1436596,0.87922066
1.5572083,-5.143038,0.8788913
1.5563517,-5.142416,0.8785619
1.555495,-5.141794,0.87823254
1.5546384,-5.1411724,0.87790316
1.5537817,-5.1405506,0.8775738
1.5529251,-5.139929,0.8772444
1.5520685,-5.139307,0.87691504
1.551211,-5.1386843,0.8765903
1.5503501,-5.138053,0.8762943
1.5494891,-5.1374216,0.8759983
1.5486282,-5.1367903,0.8757023
1.5477673,-5.136159,0.8754063
1.5469064,-5.1355276,0.8751103
1.5460454,-5.1348963,0.87481433
1.5451845,-5.134265,0.87451833
1.5443702,-5.1335993,0.8742174
1.5435867,-5.132981,0.87393457
1.5428033,-5.1323624,0.87365174
1.5420198,-5.131744,0.8733689
1.5412364,-5.1311255,0.8730861
1.540453,-5.130507,0.8728033
1.5396695,-5.1298885,0.87252045
1.5388861,-5.12927,0.8722376
1.5381026,-5.1286516,0.8719548
1.5373192,-5.128033,0.871672
1.5365357,-5.1274147,0.87138915
1.5357523,-5.1267962,0.8711063
1.5349213,-5.1260715,0.8707853
1.5340903,-5.1253467,0.87046427
1.5332593,-5.124622,0.87014323
1.5324283,-5.123897,0.8698222
1.5315973,-5.1231723,0.8695012
1.5307662,-5.1224475,0.86918014
1.5299352,-5.1217227,0.8688591
1.5291042,-5.120998,0.8685381
1.5282732,-5.120273,0.86821705
1.5274422,-5.1195483,0.867896
1.5266112,-5.1188235,0.867575
1.5257802,-5.1180987,0.86725396
1.5249492,-5.117374,0.8669329
1.5241182,-5.116649,0.8666119
1.5232872,-5.1159244,0.86629087
1.5224562,-5.1151996,0.86596984
1.5216252,-5.114475,0.8656488
1.5207942,-5.11375,0.8653278
1.5199279,-5.1130514,0.86501056
1.5190616,-5.112353,0.86469334
1.5181953,-5.1116543,0.8643761
1.517329,-5.1109557,0.8640589
1.5165044,-5.1102967,0.86375886
1.5156798,-5.1096377,0.8634588
1.5148553,-5.1089787,0.86315876
1.5140307,-5.1083198,0.8628587
1.5132061,-5.107661,0.86255866
1.5123816,-5.107002,0.8622586
1.511557,-5.106343,0.86195856
1.5107324,-5.105684,0.8616585
1.5099078,-5.105025,0.86135846
1.5090833,-5.104366,0.8610584
1.5082587,-5.103707,0.86075836
1.5074341,-5.103048,0.8604583
1.5066096,-5.102389,0.86015826
1.505785,-5.10173,0.8598582
1.5049604,-5.101071,0.85955817
1.5041358,-5.100412,0.8592581
1.5033113,-5.099753,0.85895807
1.5025657,-5.0991297,0.85867834
1.5016245,-5.0983224,0.8583189
1.5006832,-5.097515,0.8579595
1.4999487,-5.096884,0.8576787
1.4992002,-5.0962396,0.8573922
1.4984517,-5.0955954,0.8571057
1.4977032,-5.094951,0.85681915
1.4969547,-5.094307,0.85653263
1.4962062,-5.0936627,0.8562461
1.4954576,-5.0930185,0.8559596
1.4947091,-5.0923743,0.8556731
1.4939606,-5.09173,0.85538656
1.4932121,-5.091086,0.85510004
1.4924636,-5.0904417,0.8548135
1.4917151,-5.0897975,0.854527
1.4909666,-5.0891533,0.8542405
1.490218,-5.088509,0.85395396
1.4894695,-5.087865,0.85366744
1.488721,-5.0872207,0.8533809
1.4879725,-5.0865765,0.8530944
1.487224,-5.0859323,0.8528079
1.4862678,-5.0851126,0.852443
1.4853257,-5.0843062,0.8520838
1.4843836,-5.0835,0.8517246
1.4835058,-5.0828342,0.8514162
1.4826281,-5.0821686,0.8511077
1.4817361,-5.08149,0.85079366
1.4808012,-5.0807734,0.85046273
1.4798664,-5.0800567,0.8501318
1.4789315,-5.07934,0.8498009
1.4779967,-5.0786233,0.84946996
1.4770619,-5.0779066,0.84913903
1.476127,-5.07719,0.8488081
1.4751922,-5.076473,0.8484772
1.4742573,-5.0757565,0.84814626
1.4733225,-5.07504,0.84781533
1.4723886,-5.0743203,0.8474686
1.4714667,-5.0736394,0.8470354
1.4705447,-5.0729585,0.8466022
1.4696227,-5.0722775,0.846169
1.4687003,-5.071597,0.84573597
1.4677777,-5.070917,0.845303
1.4668552,-5.070237,0.84487003
1.4659323,-5.069557,0.8444372
1.4650091,-5.0688777,0.8440044
1.4640859,-5.068198,0.8435716
1.4631628,-5.0675187,0.8431388
1.4622396,-5.066839,0.842706
1.4613165,-5.0661597,0.84227324
1.4603933,-5.06548,0.84184045
1.4594702,-5.0648007,0.84140766
1.458547,-5.0641212,0.84097487
1.4576238,-5.0634418,0.8405421
1.4567007,-5.0627623,0.8401093
1.4557775,-5.062083,0.8396765
1.4548544,-5.0614033,0.8392437
1.4539312,-5.060724,0.8388109
1.4529669,-5.060006,0.83835524
1.451985,-5.0592217,0.8380253
1.4510032,-5.0584292,0.8377175
1.4500749,-5.0576005,0.8373957
1.4491466,-5.0567718,0.837074
1.4482049,-5.055952,0.83675575
1.4472227,-5.05516,0.8364482
1.4462405,-5.054368,0.83614063
1.4452584,-5.053576,0.8358331
1.4442762,-5.052784,0.8355255
1.443294,-5.051992,0.83521795
1.4423119,-5.0512,0.8349104
1.4413297,-5.050408,0.83460283
1.4403476,-5.049616,0.8342953
1.4393654,-5.048824,0.8339877
1.4383832,-5.048032,0.83368015
1.437401,-5.04724,0.8333726
1.4364189,-5.0464478,0.83306503
1.4354367,-5.0456557,0.8327575
1.4346715,-5.0449905,0.83249915
1.4338509,-5.044249,0.8322114
1.4330302,-5.0435076,0.8319236
1.4322096,-5.042766,0.83163583
1.431389,-5.0420246,0.83134806
1.4305683,-5.041283,0.8310603
1.4297477,-5.0405416,0.8307725
1.4289271,-5.0398,0.83048475
1.4281611,-5.039113,0.83021796
1.4274225,-5.0384526,0.82996166
1.4266839,-5.037792,0.82970536
1.4259453,-5.037132,0.82944906
1.4252067,-5.0364714,0.82919276
1.424468,-5.035811,0.82893646
1.4237294,-5.0351505,0.82868016
1.4229908,-5.03449,0.82842386
1.4222522,-5.0338297,0.82816756
1.4215136,-5.0331693,0.82791126
1.4207749,-5.032509,0.82765496
1.4200363,-5.0318484,0.82739866
1.4192977,-5.031188,0.82714236
1.4185591,-5.0305276,0.82688606
1.4178205,-5.029867,0.82662976
1.4170818,-5.0292068,0.82637346
1.4163432,-5.0285463,0.82611716
1.4156046,-5.027886,0.82586086
1.4148383,-5.0271993,0.8255942
1.4140582,-5.0264993,0.8253224
1.4132781,-5.0257993,0.8250506
1.412498,-5.0250993,0.8247788
1.4117174,-5.0243998,0.8245072
1.4109368,-5.0237,0.82423556
1.4101562,-5.0230007,0.82396394
1.4093757,-5.022301,0.8236923
1.4086226,-5.0216284,0.82343113
1.4078833,-5.020969,0.8231752
1.407144,-5.0203094,0.82291925
1.4064046,-5.01965,0.8226633
1.4056653,-5.0189905,0.82240736
1.404926,-5.018331,0.8221514
1.4041866,-5.0176716,0.8218955
1.4034473,-5.017012,0.82163954
1.4027079,-5.0163527,0.8213836
1.4019686,-5.015693,0.82112765
1.4012293,-5.0150337,0.8208717
1.4004899,-5.0143743,0.82061577
1.3997506,-5.013715,0.8203598
1.3990113,-5.0130553,0.8201039
1.3982719,-5.012396,0.81984794
1.3975326,-5.0117364,0.819592
1.3967932,-5.011077,0.81933606
1.3960539,-5.0104175,0.8190801
1.3951505,-5.0096188,0.8187701
1.3942746,-5.008847,0.81847054
1.3933986,-5.0080757,0.81817096
1.3924675,-5.007251,0.8178507
1.3915364,-5.006426,0.81753045
1.3906052,-5.005601,0.8172102
1.3896741,-5.004776,0.81688994
1.3887429,-5.003951,0.8165697
1.3878117,-5.003126,0.8162495
1.3868802,-5.0023017,0.8159294
1.3859487,-5.0014772,0.81560934
1.3850172,-5.000653,0.81528926
1.3840857,-4.9998283,0.8149692
1.3831542,-4.999004,0.8146491
1.3822227,-4.9981794,0.814329
1.3812912,-4.997355,0.81400895
1.3803596,-4.9965305,0.8136889
1.3794281,-4.995706,0.8133688
1.3784966,-4.9948816,0.8130487
1.3775651,-4.994057,0.81272864
1.3766336,-4.9932327,0.81240857
1.3757021,-4.9924083,0.8120885
1.3747448,-4.9916005,0.8117749
1.373869,-4.9908285,0.8114752
1.3729931,-4.9900565,0.8111755
1.3721173,-4.9892845,0.81087583
1.3712415,-4.9885125,0.81057614
1.3703656,-4.9877405,0.81027645
1.3694351,-4.9869146,0.8099558
1.3685045,-4.9860888,0.8096351
1.367574,-4.985263,0.8093144
1.3666434,-4.984437,0.80899376
1.3657129,-4.983611,0.8086731
1.3647552,-4.982758,0.8083419
1.3640164,-4.982098,0.8080856
1.3632777,-4.981438,0.8078293
1.3625389,-4.980778,0.807573
1.3618002,-4.9801183,0.8073167
1.3610615,-4.9794583,0.8070604
1.3603227,-4.9787984,0.8068041
1.359584,-4.9781384,0.8065478
1.3588452,-4.9774785,0.8062915
1.3581065,-4.9768186,0.8060352
1.3573678,-4.9761586,0.8057789
1.3566295,-4.975498,0.80552244
1.3558912,-4.974838,0.80526596
1.355153,-4.9741774,0.8050095
1.3544147,-4.973517,0.804753
1.3536764,-4.9728565,0.8044965
1.3529382,-4.972196,0.80424005
1.3521999,-4.9715357,0.80398357
1.3514616,-4.9708753,0.8037271
1.3507234,-4.970215,0.8034706
1.3499851,-4.9695544,0.80321413
1.3492469,-4.968894,0.80295765
1.3485086,-4.9682336,0.8027012
1.3477703,-4.967573,0.8024447
1.3470321,-4.9669127,0.8021882
1.3462938,-4.9662523,0.80193174
1.3455555,-4.965592,0.80167526
1.3448173,-4.9649315,0.8014188
1.344079,-4.964271,0.8011623
1.3432715,-4.963498,0.80086225
1.3423419,-4.9626713,0.80054116
1.3414123,-4.9618444,0.8002201
1.3404827,-4.9610176,0.799899
1.3395531,-4.960191,0.7995779
1.3386235,-4.959364,0.7992568
1.3378013,-4.9585557,0.7989431
1.3369792,-4.9577475,0.7986294
1.336157,-4.956939,0.7983157
1.3353348,-4.956131,0.798002
1.3345126,-4.9553227,0.7976883
1.3336904,-4.9545145,0.7973746
1.3328682,-4.9537063,0.7970609
1.332046,-4.952898,0.7967472
1.3312238,-4.95209,0.7964335
1.3304017,-4.9512815,0.7961198
1.3295795,-4.9504733,0.7958061
1.3287573,-4.949665,0.7954924
1.327922,-4.948866,0.79518205
1.327075,-4.948119,0.79489213
1.3262557,-4.947399,0.7946126
1.3254364,-4.946679,0.79433304
1.324617,-4.945959,0.7940535
1.3237977,-4.945239,0.79377395
1.3230598,-4.9445553,0.79350847
1.322239,-4.9437456,0.7931942
1.3214183,-4.942936,0.7928799
1.3205975,-4.9421263,0.7925656
1.3197768,-4.9413166,0.7922513
1.318956,-4.940507,0.791937
1.3181353,-4.9396973,0.7916227
1.3173145,-4.9388876,0.7913084
1.3164937,-4.938078,0.7909941
1.315673,-4.9372683,0.7906798
1.3148522,-4.9364586,0.7903655
1.3141147,-4.9357743,0.79009986
1.3132961,-4.935049,0.78981507
1.3124776,-4.9343343,0.7895066
1.3117136,-4.9336734,0.7892214
1.3109496,-4.9330125,0.7889362
1.3101856,-4.9323516,0.788651
1.3094215,-4.9316907,0.7883658
1.3086575,-4.93103,0.7880806
1.3078935,-4.930369,0.78779536
1.3071294,-4.929708,0.7875102
1.3063653,-4.929047,0.78722507
1.3056011,-4.928386,0.7869399
1.304837,-4.9277253,0.7866548
1.3040729,-4.9270644,0.7863696
1.3033087,-4.9264035,0.7860845
1.3025446,-4.9257426,0.7857993
1.3017805,-4.9250817,0.7855142
1.3010163,-4.924421,0.785229
1.3002522,-4.92376,0.7849439
1.2994881,-4.923099,0.78465873
1.2987239,-4.922438,0.7843736
1.2979598,-4.9217772,0.78408843
1.2971959,-4.9211164,0.78380316
1.2964326,-4.9204545,0.78351766
1.2956693,-4.9197927,0.78323215
1.2949064,-4.9191303,0.7829464
1.2941436,-4.918468,0.7826606
1.2933807,-4.9178057,0.7823748
1.2926174,-4.917144,0.7820892
1.2918541,-4.916482,0.78180355
1.2910908,-4.91582,0.7815179
1.2903275,-4.9151583,0.7812323
1.2895643,-4.9144964,0.7809467
1.288801,-4.9138346,0.78066105
1.2880377,-4.9131727,0.7803754
1.2872744,-4.912511,0.7800898
1.2865111,-4.911849,0.77980417
1.2857478,-4.911187,0.77951854
1.2849845,-4.9105253,0.7792329
1.2842212,-4.9098635,0.7789473
1.2834579,-4.9092016,0.77866167
1.2827219,-4.9085665,0.77838767
1.2818912,-4.9078593,0.77808255
1.2810744,-4.9071655,0.77778316
1.2802576,-4.9064717,0.77748376
1.2794408,-4.905778,0.77718437
1.2786242,-4.9050837,0.7768848
1.2778078,-4.904389,0.7765851
1.2769915,-4.903694,0.7762854
1.2761751,-4.9029994,0.7759857
1.2753588,-4.9023046,0.775686
1.2745425,-4.90161,0.77538633
1.2737261,-4.900915,0.77508664
1.2729148,-4.9002075,0.774822
1.2721035,-4.8994994,0.7745594
1.2712923,-4.8987913,0.77429676
1.2704811,-4.898083,0.77403414
1.2696296,-4.897334,0.77375597
1.2687513,-4.8965573,0.7734674
1.267873,-4.8957806,0.7731788
1.266995,-4.8950033,0.77289015
1.2661169,-4.894226,0.7726015
1.2652388,-4.893449,0.7723128
1.2643607,-4.8926716,0.77202415
1.2636311,-4.8920226,0.77178293
1.2628744,-4.8913465,0.77153146
1.2621176,-4.8906703,0.77128
1.2613609,-4.889994,0.7710285
1.2606041,-4.889318,0.77077705
1.2598474,-4.888642,0.7705256
1.2590907,-4.8879657,0.7702741
1.2583339,-4.8872895,0.77002263
1.2575772,-4.8866134,0.76977116
1.2568204,-4.885937,0.7695197
1.2560637,-4.885261,0.7692682
1.255307,-4.884585,0.76901674
1.2545502,-4.8839087,0.7687653
1.2537935,-4.8832326,0.7685138
1.252983,-4.8824124,0.7682048
1.2521725,-4.8815923,0.7678958
1.251416,-4.880916,0.7676443
1.2506595,-4.88024,0.76739275
1.2499164,-4.879577,0.7671464
1.2490382,-4.8788004,0.7668578
1.24816,-4.8780236,0.7665692
1.2472818,-4.877247,0.7662806
1.2464036,-4.87647,0.765992
1.2455254,-4.8756933,0.7657034
1.2446471,-4.8749166,0.7654148
1.2437689,-4.87414,0.76512617
1.2428907,-4.873363,0.76483756
1.2420125,-4.8725863,0.76454896
1.2411343,-4.8718095,0.76426035
1.2402561,-4.8710327,0.7639718
1.2395395,-4.8703313,0.7637084
1.2381872,-4.8689656,0.76319414
1.2368349,-4.8676,0.7626799
1.2354555,-4.8662295,0.76216453
1.2346438,-4.865522,0.76190215
1.2338321,-4.8648143,0.7616398
1.2330204,-4.8641067,0.7613774
1.2322087,-4.863399,0.761115
1.231397,-4.8626914,0.76085263
1.2305745,-4.8620033,0.7605511
1.2297523,-4.8613176,0.7602433
1.2289301,-4.860632,0.7599355
1.2281079,-4.8599463,0.7596277
1.2272857,-4.8592606,0.7593199
1.2264636,-4.858575,0.7590121
1.2256413,-4.857889,0.7587043
1.224819,-4.8572035,0.7583965
1.2240521,-4.8565707,0.7581121
1.223299,-4.8559513,0.7578334
1.222546,-4.855332,0.75755477
1.2217929,-4.8547125,0.7572761
1.2210399,-4.854093,0.75699747
1.2202868,-4.8534737,0.7567188
1.2195338,-4.8528543,0.75644016
1.2187808,-4.852235,0.7561615
1.2180277,-4.8516154,0.75588286
1.2172747,-4.850996,0.7556042
1.2165216,-4.8503766,0.75532556
1.2157009,-4.849713,0.7550262
1.2148526,-4.8490224,0.75471514
1.2140731,-4.848375,0.7544244
1.2133214,-4.8477535,0.7541452
1.2125698,-4.847132,0.753866
1.2118182,-4.846511,0.7535868
1.2110666,-4.8458896,0.75330764
1.210315,-4.8452682,0.75302845
1.2095634,-4.844647,0.75274926
1.2088118,-4.8440256,0.7524701
1.2080601,-4.8434043,0.7521909
1.2073085,-4.842783,0.7519117
1.2065297,-4.842135,0.75162065
1.20571,-4.8414464,0.75131184
1.204891,-4.840757,0.75100285
1.2040722,-4.840067,0.7506937
1.2031741,-4.8393407,0.75036615
1.2023603,-4.8387165,0.7500821
1.2015464,-4.8380923,0.749798
1.2007326,-4.837468,0.7495139
1.1999187,-4.836844,0.74922985
1.1991049,-4.83622,0.7489458
1.1982911,-4.8355956,0.7486617
1.1974772,-4.8349714,0.7483776
1.1966634,-4.8343472,0.74809355
1.1958495,-4.833723,0.74780947
1.1950357,-4.833099,0.7475254
1.1942219,-4.8324747,0.7472413
1.193408,-4.8318505,0.74695724
1.1925942,-4.8312263,0.74667317
1.1918296,-4.8305674,0.74637884
1.191065,-4.8299084,0.7460845
1.1903001,-4.82925,0.7457903
1.189535,-4.8285913,0.74549615
1.1887699,-4.827933,0.745202
1.1880049,-4.8272743,0.74490786
1.1872398,-4.826616,0.7446137
1.1864747,-4.8259573,0.74431956
1.185627,-4.825219,0.7439903
1.1846966,-4.824401,0.74362594
1.1837661,-4.8235826,0.7432616
1.1828357,-4.8227644,0.7428972
1.1819053,-4.821946,0.74253285
1.1809748,-4.821128,0.7421685
1.1800444,-4.8203096,0.7418041
1.179114,-4.8194914,0.74143976
1.1781836,-4.818673,0.7410754
1.1772531,-4.817855,0.74071103
1.1763227,-4.8170366,0.74034667
1.1753923,-4.8162184,0.7399823
1.1744618,-4.8154,0.73961794
1.1735314,-4.814582,0.7392536
1.1726011,-4.8137636,0.7388892
1.1716708,-4.8129454,0.73852485
1.1707543,-4.8121405,0.73816633
1.1698792,-4.8113756,0.7378254
1.1690041,-4.810611,0.73748446
1.1681015,-4.809819,0.7371318
1.1671715,-4.809001,0.73676735
1.1662414,-4.8081827,0.7364029
1.1653113,-4.8073645,0.7360385
1.1643813,-4.806546,0.7356741
1.1634512,-4.805728,0.73530966
1.1625211,-4.8049097,0.73494524
1.161591,-4.8040915,0.7345808
1.160661,-4.803273,0.7342164
1.1597309,-4.802455,0.73385197
1.1588008,-4.8016367,0.73348755
1.1578708,-4.8008184,0.7331231
1.1569407,-4.8,0.7327587
1.1560106,-4.799182,0.7323943
1.1552181,-4.7984967,0.7320884
1.1543308,-4.79774,0.7317499
1.1534436,-4.7969832,0.7314114
1.1525563,-4.7962265,0.7310729
1.151669,-4.7954698,0.7307344
1.1509045,-4.794811,0.7304401
1.15014,-4.794152,0.73014575
1.1493756,-4.793493,0.7298514
1.1486111,-4.792834,0.7295571
1.1478466,-4.792175,0.72926277
1.1470821,-4.791516,0.72896844
1.1463176,-4.790857,0.7286741
1.1455531,-4.790198,0.7283798
1.1447886,-4.789539,0.72808546
1.1440241,-4.78888,0.72779113
1.1432596,-4.788221,0.7274968
1.1424952,-4.787562,0.7272025
1.1417307,-4.786903,0.72690815
1.1409663,-4.786244,0.72661376
1.140202,-4.7855844,0.7263193
1.1394378,-4.784925,0.72602487
1.1386735,-4.7842655,0.7257304
1.1378605,-4.78364,0.72544605
1.1370475,-4.7830143,0.7251617
1.1362345,-4.7823887,0.7248773
1.1354434,-4.7818575,0.72443265
1.1346568,-4.781344,0.72396135
1.1338701,-4.7808304,0.72349006
1.1330835,-4.780317,0.72301877
1.1322968,-4.7798033,0.7225475
1.1315101,-4.7792897,0.7220762
1.1307235,-4.778776,0.7216049
1.1299368,-4.7782626,0.7211336
1.1291502,-4.777749,0.7206623
1.1283635,-4.7772355,0.720191
1.1276269,-4.7767234,0.71972907
1.1267687,-4.7760854,0.7191634
1.1258727,-4.7754345,0.718583
1.1250347,-4.7748733,0.7180715
1.1241966,-4.774312,0.71756005
1.1233822,-4.773729,0.71703815
1.1225915,-4.773124,0.7165058
1.1218008,-4.7725196,0.7159735
1.1210101,-4.771915,0.71544117
1.1202193,-4.7713103,0.71490884
1.1194286,-4.7707057,0.7143765
1.1186379,-4.770101,0.7138442
1.1178472,-4.7694964,0.71331185
1.1170565,-4.768892,0.7127795
1.1162658,-4.768287,0.7122472
1.115475,-4.7676826,0.71171486
1.1146843,-4.767078,0.71118253
1.1138936,-4.7664733,0.7106502
1.1131029,-4.7658687,0.7101179
1.1122181,-4.765184,0.70951676
1.1113727,-4.764534,0.70894545
1.1105273,-4.763884,0.70837414
1.1096818,-4.763234,0.70780283
1.1088364,-4.762584,0.7072315
1.107991,-4.7619343,0.7066602
1.1070999,-4.7611837,0.7060146
1.1064202,-4.760596,0.70551175
1.1057404,-4.760008,0.7050089
1.1050607,-4.75942,0.7045061
1.104381,-4.758832,0.7040033
1.1037012,-4.758244,0.70350045
1.1030215,-4.757656,0.7029976
1.1023068,-4.7571,0.7025102
1.1015922,-4.756544,0.70202273
1.1008775,-4.755988,0.7015353
1.1001629,-4.755432,0.70104784
1.0994482,-4.754876,0.7005604
1.0987335,-4.75432,0.70007294
1.0980189,-4.753764,0.6995855
1.0973042,-4.753208,0.69909805
1.0965896,-4.752652,0.6986106
1.0958749,-4.752096,0.69812316
1.0951602,-4.75154,0.6976357
1.0944815,-4.7509513,0.6971326
1.0938027,-4.7503624,0.69662946
1.0931239,-4.7497735,0.69612634
1.0924451,-4.7491846,0.6956232
1.0917664,-4.7485957,0.6951201
1.0910876,-4.748007,0.694617
1.0904088,-4.747418,0.69411385
1.08973,-4.746829,0.6936107
1.0890512,-4.74624,0.6931076
1.0883725,-4.7456512,0.6926045
1.0876937,-4.7450624,0.69210136
1.0870149,-4.7444735,0.69159824
1.0863361,-4.7438846,0.6910951
1.0856574,-4.7432957,0.690592
1.0849786,-4.742707,0.69008887
1.0842998,-4.742118,0.68958575
1.083621,-4.741529,0.6890826
1.0829445,-4.740962,0.6885943
1.082022,-4.740241,0.68796283
1.0813102,-4.7396827,0.6874744
1.0805984,-4.7391243,0.686986
1.0798866,-4.738566,0.6864976
1.0791748,-4.7380075,0.6860092
1.078463,-4.737449,0.6855208
1.0777512,-4.736891,0.6850324
1.0770526,-4.7363443,0.6845539
1.0761564,-4.7356462,0.68394226
1.0752602,-4.734948,0.6833306
1.074364,-4.73425,0.68271893
1.0734677,-4.733552,0.68210727
1.0725715,-4.732854,0.6814956
1.0716753,-4.732156,0.68088394
1.0707791,-4.7314577,0.6802723
1.0698829,-4.7307596,0.6796606
1.0689867,-4.7300615,0.67904896
1.0680904,-4.7293634,0.6784373
1.0671942,-4.7286654,0.6778256
1.066298,-4.7279673,0.67721397
1.0654018,-4.727269,0.6766023
1.0645399,-4.72654,0.6759755
1.0636895,-4.7258005,0.6753437
1.062839,-4.725061,0.6747119
1.0619922,-4.724365,0.67410994
1.0611489,-4.723714,0.6735378
1.0603056,-4.7230625,0.67296565
1.0594623,-4.722411,0.6723935
1.058619,-4.72176,0.67182136
1.0577757,-4.7211084,0.6712492
1.0569324,-4.720457,0.67067707
1.0560892,-4.7198057,0.6701049
1.0552459,-4.7191544,0.6695328
1.0544026,-4.718503,0.66896063
1.0535593,-4.7178516,0.6683885
1.052716,-4.7172003,0.66781634
1.0518727,-4.716549,0.6672442
1.0510294,-4.7158976,0.66667205
1.0502843,-4.715251,0.66611946
1.0495391,-4.7146044,0.66556686
1.0487937,-4.713958,0.6650144
1.0479956,-4.713265,0.6644222
1.0471455,-4.712525,0.66379017
1.0462954,-4.711785,0.6631581
1.0454453,-4.711045,0.6625261
1.0445952,-4.7103047,0.661894
1.0437452,-4.7095647,0.661262
1.0428951,-4.7088246,0.6606299
1.042045,-4.7080846,0.6599979
1.0411949,-4.7073445,0.65936583
1.0403448,-4.7066045,0.6587338
1.0394948,-4.7058644,0.65810174
1.0386447,-4.7051244,0.6574697
1.0377946,-4.7043843,0.65683764
1.0369445,-4.7036443,0.6562056
1.0362691,-4.703053,0.6557013
1.0355936,-4.7024617,0.65519696
1.0349182,-4.7018704,0.65469265
1.034131,-4.7011204,0.6540646
1.0333817,-4.700383,0.6534513
1.0326324,-4.699646,0.65283805
1.031883,-4.698909,0.6522248
1.0311337,-4.6981716,0.6516115
1.0303708,-4.697423,0.6509884
1.0295677,-4.69664,0.6503358
1.0287646,-4.695857,0.6496832
1.0279615,-4.695074,0.64903057
1.0271584,-4.694291,0.64837795
1.0263553,-4.693508,0.64772534
1.0255522,-4.692725,0.64707273
1.024749,-4.691942,0.6464201
1.0239459,-4.6911592,0.6457675
1.0231428,-4.6903763,0.6451149
1.0223397,-4.6895933,0.6444623
1.0215366,-4.6888103,0.6438097
1.0207335,-4.6880274,0.64315706
1.0199304,-4.6872444,0.64250445
1.01916,-4.6864314,0.6418373
1.0184005,-4.6856084,0.64116526
1.0176411,-4.6847854,0.6404932
1.0168576,-4.683984,0.63983154
1.0160503,-4.6832037,0.63918024
1.0152433,-4.6824093,0.6385421
1.0144194,-4.6815877,0.6379673
1.0135956,-4.680766,0.63739246
1.0127717,-4.6799445,0.63681763
1.0119479,-4.679123,0.6362428
1.011124,-4.6783013,0.635668
1.0103002,-4.6774797,0.63509315
1.0094763,-4.676658,0.6345183
1.0086524,-4.6758366,0.6339435
1.0078286,-4.675015,0.6333687
1.0070047,-4.6741934,0.63279384
1.0063412,-4.6735196,0.6323257
1.0056777,-4.672846,0.6318576
1.0049865,-4.6721487,0.6313718
1.0042667,-4.6714287,0.63086855
1.0035466,-4.6707087,0.6303654
1.0028265,-4.6699886,0.6298622
1.0021063,-4.6692686,0.629359
1.0013862,-4.6685486,0.6288558
1.000666,-4.6678286,0.62835264
0.9999459,-4.6671085,0.62784946
0.99922574,-4.6663885,0.6273463
0.9985056,-4.6656685,0.6268431
0.99778545,-4.6649485,0.6263399
0.9970653,-4.6642284,0.62583673
0.99634516,-4.6635084,0.62533355
0.995625,-4.6627884,0.62483037
0.9949181,-4.662081,0.62433606
0.9942509,-4.661411,0.6238685
0.9935837,-4.660741,0.623401
0.99286467,-4.6599684,0.62287515
0.99213314,-4.659164,0.62233573
0.9913874,-4.6583333,0.62186575
0.99065685,-4.6575885,0.6214317
0.9899263,-4.6568437,0.62099767
0.9891957,-4.656099,0.6205636
0.98846513,-4.655354,0.6201296
0.98773456,-4.654609,0.61969554
0.987004,-4.6538644,0.6192615
0.9862734,-4.6531196,0.61882746
0.98554283,-4.6523747,0.6183934
0.98481226,-4.65163,0.6179594
0.9840817,-4.650885,0.61752534
0.9833511,-4.6501403,0.6170913
0.98262054,-4.6493955,0.61665726
0.98188996,-4.6486506,0.6162232
0.9811563,-4.6478834,0.6157801
0.98041344,-4.64705,0.6153098
0.9796706,-4.6462164,0.61483943
0.9789079,-4.6454005,0.61437166
0.9781445,-4.644581,0.6139442
0.97737974,-4.6437407,0.6135667
0.97661495,-4.6429005,0.6131892
0.97585016,-4.6420603,0.61281174
0.9750854,-4.64122,0.61243427
0.9742936,-4.6403527,0.61204463
0.97347474,-4.639458,0.6116428
0.9726559,-4.6385636,0.6112409
0.97183704,-4.637669,0.61083907
0.9710182,-4.6367745,0.6104372
0.97019935,-4.63588,0.61003536
0.9693805,-4.6349854,0.6096335
0.96856165,-4.634091,0.60923165
0.9677428,-4.6331964,0.6088298
0.96692395,-4.632302,0.60842794
0.9661051,-4.6314073,0.6080261
0.96528625,-4.6305127,0.60762423
0.9644674,-4.629618,0.6072224
0.96364856,-4.6287236,0.6068205
0.96288055,-4.6277947,0.60640556
0.96211255,-4.626866,0.6059906
0.9612774,-4.625892,0.60555464
0.96049994,-4.6250606,0.6051806
0.95972246,-4.624229,0.6048066
0.958945,-4.6233974,0.6044326
0.9581382,-4.622495,0.60402787
0.9573168,-4.621558,0.60360783
0.9564954,-4.620621,0.6031878
0.955674,-4.619684,0.60276777
0.9548526,-4.618747,0.60234773
0.95403117,-4.6178102,0.6019277
0.95320976,-4.6168733,0.60150766
0.95238835,-4.6159363,0.6010876
0.95156693,-4.6149993,0.6006676
0.9507455,-4.6140623,0.60024756
0.9499241,-4.6131253,0.5998275
0.9491027,-4.6121883,0.5994075
0.9482813,-4.6112514,0.59898746
0.9474599,-4.6103144,0.5985674
0.94663846,-4.6093774,0.5981474
0.94581705,-4.6084404,0.59772736
0.94499564,-4.6075034,0.5973073
0.94417423,-4.6065664,0.5968873
0.94330776,-4.6055245,0.5964217
0.9425596,-4.6045384,0.59598327
0.94181144,-4.6035523,0.5955448
0.9410633,-4.6025662,0.59510636
0.9403151,-4.60158,0.5946679
0.93956697,-4.600594,0.59422946
0.9388188,-4.599608,0.593791
0.93807065,-4.598622,0.59335256
0.9372678,-4.597583,0.59288996
0.93643755,-4.596517,0.59241533
0.9356073,-4.5954514,0.5919407
0.9347771,-4.5943856,0.59146607
0.93394685,-4.59332,0.59099144
0.9331166,-4.592254,0.5905168
0.9322864,-4.5911884,0.5900422
0.93145615,-4.5901227,0.58956754
0.9306259,-4.589057,0.5890929
0.9297957,-4.587991,0.5886183
0.92896545,-4.5869255,0.58814365
0.9281352,-4.58586,0.587669
0.927305,-4.584794,0.5871944
0.92647475,-4.5837283,0.58671975
0.9256445,-4.5826626,0.5862451
0.9248143,-4.581597,0.5857705
0.92398405,-4.580531,0.58529586
0.9231538,-4.5794654,0.5848212
0.9224036,-4.578436,0.5843643
0.9216933,-4.5774245,0.5839162
0.9209831,-4.576413,0.5834681
0.9202873,-4.575437,0.5830354
0.91962063,-4.574532,0.5826336
0.91895396,-4.573627,0.5822318
0.9182873,-4.572722,0.58183
0.9176206,-4.571817,0.58142823
0.9169539,-4.570912,0.58102643
0.91628724,-4.570007,0.58062464
0.91562057,-4.569102,0.58022285
0.9149539,-4.568197,0.57982105
0.9142322,-4.5672393,0.5793953
0.9135105,-4.566282,0.57896954
0.9127888,-4.5653243,0.5785438
0.9120671,-4.564367,0.578118
0.9113454,-4.5634093,0.5776923
0.9106237,-4.562452,0.5772665
0.90990204,-4.5614944,0.57684076
0.90918034,-4.560537,0.576415
0.90845865,-4.5595794,0.57598925
0.90773696,-4.558622,0.5755635
0.90701526,-4.5576644,0.57513773
0.9062936,-4.556707,0.574712
0.9055719,-4.5557494,0.5742862
0.90487736,-4.5548186,0.5738726
0.90421003,-4.5539145,0.5734712
0.9035427,-4.5530105,0.57306975
0.902919,-4.5522127,0.57271445
0.90232587,-4.551452,0.57240146
0.901076,-4.5499163,0.5718705
0.9004043,-4.549122,0.57159674
0.89973253,-4.5483274,0.571323
0.8990608,-4.547533,0.5710492
0.89838904,-4.5467386,0.57077545
0.8977173,-4.545944,0.5705017
0.89704555,-4.54515,0.5702279
0.8963738,-4.5443554,0.56995416
0.89570206,-4.543561,0.5696804
0.8950303,-4.5427666,0.5694066
0.8943859,-4.541956,0.56912595
0.8932578,-4.5404997,0.56862074
0.8921297,-4.539044,0.56811553
0.8910014,-4.5375886,0.56761056
0.8898731,-4.5361333,0.5671056
0.8887448,-4.534678,0.5666006
0.8876169,-4.533222,0.5660955
0.8865447,-4.531733,0.56557596
0.8856082,-4.5301633,0.5650219
0.8846717,-4.5285935,0.5644678
0.8837352,-4.527024,0.5639137
0.88279945,-4.5254536,0.5633594
0.88222533,-4.524558,0.5630445
0.8816663,-4.5237393,0.5627579
0.8810811,-4.522871,0.5624536
0.8804959,-4.5220027,0.56214935
0.8799107,-4.5211344,0.56184506
0.87931365,-4.520244,0.56151754
0.87871647,-4.5193853,0.56112134
0.8781193,-4.5185266,0.56072515
0.8775221,-4.517668,0.56032896
0.87692493,-4.516809,0.55993277
0.87632775,-4.51595,0.5595366
0.8757306,-4.5150914,0.5591404
0.8751334,-4.5142326,0.5587442
0.8745362,-4.513374,0.558348
0.8738854,-4.512439,0.55791646
0.8732766,-4.511565,0.55751336
0.8726678,-4.5106916,0.55711025
0.872059,-4.509818,0.55670714
0.8714239,-4.508917,0.55629146
0.8707757,-4.5080023,0.55586946
0.8701275,-4.5070877,0.55544746
0.8694254,-4.5060744,0.55497986
0.8688856,-4.505267,0.55460733
0.86834574,-4.50446,0.5542348
0.8678059,-4.5036526,0.5538623
0.86726606,-4.5028453,0.55348974
0.8667262,-4.502038,0.5531172
0.8661864,-4.5012307,0.5527447
0.86564654,-4.5004234,0.55237216
0.8651067,-4.499616,0.5519996
0.86456686,-4.498809,0.5516271
0.864027,-4.4980016,0.5512546
0.8634872,-4.4971943,0.55088204
0.86294734,-4.496387,0.5505095
0.8624075,-4.4955797,0.550137
0.86186767,-4.4947724,0.54976445
0.8613278,-4.493965,0.5493919
0.860788,-4.493158,0.5490194
0.86024815,-4.4923506,0.54864687
0.8597083,-4.4915433,0.54827434
0.85916847,-4.490736,0.5479018
0.85862863,-4.4899287,0.5475293
0.8580888,-4.4891214,0.54715675
0.85754895,-4.488314,0.5467842
0.8570091,-4.487507,0.5464117
0.8564693,-4.4866996,0.54603916
0.85592943,-4.4858923,0.54566664
0.8553896,-4.485085,0.5452941
0.8547829,-4.4842324,0.54490083
0.8541092,-4.4833345,0.54448676
0.8534356,-4.4824367,0.5440727
0.8527619,-4.481539,0.5436586
0.8520883,-4.480641,0.54324454
0.8514146,-4.479743,0.54283047
0.8507411,-4.478801,0.5423957
0.85006756,-4.4778585,0.54196095
0.849394,-4.4769163,0.5415262
0.8487205,-4.475974,0.54109144
0.84804696,-4.475032,0.5406567
0.8473734,-4.4740896,0.5402219
0.8466999,-4.4731474,0.5397872
0.84605163,-4.472234,0.5393656
0.8454034,-4.47132,0.538944
0.8447551,-4.4704065,0.5385224
0.84410685,-4.469493,0.53810084
0.8434586,-4.4685793,0.53767926
0.84281033,-4.4676657,0.5372577
0.8421621,-4.466752,0.5368361
0.8415138,-4.4658384,0.5364145
0.84086555,-4.464925,0.5359929
0.8402173,-4.464011,0.53557134
0.83956903,-4.4630976,0.53514975
0.8389208,-4.462184,0.53472817
0.8382725,-4.4612703,0.5343066
0.8376091,-4.460366,0.5339637
0.8369454,-4.4594584,0.5336297
0.8362817,-4.458551,0.53329575
0.835618,-4.4576435,0.5329618
0.8349543,-4.456736,0.5326278
0.8342906,-4.4558287,0.53229386
0.8336269,-4.4549212,0.5319599
0.8329632,-4.454014,0.5316259
0.83229953,-4.4531064,0.53129196
0.83163583,-4.452199,0.530958
0.83097214,-4.4512916,0.53062403
0.83030844,-4.450384,0.53029007
0.82964474,-4.4494767,0.5299561
0.82898104,-4.4485693,0.52962214
0.8282903,-4.4476795,0.5292932
0.8275995,-4.4467897,0.5289642
0.82690877,-4.4459,0.52863526
0.826218,-4.44501,0.5283063
0.82552725,-4.4441204,0.52797735
0.8248612,-4.44326,0.52765936
0.8241952,-4.4424,0.52734137
0.8235292,-4.44154,0.5270234
0.82286316,-4.4406796,0.5267054
0.82219714,-4.4398193,0.5263874
0.8215311,-4.438959,0.5260694
0.8208651,-4.438099,0.5257514
0.8201991,-4.4372387,0.5254334
0.81953305,-4.4363785,0.52511543
0.818867,-4.4355183,0.52479744
0.818201,-4.434658,0.52447945
0.81703275,-4.4331894,0.52393526
0.8158645,-4.4317207,0.52339107
0.81469625,-4.430252,0.5228469
0.813528,-4.4287834,0.5223027
0.81235975,-4.4273148,0.5217585
0.8111915,-4.425846,0.5212143
0.81002325,-4.4243774,0.5206701
0.808855,-4.422909,0.5201259
0.80768675,-4.42144,0.51958174
0.8065185,-4.4199715,0.51903754
0.80535024,-4.418503,0.51849335
0.804182,-4.417034,0.51794916
0.80301374,-4.4155655,0.517405
0.8017242,-4.414019,0.5168296
0.80100286,-4.413151,0.5165067
0.8002815,-4.4122825,0.51618373
0.7995602,-4.411414,0.5158608
0.79883885,-4.410546,0.51553786
0.7981175,-4.4096775,0.5152149
0.7974816,-4.4089537,0.5149444
0.79672235,-4.408109,0.51462805
0.7959631,-4.4072647,0.51431173
0.79520386,-4.40642,0.5139954
0.7944446,-4.4055758,0.5136791
0.7936854,-4.4047313,0.51336277
0.79292613,-4.403887,0.51304644
0.7921669,-4.4030423,0.5127301
0.79140764,-4.402198,0.5124138
0.7906484,-4.4013534,0.5120975
0.78988916,-4.400509,0.51178116
0.78918374,-4.399697,0.51147795
0.78851944,-4.398925,0.51119
0.78721684,-4.397387,0.51061714
0.7865375,-4.3965807,0.5103169
0.7858582,-4.3957744,0.5100167
0.7851789,-4.394968,0.50971645
0.7844996,-4.3941617,0.5094162
0.7838203,-4.3933554,0.509116
0.78314096,-4.392549,0.50881577
0.7824672,-4.391849,0.5085519
0.78176844,-4.391165,0.5082923
0.78097486,-4.3903856,0.5079968
0.77962327,-4.389043,0.5075087
0.7782929,-4.3876686,0.5071532
0.7769625,-4.3862944,0.50679773
0.77563214,-4.38492,0.50644225
0.7742891,-4.3835106,0.5060768
0.7735603,-4.3826485,0.50584936
0.7728315,-4.3817863,0.5056219
0.7720358,-4.380959,0.5054077
0.77124006,-4.3801317,0.5051935
0.77044433,-4.3793044,0.50497925
0.7696486,-4.378477,0.50476503
0.7689328,-4.377732,0.5045721
0.7681378,-4.3769035,0.5043576
0.7673428,-4.3760753,0.50414306
0.7665478,-4.375247,0.50392854
0.7657528,-4.3744187,0.503714
0.7649578,-4.3735905,0.5034995
0.7641628,-4.372762,0.503285
0.7633678,-4.371934,0.5030705
0.76257277,-4.3711057,0.50285596
0.76177776,-4.3702774,0.50264144
0.76098275,-4.369449,0.5024269
0.76018775,-4.368621,0.5022124
0.75939274,-4.3677926,0.5019979
0.75858456,-4.3669505,0.50177974
0.7577369,-4.3660665,0.50155073
0.7568893,-4.3651824,0.50132173
0.75604165,-4.3642983,0.50109273
0.7553257,-4.363615,0.50091827
0.7546097,-4.3629317,0.5007438
0.75389373,-4.3622484,0.50056934
0.75317776,-4.361565,0.5003949
0.7524618,-4.360882,0.5002204
0.7517458,-4.3601985,0.50004596
0.75102985,-4.359515,0.4998715
0.7503139,-4.358832,0.49969703
0.7495979,-4.3581486,0.49952257
0.74888194,-4.3574653,0.4993481
0.74816597,-4.356782,0.49917364
0.74745,-4.3560987,0.49899918
0.746734,-4.3554153,0.49882472
0.74601805,-4.354732,0.49865025
0.7453021,-4.3540487,0.4984758
0.7445861,-4.3533654,0.49830133
0.74368477,-4.352509,0.4980829
0.7428367,-4.3517075,0.49787867
0.74198866,-4.350906,0.49767444
0.7411292,-4.350027,0.49744746
0.7402288,-4.3491697,0.49722865
0.7393283,-4.3483124,0.49700984
0.7384279,-4.347455,0.49679103
0.73752743,-4.3465977,0.49657223
0.736627,-4.3457403,0.49635342
0.73572654,-4.344883,0.4961346
0.7348261,-4.3440256,0.4959158
0.73392564,-4.3431683,0.495697
0.7330252,-4.342311,0.49547818
0.73212475,-4.3414536,0.49525937
0.7312243,-4.340596,0.49504057
0.73032385,-4.339739,0.49482176
0.7294234,-4.3388815,0.49460295
0.728602,-4.338107,0.49440575
0.7278069,-4.337361,0.49421573
0.72701186,-4.3366146,0.4940257
0.72615016,-4.33582,0.49382406
0.72528845,-4.335026,0.49362242
0.7244809,-4.334203,0.49341005
0.72368693,-4.333373,0.493195
0.72289294,-4.3325434,0.49297994
0.72209895,-4.3317137,0.4927649
0.72130495,-4.330884,0.49254984
0.72051096,-4.3300543,0.49233478
0.71971697,-4.3292246,0.49211973
0.718923,-4.328395,0.49190468
0.718129,-4.327565,0.49168962
0.717335,-4.3267355,0.49147457
0.716541,-4.325906,0.49125952
0.7157464,-4.325179,0.49107534
0.7149518,-4.3244524,0.49089116
0.7142111,-4.323698,0.49069643
0.7134838,-4.3229365,0.49049905
0.7127565,-4.322175,0.49030167
0.7120292,-4.3214135,0.4901043
0.71132827,-4.32068,0.48991415
0.7100054,-4.3192964,0.48955557
0.70868254,-4.3179126,0.489197
0.7073597,-4.316529,0.4888384
0.7060368,-4.315145,0.48847982
0.70471394,-4.313761,0.48812124
0.70397246,-4.3130283,0.48793298
0.70330834,-4.31226,0.4877339
0.70265436,-4.311475,0.4875806
0.7020004,-4.3106894,0.4874273
0.70128304,-4.3099527,0.48730648
0.69988495,-4.3086233,0.48711127
0.69848686,-4.307294,0.48691607
0.6970888,-4.3059645,0.48672086
0.6956759,-4.3046412,0.48653126
0.69424194,-4.303266,0.48632684
0.69303054,-4.3018117,0.48604283
0.69181913,-4.3003573,0.4857588
0.69109595,-4.299663,0.4856553
0.6904086,-4.2989125,0.48552266
0.6889502,-4.29761,0.48535097
0.68812776,-4.2970204,0.48530927
0.68730533,-4.296431,0.48526758
0.6865901,-4.2956743,0.48513862
0.6853012,-4.294257,0.48488605
0.6837741,-4.2930264,0.48475197
0.6822467,-4.291796,0.48461637
0.68149173,-4.291117,0.48452199
0.6799642,-4.289888,0.4843865
0.6792056,-4.2892313,0.48430154
0.678447,-4.2885747,0.48421657
0.6776884,-4.287918,0.4841316
0.67692983,-4.2872615,0.48404664
0.67617124,-4.286605,0.48396167
0.6747218,-4.2852187,0.4837488
0.673196,-4.2839856,0.4836117
0.671691,-4.2827034,0.48345107
0.67040634,-4.281243,0.48317322
0.66914225,-4.279733,0.48287192
0.66841996,-4.2790194,0.48275694
0.6676612,-4.2783628,0.482672
0.6669047,-4.2776856,0.48257875
0.66614485,-4.277031,0.48249483
0.665385,-4.2763762,0.4824109
0.66462517,-4.2757215,0.48232698
0.6638653,-4.275067,0.48224306
0.6630566,-4.2743545,0.48214772
0.66155934,-4.2729754,0.48194817
0.66076493,-4.272257,0.48184732
0.6599704,-4.2715383,0.4817465
0.6591759,-4.2708197,0.48164567
0.65838134,-4.270101,0.48154485
0.6575868,-4.2693825,0.48144403
0.6567923,-4.268664,0.4813432
0.65607256,-4.2679114,0.48121282
0.6553198,-4.267194,0.48110315
0.6538866,-4.265846,0.48090142
0.6526132,-4.2643456,0.4806059
0.65133387,-4.2628884,0.4803283
0.649899,-4.2615004,0.4801207
0.6491019,-4.2608957,0.4800768
0.6483048,-4.260291,0.4800329
0.6475077,-4.2596865,0.479989
0.64671063,-4.259082,0.4799451
0.64591354,-4.258477,0.4799012
0.6451164,-4.2578726,0.4798573
0.6442794,-4.257211,0.47980762
0.64344245,-4.25655,0.47975793
0.6426055,-4.2558885,0.47970825
0.6417685,-4.255227,0.47965857
0.64093155,-4.2545657,0.4796089
0.6400946,-4.2539043,0.4795592
0.6393789,-4.2531977,0.47949755
0.637999,-4.251874,0.47938395
0.6366194,-4.250514,0.4792654
0.63529575,-4.2492013,0.47915062
