-3.1191866,0.92534447,-0.23234749,-38.512638789592685,20764.16015625,-32.152570505493955,20764.16015625,
-3.11959,0.9336543,-0.23230664,-36.727094818160815,20764.16015625,-30.84477934642949,20742.7978515625,
-3.1199934,0.94196415,-0.2322658,-36.727094818160815,20764.16015625,-30.84477934642949,20742.7978515625,
-3.1299856,0.9469353,-0.23246224,-36.32395607373708,20764.16015625,-30.65803848200822,20764.16015625,
-3.1364808,0.9505588,-0.2326985,-36.53401736875432,20764.16015625,-30.76440739375358,20764.16015625,
-3.1416419,0.94953656,-0.23262203,-40.32123985438879,20764.16015625,-34.179502873427914,20764.16015625,
-3.146803,0.94851434,-0.23254555,-40.32123985438879,20764.16015625,-34.179502873427914,20764.16015625,
-3.146803,0.94851434,-0.23254555,-43.7553286923609,20764.16015625,-37.79023504870222,20764.16015625,
-3.146803,0.94851434,-0.23254555,-45.35683474010334,20764.16015625,-39.451462911655014,20764.16015625,
-3.146803,0.94851434,-0.23254555,-45.35683474010334,20764.16015625,-39.451462911655014,20764.16015625,
-3.146803,0.94851434,-0.23254555,-46.46179131716869,20764.16015625,-40.58509011313127,20764.16015625,
-3.146803,0.94851434,-0.23254555,-47.00022897049061,20742.7978515625,-41.11847849738545,20764.16015625,
-3.146803,0.94851434,-0.23254555,-47.25711787659974,20742.7978515625,-41.39024504001458,20764.16015625,
-3.146803,0.94851434,-0.23254555,-47.25711787659974,20742.7978515625,-41.39024504001458,20764.16015625,
-3.146803,0.94851434,-0.23254555,-47.1488852347639,20764.16015625,-41.326111206123414,20764.16015625,
-3.14909,0.94558805,-0.23276809,-46.864518287865906,20764.16015625,-41.05733231868231,20764.16015625,
-3.1513772,0.94266176,-0.23299062,-46.864518287865906,20764.16015625,-41.05733231868231,20764.16015625,
-3.1513772,0.94266176,-0.23299062,-46.36297912303769,20764.16015625,-40.49136977945041,20764.16015625,
-3.1513772,0.94266176,-0.23299062,-44.74134170982864,20764.16015625,-38.82746723773665,20764.16015625,
-3.1513772,0.94266176,-0.23299062,-43.765560928025415,20764.16015625,-37.795696497520545,20764.16015625,
-3.1513772,0.94266176,-0.23299062,-43.765560928025415,20764.16015625,-37.795696497520545,20764.16015625,
-3.1513772,0.94266176,-0.23299062,-44.82873119408576,20764.16015625,-38.91049585329566,20764.16015625,
-3.1513772,0.94266176,-0.23299062,-46.27967080270534,20764.16015625,-40.438018515135326,20764.16015625,
-3.1513772,0.94266176,-0.23299062,-46.27967080270534,20764.16015625,-40.438018515135326,20764.16015625,
-3.1513772,0.94266176,-0.23299062,-47.15966407177363,20764.16015625,-41.329558900351415,20764.16015625,
-3.1513772,0.94266176,-0.23299062,-47.27837694225207,20742.7978515625,-41.42566884498082,20764.16015625,
-3.1513772,0.94266176,-0.23299062,-47.477551654942715,20764.16015625,-41.638332087897034,20764.16015625,
-3.1513772,0.94266176,-0.23299062,-47.477551654942715,20764.16015625,-41.638332087897034,20764.16015625,
-3.1513772,0.94266176,-0.23299062,-47.55686915614548,20764.16015625,-41.765349873861894,20764.16015625,
-3.1513772,0.94266176,-0.23299062,-47.55231454056069,20764.16015625,-41.71483769844528,20764.16015625,
-3.1513772,0.94266176,-0.23299062,-47.55231454056069,20764.16015625,-41.71483769844528,20764.16015625,
-3.1513772,0.94266176,-0.23299062,-47.65812922389827,20742.7978515625,-41.807363011231296,20764.16015625,
-3.1459591,0.957013,-0.23315267,-47.65746693490573,20764.16015625,-41.86895261239051,20764.16015625,
-3.127245,0.9982275,-0.23319604,-47.697978594266885,20764.16015625,-41.86987604248715,20764.16015625,
-3.1085308,1.039442,-0.2332394,-47.697978594266885,20764.16015625,-41.86987604248715,20764.16015625,
-3.1134777,1.011542,-0.23344868,-47.766889546640314,20764.16015625,-41.95563128515233,20764.16015625,
-3.1354444,0.95039123,-0.23403825,-47.126545280582974,20764.16015625,-41.32122577963112,20764.16015625,
-3.157411,0.8892405,-0.23462781,-47.126545280582974,20764.16015625,-41.32122577963112,20764.16015625,
-3.170806,0.8404605,-0.23609494,-45.670591432004166,20764.16015625,-39.76656577608398,20764.16015625,
-3.1779408,0.81433,-0.23605175,-42.968556705211746,20742.7978515625,-36.94848323766032,20764.16015625,
-3.1779408,0.81433,-0.23605175,-41.28995506299223,20764.16015625,-35.18696978320724,20764.16015625,
-3.1779408,0.81433,-0.23605175,-41.28995506299223,20764.16015625,-35.18696978320724,20764.16015625,
-3.1779408,0.81433,-0.23605175,-43.25119361144192,20742.7978515625,-37.2557825404488,20764.16015625,
-3.1779408,0.81433,-0.23605175,-45.94516295210691,20742.7978515625,-40.041343368293596,20764.16015625,
-3.1779408,0.81433,-0.23605175,-45.94516295210691,20742.7978515625,-40.041343368293596,20764.16015625,
-3.1779408,0.81433,-0.23605175,-46.90178607590088,20764.16015625,-40.98695524070756,20764.16015625,
-3.1779408,0.81433,-0.23605175,-47.37848683969852,20742.7978515625,-41.506303206891246,20764.16015625,
-3.1779408,0.81433,-0.23605175,-47.86216053324276,20764.16015625,-42.011631808186884,20764.16015625,
-3.1779408,0.81433,-0.23605175,-47.86216053324276,20764.16015625,-42.011631808186884,20764.16015625,
-3.1779408,0.81433,-0.23605175,-48.05605393514335,20742.7978515625,-42.24620736584768,20764.16015625,
-3.0622005,1.0310802,-0.2431801,-48.38527434447762,20742.7978515625,-42.56891964338688,20764.16015625,
-2.9464602,1.2478304,-0.25030842,-48.38527434447762,20742.7978515625,-42.56891964338688,20764.16015625,
-2.9682949,1.3318632,-0.24775976,-48.57320960361288,20742.7978515625,-42.73000087838261,20764.16015625,
-2.9897752,1.4708569,-0.24910846,-48.5868493639946,20764.16015625,-42.7806223414893,20764.16015625,
-2.99123,1.475913,-0.2490329,-48.59454585388122,20764.16015625,-42.82148012362903,20764.16015625,
-2.9926848,1.4809692,-0.24895734,-48.59454585388122,20764.16015625,-42.82148012362903,20764.16015625,
-2.9941263,1.486027,-0.24879016,-48.61897324946435,20764.16015625,-42.83290597895511,20764.16015625,
-2.9959347,1.4827833,-0.24901702,-48.67644601756645,20764.16015625,-42.82940368009748,20764.16015625,
-2.9977431,1.4795396,-0.24924387,-48.67644601756645,20764.16015625,-42.82940368009748,20764.16015625,
-3.0009928,1.4813515,-0.24925825,-48.690366997524734,20742.7978515625,-42.82921991709805,20764.16015625,
-3.0009928,1.4813515,-0.24925825,-48.661606336138085,20764.16015625,-42.86221623571298,20764.16015625,
-3.0009928,1.4813515,-0.24925825,-48.69242303946649,20764.16015625,-42.891560098162465,20764.16015625,
-3.0009928,1.4813515,-0.24925825,-48.69242303946649,20764.16015625,-42.891560098162465,20764.16015625,
-3.0009928,1.4813515,-0.24925825,-48.7317859284752,20764.16015625,-42.93055534350093,20764.16015625,
-3.0009928,1.4813515,-0.24925825,-48.73729427815812,20764.16015625,-42.94277178796761,20764.16015625,
-3.0009928,1.4813515,-0.24925825,-48.73729427815812,20764.16015625,-42.94277178796761,20764.16015625,
-3.0009928,1.4813515,-0.24925825,-48.77100361278808,20764.16015625,-42.95602405817029,20764.16015625,
-3.0009928,1.4813515,-0.24925825,-48.698194691343986,20764.16015625,-42.91651847610409,20764.16015625,
-3.0009928,1.4813515,-0.24925825,-48.720703597528896,20764.16015625,-42.91909290446885,20764.16015625,
-3.0009928,1.4813515,-0.24925825,-48.720703597528896,20764.16015625,-42.91909290446885,20764.16015625,
-3.0009928,1.4813515,-0.24925825,-48.707843502394475,20764.16015625,-42.91973699290403,20764.16015625,
-3.0009928,1.4813515,-0.24925825,-48.734891232638795,20764.16015625,-42.90929739108658,20764.16015625,
-3.0009928,1.4813515,-0.24925825,-48.734891232638795,20764.16015625,-42.90929739108658,20764.16015625,
-3.0009928,1.4813515,-0.24925825,-48.68877614431811,20764.16015625,-42.92709286149723,20764.16015625,
-3.0009928,1.4813515,-0.24925825,-48.755967837224716,20742.7978515625,-42.93977812158742,20764.16015625,
-3.0009928,1.4813515,-0.24925825,-48.70865007361289,20742.7978515625,-42.923854235786,20764.16015625,
-3.0009928,1.4813515,-0.24925825,-48.70865007361289,20742.7978515625,-42.923854235786,20764.16015625,
-3.0009928,1.4813515,-0.24925825,-48.62573764718179,20764.16015625,-42.89894482731309,20764.16015625,
-3.0009928,1.4813515,-0.24925825,-48.71028926119265,20764.16015625,-42.92285401756577,20764.16015625,
-3.0009928,1.4813515,-0.24925825,-48.71028926119265,20764.16015625,-42.92285401756577,20764.16015625,
-3.0009928,1.4813515,-0.24925825,-48.68169975989623,20764.16015625,-42.91737260524847,20764.16015625,
-3.0009928,1.4813515,-0.24925825,-48.665941107942956,20764.16015625,-42.89441977750278,20764.16015625,
-3.0009928,1.4813515,-0.24925825,-48.70575761237258,20742.7978515625,-42.90550103927792,20764.16015625,
-3.0009928,1.4813515,-0.24925825,-48.70575761237258,20742.7978515625,-42.90550103927792,20764.16015625,
-3.0009928,1.4813515,-0.24925825,-48.71599285533807,20742.7978515625,-42.88153448463383,20764.16015625,
-3.0009928,1.4813515,-0.24925825,-48.68650536771274,20764.16015625,-42.89993777443585,20764.16015625,
-3.0009928,1.4813515,-0.24925825,-48.68650536771274,20764.16015625,-42.89993777443585,20764.16015625,
-3.0009928,1.4813515,-0.24925825,-48.7146647213975,20764.16015625,-42.89619424598902,20764.16015625,
-3.0009928,1.4813515,-0.24925825,-48.69484774134199,20742.7978515625,-42.891314602919095,20764.16015625,
-3.0009928,1.4813515,-0.24925825,-48.69484774134199,20742.7978515625,-42.891314602919095,20764.16015625,
-3.0009928,1.4813515,-0.24925825,-48.712751382099704,20742.7978515625,-42.8721226692738,20764.16015625,
-3.0009928,1.4813515,-0.24925825,-48.699280580778755,20764.16015625,-42.901123377382106,20764.16015625,
-3.0147872,1.4253829,-0.25293598,-48.8598464606369,20764.16015625,-43.02971777400774,20764.16015625,
-3.0285816,1.3694142,-0.2566137,-48.8598464606369,20764.16015625,-43.02971777400774,20764.16015625,
-3.0339363,1.3596503,-0.25737908,-48.873464971659,20742.7978515625,-43.06307457809791,20764.16015625,
-3.0339363,1.3596503,-0.25737908,-48.89342130222389,20764.16015625,-43.0666614606229,20764.16015625,
-3.0339363,1.3596503,-0.25737908,-48.89342130222389,20764.16015625,-43.0666614606229,20764.16015625,
-3.0339363,1.3596503,-0.25737908,-48.8261003357223,20764.16015625,-43.06427136176663,20764.16015625,
-3.0339363,1.3596503,-0.25737908,-48.820505877446166,20764.16015625,-43.04488102957683,20764.16015625,
-3.0339363,1.3596503,-0.25737908,-48.83510604236818,20764.16015625,-43.044853324183734,20764.16015625,
-3.0339363,1.3596503,-0.25737908,-48.83510604236818,20764.16015625,-43.044853324183734,20764.16015625,
-3.0339363,1.3596503,-0.25737908,-48.874160940323236,20764.16015625,-43.08076035937923,20764.16015625,
-3.0339363,1.3596503,-0.25737908,-48.84141660725248,20764.16015625,-43.06122589507818,20764.16015625,
-3.0339363,1.3596503,-0.25737908,-48.84141660725248,20764.16015625,-43.06122589507818,20764.16015625,
-3.0339363,1.3596503,-0.25737908,-48.905046744606196,20742.7978515625,-43.05772251976418,20764.16015625,
-3.0339363,1.3596503,-0.25737908,-48.85769697079098,20742.7978515625,-43.00749408000939,20742.7978515625,
-3.0339363,1.3596503,-0.25737908,-48.86230598298178,20742.7978515625,-43.045024565690426,20764.16015625,
-3.0339363,1.3596503,-0.25737908,-48.86230598298178,20742.7978515625,-43.045024565690426,20764.16015625,
-3.0339363,1.3596503,-0.25737908,-48.87046498359436,20742.7978515625,-43.02922238440826,20764.16015625,
-3.0339363,1.3596503,-0.25737908,-48.900221965596344,20742.7978515625,-43.04626578196935,20764.16015625,
-3.0339363,1.3596503,-0.25737908,-48.900221965596344,20742.7978515625,-43.04626578196935,20764.16015625,
-3.0339363,1.3596503,-0.25737908,-48.8895122725338,20742.7978515625,-43.04540071190004,20764.16015625,
-3.0339363,1.3596503,-0.25737908,-48.889313683811025,20764.16015625,-43.06880200642993,20764.16015625,
-3.0339363,1.3596503,-0.25737908,-48.858613384060774,20742.7978515625,-43.044247010743035,20764.16015625,
-3.0339363,1.3596503,-0.25737908,-48.858613384060774,20742.7978515625,-43.044247010743035,20764.16015625,
-3.0339363,1.3596503,-0.25737908,-48.876594865320826,20764.16015625,-43.08348434609218,20764.16015625,
-3.0432925,1.3436251,-0.25869983,-48.94815489623901,20764.16015625,-43.1592660229284,20764.16015625,
-3.0526488,1.3275999,-0.26002058,-48.94815489623901,20764.16015625,-43.1592660229284,20764.16015625,
-3.056463,1.2068939,-0.27316493,-49.065722982131206,20764.16015625,-43.30765564706241,20764.16015625,
-3.056463,1.2068939,-0.27316493,-49.14944059631534,20764.16015625,-43.33851644025111,20764.16015625,
-3.0640182,1.1307406,-0.27837297,-49.36257855168104,20764.16015625,-43.5523461772165,20764.16015625,
-3.0715735,1.0545874,-0.28358102,-49.36257855168104,20764.16015625,-43.5523461772165,20764.16015625,
-3.1145608,0.5590295,-0.3135969,-48.741995296218306,20764.16015625,-43.00541556490664,20764.16015625,
-3.3286316,0.10959089,-0.34898955,-48.249274491964115,20742.7978515625,-42.40274875455182,20764.16015625,
-3.5427024,-0.33984774,-0.3843822,-48.249274491964115,20742.7978515625,-42.40274875455182,20764.16015625,
-3.5642004,-0.48385698,-0.39390227,-48.3027567958416,20764.16015625,-42.51771453654789,20764.16015625,
-3.6295197,-0.79309547,-0.41654214,-48.40814599752495,20764.16015625,-42.63499049948358,20764.16015625,
-3.694839,-1.102334,-0.439182,-48.40814599752495,20764.16015625,-42.63499049948358,20764.16015625,
-3.7433786,-1.2277429,-0.44808757,-48.409947069861914,20764.16015625,-42.574927871717335,20764.16015625,
-3.7452316,-1.2393512,-0.4485893,-48.397729903007864,20742.7978515625,-42.57398386949866,20764.16015625,
-3.7452316,-1.2393512,-0.4485893,-48.375133801458006,20764.16015625,-42.5776806583779,20764.16015625,
-3.7452316,-1.2393512,-0.4485893,-48.375133801458006,20764.16015625,-42.5776806583779,20764.16015625,
-3.7452316,-1.2393512,-0.4485893,-48.32995258159876,20764.16015625,-42.5325382777174,20764.16015625,
-3.7452316,-1.2393512,-0.4485893,-48.35621086086378,20764.16015625,-42.56724181907008,20764.16015625,
-3.7452316,-1.2393512,-0.4485893,-48.314749872128424,20764.16015625,-42.54225931508649,20764.16015625,
-3.7452316,-1.2393512,-0.4485893,-48.314749872128424,20764.16015625,-42.54225931508649,20764.16015625,
-3.7452316,-1.2393512,-0.4485893,-48.33687821324118,20764.16015625,-42.53459835259885,20764.16015625,
-3.7452316,-1.2393512,-0.4485893,-48.33674646847132,20764.16015625,-42.507674688813196,20764.16015625,
-3.7452316,-1.2393512,-0.4485893,-48.33674646847132,20764.16015625,-42.507674688813196,20764.16015625,
-3.7452316,-1.2393512,-0.4485893,-48.3720676413091,20742.7978515625,-42.53583773907018,20764.16015625,
-4.2184486,-1.6469355,-0.4805569,-48.33595859586583,20764.16015625,-42.54668039588144,20764.16015625,
-4.5260954,-2.0898387,-0.515887,-48.25287375544882,20764.16015625,-42.431589892130205,20764.16015625,
-4.833742,-2.532742,-0.55121714,-48.25287375544882,20764.16015625,-42.431589892130205,20764.16015625,
-5.1833906,-2.578901,-0.5656294,-48.283404232064385,20764.16015625,-42.42856549545855,20764.16015625,
-5.3880177,-2.704561,-0.58037144,-48.25471760871379,20764.16015625,-42.42156409396869,20764.16015625,
-5.5926447,-2.830221,-0.59511346,-48.25471760871379,20764.16015625,-42.42156409396869,20764.16015625,
-5.6701183,-2.9866514,-0.6054985,-48.164370552342234,20764.16015625,-42.355122353608564,20764.16015625,
-5.80278,-3.1446,-0.61817217,-48.22816705135666,20764.16015625,-42.35681483905415,20764.16015625,
-5.925846,-3.1909895,-0.6240824,-48.183613024269654,20742.7978515625,-42.35850995134612,20764.16015625,
-6.048912,-3.237379,-0.6299926,-48.183613024269654,20742.7978515625,-42.35850995134612,20764.16015625,
-6.069322,-3.3519456,-0.6361962,-48.16254703842319,20764.16015625,-42.334707960616285,20764.16015625,
-6.059485,-3.4649954,-0.6412196,-48.11330534929521,20764.16015625,-42.310911934623505,20764.16015625,
-6.049648,-3.5780451,-0.64624304,-48.11330534929521,20764.16015625,-42.310911934623505,20764.16015625,
-6.159765,-3.672143,-0.6549573,-48.14977889515156,20764.16015625,-42.387048505081275,20764.16015625,
-6.2384596,-3.777878,-0.6641226,-48.286614242706385,20764.16015625,-42.46859275632297,20764.16015625,
-6.2969713,-3.843971,-0.66957366,-48.288727482038766,20764.16015625,-42.43045605189828,20764.16015625,
-6.355483,-3.910064,-0.67502475,-48.288727482038766,20764.16015625,-42.43045605189828,20764.16015625,
-6.350355,-3.9582388,-0.67753595,-48.17327930913538,20764.16015625,-42.363435263881556,20764.16015625,
-6.3641996,-4.245803,-0.69183725,-48.13495527166398,20764.16015625,-42.30635019842516,20764.16015625,
-6.378044,-4.5333667,-0.70613855,-48.13495527166398,20764.16015625,-42.30635019842516,20764.16015625,
-6.6171246,-5.098417,-0.7457879,-48.09344717035829,20742.7978515625,-42.28379115175037,20764.16015625,
-6.975839,-5.9103856,-0.80832934,-48.24180056332048,20764.16015625,-42.4239407800855,20764.16015625,
-7.032159,-6.444415,-0.8388246,-48.22437881218803,20785.5224609375,-42.413943001067416,20764.16015625,
-7.0884786,-6.978445,-0.8693199,-48.22437881218803,20785.5224609375,-42.413943001067416,20764.16015625,
-7.135931,-7.261219,-0.8864927,-48.25743867177994,20742.7978515625,-42.40063689657724,20764.16015625,
-7.155006,-7.3676805,-0.89293116,-48.283132072282115,20742.7978515625,-42.44115869727186,20764.16015625,
-7.174081,-7.474142,-0.8993696,-48.283132072282115,20742.7978515625,-42.44115869727186,20764.16015625,
-7.174081,-7.474142,-0.8993696,-48.260729915404966,20742.7978515625,-42.42871023419771,20764.16015625,
-7.174081,-7.474142,-0.8993696,-48.27451995962061,20742.7978515625,-42.416741485417674,20764.16015625,
-7.174081,-7.474142,-0.8993696,-48.243132749064415,20764.16015625,-42.430241932067105,20764.16015625,
-7.174081,-7.474142,-0.8993696,-48.243132749064415,20764.16015625,-42.430241932067105,20764.16015625,
-7.174081,-7.474142,-0.8993696,-48.227571761555495,20764.16015625,-42.410358580513396,20764.16015625,
-7.174081,-7.474142,-0.8993696,-48.25988709059496,20764.16015625,-42.41576507611069,20764.16015625,
-7.174081,-7.474142,-0.8993696,-48.25988709059496,20764.16015625,-42.41576507611069,20764.16015625,
-7.174081,-7.474142,-0.8993696,-48.19872001838469,20764.16015625,-42.42398319832928,20764.16015625,
-7.174081,-7.474142,-0.8993696,-48.255329847958905,20742.7978515625,-42.4333304086682,20764.16015625,
-7.174081,-7.474142,-0.8993696,-48.2630477609089,20764.16015625,-42.42475695134969,20764.16015625,
-7.174081,-7.474142,-0.8993696,-48.2630477609089,20764.16015625,-42.42475695134969,20764.16015625,
-7.180525,-7.4541497,-0.8980384,-48.22172532763516,20764.16015625,-42.41616435887764,20764.16015625,
-7.18374,-7.4441485,-0.8974129,-48.247897460557525,20764.16015625,-42.442631863132654,20764.16015625,
-7.1869555,-7.4341474,-0.8967874,-48.247897460557525,20764.16015625,-42.442631863132654,20764.16015625,
-7.1869555,-7.4341474,-0.8967874,-48.23330845139765,20764.16015625,-42.445496095576296,20764.16015625,
-7.1921086,-7.452326,-0.898496,-48.152730660353384,20742.7978515625,-42.31021791602458,20764.16015625,
-7.193798,-7.4556217,-0.898851,-48.12690051387339,20764.16015625,-42.29619776867519,20764.16015625,
-7.1954875,-7.4589176,-0.899206,-48.12690051387339,20764.16015625,-42.29619776867519,20764.16015625,
-7.1954875,-7.4589176,-0.899206,-48.04764240189371,20764.16015625,-42.21881181466895,20764.16015625,
-7.1954875,-7.4589176,-0.899206,-48.08501175145196,20764.16015625,-42.28879526273279,20764.16015625,
-7.1954875,-7.4589176,-0.899206,-48.08501175145196,20764.16015625,-42.28879526273279,20764.16015625,
-7.1954875,-7.4589176,-0.899206,-48.08489514880661,20764.16015625,-42.231088261119794,20764.16015625,
-7.1954875,-7.4589176,-0.899206,-48.124828629946435,20742.7978515625,-42.30037105836912,20764.16015625,
-7.1933155,-7.480395,-0.9013749,-48.116250459811205,20764.16015625,-42.279163144631326,20764.16015625,
-7.1911435,-7.501872,-0.9035438,-48.116250459811205,20764.16015625,-42.279163144631326,20764.16015625,
-7.222046,-7.8605924,-0.9352728,-48.339667587788064,20742.7978515625,-42.50157931546636,20764.16015625,
-7.306624,-8.13932,-0.9677772,-48.61393706876511,20764.16015625,-42.76244894481814,20764.16015625,
-7.391202,-8.418049,-1.0002816,-48.61393706876511,20764.16015625,-42.76244894481814,20764.16015625,
-7.5514407,-8.956243,-1.0592289,-48.80600384973418,20742.7978515625,-42.99057638052144,20764.16015625,
-7.743199,-9.303395,-1.1026752,-48.808772740854316,20764.16015625,-43.047471046398755,20764.16015625,
-7.934957,-9.650548,-1.1461215,-48.808772740854316,20764.16015625,-43.047471046398755,20764.16015625,
-8.210072,-10.304733,-1.2331249,-48.81259203894514,20764.16015625,-43.00177617268517,20764.16015625,
-8.587077,-11.157657,-1.3351007,-48.96617286781709,20742.7978515625,-43.1659816883469,20764.16015625,
-8.8967285,-11.867278,-1.4165848,-48.724394957976436,20764.16015625,-42.98479268776635,20764.16015625,
-9.20638,-12.5769,-1.498069,-48.724394957976436,20764.16015625,-42.98479268776635,20764.16015625,
-9.41163,-12.822618,-1.5247668,-48.77580820047153,20742.7978515625,-42.96605703426394,20764.16015625,
-9.520421,-13.016719,-1.5459965,-48.71185396528085,20764.16015625,-42.946391752365855,20764.16015625,
-9.629212,-13.21082,-1.5672263,-48.71185396528085,20764.16015625,-42.946391752365855,20764.16015625,
-9.827579,-13.4833145,-1.6025027,-48.68921369580388,20764.16015625,-42.89245814968547,20764.16015625,
-10.101494,-13.820162,-1.6461911,-48.66771002440756,20764.16015625,-42.84891537587428,20764.16015625,
-10.441387,-14.319544,-1.7044873,-48.612857909860836,20742.7978515625,-42.76968854818293,20764.16015625,
-10.7812805,-14.818926,-1.7627835,-48.612857909860836,20742.7978515625,-42.76968854818293,20764.16015625,
-11.036629,-15.275025,-1.8098592,-48.61724123837653,20764.16015625,-42.851790894548564,20764.16015625,
-11.320689,-15.986897,-1.8918024,-48.597581788781056,20764.16015625,-42.755179453824255,20764.16015625,
-11.60475,-16.69877,-1.9737457,-48.597581788781056,20764.16015625,-42.755179453824255,20764.16015625,
-12.0192995,-17.024424,-2.0292642,-48.557639199653615,20764.16015625,-42.760917352105736,20764.16015625,
-12.268168,-17.755558,-2.1183267,-48.5761756078969,20764.16015625,-42.76927930264084,20764.16015625,
-12.671894,-18.808876,-2.224029,-48.5148956666235,20742.7978515625,-42.65982985801226,20764.16015625,
-13.07562,-19.862194,-2.3297315,-48.5148956666235,20742.7978515625,-42.65982985801226,20764.16015625,
-13.879177,-21.67262,-2.5106606,-48.51199250477077,20742.7978515625,-42.73887429997032,20764.16015625,
-13.625453,-21.697128,-2.5028648,-48.56469028511728,20742.7978515625,-42.72490950403881,20764.16015625,
-13.371729,-21.721636,-2.495069,-48.56469028511728,20742.7978515625,-42.72490950403881,20764.16015625,
-13.368637,-21.47437,-2.4765506,-48.538345521204434,20764.16015625,-42.73365614119658,20764.16015625,
-13.460093,-21.589495,-2.4873347,-48.57186099120399,20764.16015625,-42.75744065370905,20764.16015625,
-13.31661,-21.692722,-2.4913085,-48.48573302377239,20764.16015625,-42.70889808287151,20764.16015625,
-13.173128,-21.79595,-2.4952822,-48.48573302377239,20764.16015625,-42.70889808287151,20764.16015625,
-12.772365,-22.838282,-2.5672677,-48.52973059167848,20764.16015625,-42.68950946156819,20764.16015625,
-13.064546,-24.7736,-2.7560778,-48.480459016144025,20764.16015625,-42.66670652528628,20764.16015625,
-13.356727,-26.708918,-2.9448879,-48.480459016144025,20764.16015625,-42.66670652528628,20764.16015625,
-13.401185,-27.576927,-3.0163655,-48.412281207705725,20764.16015625,-42.67905993775207,20764.16015625,
-13.238144,-28.184244,-3.0659823,-48.499932421719095,20742.7978515625,-42.673967232213236,20764.16015625,
-13.01691,-28.55365,-3.0917985,-48.385276100237185,20764.16015625,-42.627425122889875,20764.16015625,
-12.795675,-28.923056,-3.1176147,-48.385276100237185,20764.16015625,-42.627425122889875,20764.16015625,
-12.636866,-29.07506,-3.126855,-48.519108146699175,20764.16015625,-42.687207711729876,20764.16015625,
-12.636866,-29.07506,-3.126855,-48.489341186936585,20764.16015625,-42.7253851422548,20764.16015625,
-12.636866,-29.07506,-3.126855,-48.489341186936585,20764.16015625,-42.7253851422548,20764.16015625,
-12.539095,-29.245886,-3.139512,-48.48736176612657,20764.16015625,-42.706005517110256,20764.16015625,
-12.480434,-29.394789,-3.1517487,-48.39589493377452,20764.16015625,-42.609864193058584,20764.16015625,
-12.480434,-29.394789,-3.1517487,-48.4507314622948,20764.16015625,-42.67543690812984,20764.16015625,
-12.480434,-29.394789,-3.1517487,-48.4507314622948,20764.16015625,-42.67543690812984,20764.16015625,
-12.480434,-29.394789,-3.1517487,-48.4132883097691,20764.16015625,-42.568640238855664,20764.16015625,
-12.390798,-29.5525,-3.1615365,-48.38354086147761,20742.7978515625,-42.56814876976271,20764.16015625,
-12.301161,-29.71021,-3.1713243,-48.38354086147761,20742.7978515625,-42.56814876976271,20764.16015625,
-12.29447,-29.713467,-3.1713965,-48.56442557447367,20764.16015625,-42.75439532295094,20764.16015625,
-12.29447,-29.713467,-3.1713965,-48.55052772255278,20764.16015625,-42.739392811755536,20764.16015625,
-12.29447,-29.713467,-3.1713965,-48.55774521825759,20764.16015625,-42.75569883776002,20764.16015625,
-12.29447,-29.713467,-3.1713965,-48.55774521825759,20764.16015625,-42.75569883776002,20764.16015625,
-12.297762,-29.711733,-3.171387,-48.62932569249118,20764.16015625,-42.77295543039918,20764.16015625,
-12.297762,-29.711733,-3.171387,-48.600091185040995,20785.5224609375,-42.81512018865624,20764.16015625,
-12.297762,-29.711733,-3.171387,-48.600091185040995,20785.5224609375,-42.81512018865624,20764.16015625,
-12.297762,-29.711733,-3.171387,-48.5842504926582,20764.16015625,-42.77047773306607,20764.16015625,
-12.297762,-29.711733,-3.171387,-48.61384652117987,20764.16015625,-42.79030473609575,20764.16015625,
-12.297762,-29.711733,-3.171387,-48.57058749663639,20764.16015625,-42.788729292951864,20764.16015625,
-12.297762,-29.711733,-3.171387,-48.57058749663639,20764.16015625,-42.788729292951864,20764.16015625,
-12.297762,-29.711733,-3.171387,-48.67959523854342,20764.16015625,-42.79939555364847,20764.16015625,
-12.297762,-29.711733,-3.171387,-48.58315263894384,20764.16015625,-42.778252190893,20764.16015625,
-12.297762,-29.711733,-3.171387,-48.58315263894384,20764.16015625,-42.778252190893,20764.16015625,
-12.297762,-29.711733,-3.171387,-48.61802628580931,20764.16015625,-42.84925605233213,20764.16015625,
-12.299576,-29.714964,-3.171723,-48.657930276688845,20764.16015625,-42.86414472335402,20764.16015625,
-12.30139,-29.718195,-3.1720588,-48.657930276688845,20764.16015625,-42.86414472335402,20764.16015625,
-12.30139,-29.718195,-3.1720588,-48.593504475913946,20764.16015625,-42.822039313943606,20764.16015625,
-12.30139,-29.718195,-3.1720588,-48.640566366391525,20764.16015625,-42.856204127009306,20764.16015625,
-12.30139,-29.718195,-3.1720588,-48.64051375956449,20764.16015625,-42.81629237486762,20764.16015625,
-12.30139,-29.718195,-3.1720588,-48.64051375956449,20764.16015625,-42.81629237486762,20764.16015625,
-12.30139,-29.718195,-3.1720588,-48.690461109084644,20742.7978515625,-42.837844209952294,20764.16015625,
-12.30139,-29.718195,-3.1720588,-48.6155716454134,20764.16015625,-42.82165155258157,20764.16015625,
-12.30139,-29.718195,-3.1720588,-48.6155716454134,20764.16015625,-42.82165155258157,20764.16015625,
-12.30139,-29.718195,-3.1720588,-48.58829835062739,20742.7978515625,-42.79760112783194,20764.16015625,
-12.30139,-29.718195,-3.1720588,-48.67240313174544,20742.7978515625,-42.853194602314176,20764.16015625,
-12.30139,-29.718195,-3.1720588,-48.694057766136865,20764.16015625,-42.86340601380458,20764.16015625,
-12.30139,-29.718195,-3.1720588,-48.694057766136865,20764.16015625,-42.86340601380458,20764.16015625,
-12.30139,-29.718195,-3.1720588,-48.612489137520036,20764.16015625,-42.83299163045487,20764.16015625,
-12.30139,-29.718195,-3.1720588,-48.646249961506534,20764.16015625,-42.83493415345233,20764.16015625,
-12.30139,-29.718195,-3.1720588,-48.646249961506534,20764.16015625,-42.83493415345233,20764.16015625,
-12.30139,-29.718195,-3.1720588,-48.59128756521088,20764.16015625,-42.819569816323686,20764.16015625,
-12.30139,-29.718195,-3.1720588,-48.637435697741964,20764.16015625,-42.83851966440774,20764.16015625,
-12.30139,-29.718195,-3.1720588,-48.65670144521864,20742.7978515625,-42.81764318452965,20764.16015625,
-12.30139,-29.718195,-3.1720588,-48.65670144521864,20742.7978515625,-42.81764318452965,20764.16015625,
-12.30139,-29.718195,-3.1720588,-48.61668473558683,20764.16015625,-42.83166050153467,20764.16015625,
-12.30139,-29.718195,-3.1720588,-48.63875812113917,20742.7978515625,-42.81945084403631,20764.16015625,
-12.30139,-29.718195,-3.1720588,-48.63875812113917,20742.7978515625,-42.81945084403631,20764.16015625,
-12.30139,-29.718195,-3.1720588,-48.653320581342705,20742.7978515625,-42.839847050680845,20764.16015625,
-12.30139,-29.718195,-3.1720588,-48.60714724444678,20764.16015625,-42.816493072114284,20764.16015625,
-12.30139,-29.718195,-3.1720588,-48.637449456336896,20764.16015625,-42.85998417030457,20764.16015625,
-12.30139,-29.718195,-3.1720588,-48.637449456336896,20764.16015625,-42.85998417030457,20764.16015625,
-12.30139,-29.718195,-3.1720588,-48.641155083317436,20764.16015625,-42.84993422603125,20764.16015625,
-12.30139,-29.718195,-3.1720588,-48.63694263690923,20764.16015625,-42.82669336166872,20764.16015625,
-12.30139,-29.718195,-3.1720588,-48.63694263690923,20764.16015625,-42.82669336166872,20764.16015625,
-12.30139,-29.718195,-3.1720588,-48.624814594056645,20764.16015625,-42.844944326861324,20764.16015625,
-12.30139,-29.718195,-3.1720588,-48.61550303947671,20764.16015625,-42.81408459294661,20764.16015625,
-12.30139,-29.718195,-3.1720588,-48.63471278572578,20764.16015625,-42.82046570500693,20764.16015625,
-12.30139,-29.718195,-3.1720588,-48.63471278572578,20764.16015625,-42.82046570500693,20764.16015625,
-12.30139,-29.718195,-3.1720588,-48.62813054054839,20742.7978515625,-42.82970343086394,20764.16015625,
-12.30139,-29.718195,-3.1720588,-48.61111903193564,20764.16015625,-42.840632592911525,20764.16015625,
-12.30139,-29.718195,-3.1720588,-48.61111903193564,20764.16015625,-42.840632592911525,20764.16015625,
-12.30139,-29.718195,-3.1720588,-48.60676103017532,20764.16015625,-42.848872175242725,20764.16015625,
-12.30139,-29.718195,-3.1720588,-48.59368451051267,20764.16015625,-42.80032684443321,20764.16015625,
-12.30139,-29.718195,-3.1720588,-48.60463852405728,20742.7978515625,-42.78772704761374,20764.16015625,
-12.30139,-29.718195,-3.1720588,-48.60463852405728,20742.7978515625,-42.78772704761374,20764.16015625,
-12.30139,-29.718195,-3.1720588,-48.57479324139188,20764.16015625,-42.76625443583561,20764.16015625,
-12.30139,-29.718195,-3.1720588,-48.51389837511715,20764.16015625,-42.72106764877479,20764.16015625,
-12.30139,-29.718195,-3.1720588,-48.51389837511715,20764.16015625,-42.72106764877479,20764.16015625,
-12.323688,-29.690868,-3.1706629,-48.38602477265938,20764.16015625,-42.60160123369806,20764.16015625,
-12.33715,-29.677504,-3.1703825,-48.48501252923669,20742.7978515625,-42.62030969174137,20764.16015625,
-12.352248,-29.666645,-3.1708465,-48.42730891576329,20764.16015625,-42.66024881804091,20764.16015625,
-12.367347,-29.655787,-3.1713104,-48.42730891576329,20764.16015625,-42.66024881804091,20764.16015625,
-12.454817,-29.684008,-3.1856232,-47.978101043333716,20764.16015625,-42.160105841100474,20764.16015625,
-12.47319,-29.697067,-3.1923757,-47.64143117496055,20764.16015625,-41.84099764569241,20764.16015625,
-12.491564,-29.710127,-3.1991282,-47.64143117496055,20764.16015625,-41.84099764569241,20764.16015625,
-12.500608,-29.715773,-3.2041035,-47.26178758160749,20764.16015625,-41.396249642452645,20764.16015625,
-12.505916,-29.722946,-3.21081,-45.90254868163658,20764.16015625,-40.02458501927332,20764.16015625,
-12.512017,-29.724867,-3.216129,-42.84672220870425,20764.16015625,-36.8258792601646,20764.16015625,
-12.518119,-29.726788,-3.2214482,-42.84672220870425,20764.16015625,-36.8258792601646,20764.16015625,
-12.518119,-29.726788,-3.2214482,-59.9490483360679,20764.16015625,-54.10844986381499,20764.16015625,
-12.518119,-29.726788,-3.2214482,-59.101043178552,20764.16015625,-53.265728101387126,20742.7978515625,
-12.518119,-29.726788,-3.2214482,-59.101043178552,20764.16015625,-53.265728101387126,20742.7978515625,
-12.518119,-29.726788,-3.2214482,-67.69810521536672,20806.884765625,-62.56192728400181,20742.7978515625,
-12.518119,-29.726788,-3.2214482,-83.75544650630745,19973.7548828125,-76.20695049631904,20977.783203125,
-12.518119,-29.726788,-3.2214482,-81.0690594048059,20571.8994140625,-75.0615709548575,20849.609375,
-12.518119,-29.726788,-3.2214482,-81.0690594048059,20571.8994140625,-75.0615709548575,20849.609375,
-12.518119,-29.726788,-3.2214482,-72.36815559398305,20935.05859375,-67.3059016678089,20764.16015625,
-12.518119,-29.726788,-3.2214482,-70.46746407717765,20678.7109375,-64.58567727019678,20764.16015625,
-12.518119,-29.726788,-3.2214482,-70.46746407717765,20678.7109375,-64.58567727019678,20764.16015625,
-12.518119,-29.726788,-3.2214482,-75.12676675812659,20550.537109375,-68.85740504696413,20764.16015625,
-12.518119,-29.726788,-3.2214482,-67.19946609154599,20721.435546875,-61.413935910799765,20742.7978515625,
-12.518119,-29.726788,-3.2214482,-67.19946609154599,20721.435546875,-61.413935910799765,20742.7978515625,
-12.518119,-29.726788,-3.2214482,-63.077026195627056,20721.435546875,-57.10385083280444,20764.16015625,
-12.518119,-29.726788,-3.2214482,-64.11238874389728,20828.2470703125,-58.54262824776192,20742.7978515625,
-12.518119,-29.726788,-3.2214482,-66.35676433032127,20806.884765625,-60.70386417553987,20764.16015625,
-12.518119,-29.726788,-3.2214482,-66.35676433032127,20806.884765625,-60.70386417553987,20764.16015625,
-12.518119,-29.726788,-3.2214482,-68.29438682102594,20635.986328125,-62.32312307753656,20764.16015625,
-12.518119,-29.726788,-3.2214482,-69.3351857500353,20700.0732421875,-63.58659436752686,20764.16015625,
-12.518119,-29.726788,-3.2214482,-69.3351857500353,20700.0732421875,-63.58659436752686,20764.16015625,
-12.518119,-29.726788,-3.2214482,-71.1379284150737,20785.5224609375,-65.51990902743175,20806.884765625,
-12.518119,-29.726788,-3.2214482,-72.42846646308054,20700.0732421875,-66.07559899468596,20764.16015625,
-12.518119,-29.726788,-3.2214482,-71.56315679116801,20956.4208984375,-66.36676165410742,20785.5224609375,
-12.518119,-29.726788,-3.2214482,-71.56315679116801,20956.4208984375,-66.36676165410742,20785.5224609375,
-12.518119,-29.726788,-3.2214482,-73.07639088839893,20828.2470703125,-68.02766258896247,20785.5224609375,
-12.518119,-29.726788,-3.2214482,-73.9392386849741,21041.8701171875,-69.06684343742694,20806.884765625,
-12.518119,-29.726788,-3.2214482,-73.9392386849741,21041.8701171875,-69.06684343742694,20806.884765625,
-12.518119,-29.726788,-3.2214482,-74.12399600588282,20785.5224609375,-68.38445406937305,20700.0732421875,
-12.518119,-29.726788,-3.2214482,-73.55193403385267,20870.9716796875,-68.89355177593758,20742.7978515625,
-12.518119,-29.726788,-3.2214482,-74.97339737345614,20913.6962890625,-68.82677573988548,20806.884765625,
-12.518119,-29.726788,-3.2214482,-74.97339737345614,20913.6962890625,-68.82677573988548,20806.884765625,
-12.518119,-29.726788,-3.2214482,-76.41539398253063,20486.4501953125,-69.82808997473427,20721.435546875,
-12.518119,-29.726788,-3.2214482,-76.43473379805434,20742.7978515625,-70.07739863223955,20806.884765625,
-12.518119,-29.726788,-3.2214482,-76.43473379805434,20742.7978515625,-70.07739863223955,20806.884765625,
-12.518119,-29.726788,-3.2214482,-74.9293934352107,20977.783203125,-69.83873933444191,20764.16015625,
-12.518119,-29.726788,-3.2214482,-75.65489501665938,20678.7109375,-69.8638812360282,20828.2470703125,
-12.518119,-29.726788,-3.2214482,-74.93555061556278,20999.1455078125,-69.92692459669533,20806.884765625,
-12.518119,-29.726788,-3.2214482,-74.93555061556278,20999.1455078125,-69.92692459669533,20806.884765625,
-12.518119,-29.726788,-3.2214482,-75.80328736936681,20892.333984375,-71.13062089257076,20721.435546875,
-12.518119,-29.726788,-3.2214482,-78.14336887826855,20849.609375,-72.85319731287282,20721.435546875,
-12.518119,-29.726788,-3.2214482,-78.14336887826855,20849.609375,-72.85319731287282,20721.435546875,
-12.518119,-29.726788,-3.2214482,-81.51494584338954,20465.087890625,-74.45013856211351,20956.4208984375,
-12.518119,-29.726788,-3.2214482,-82.54822187330385,21148.681640625,-78.7323174120455,20700.0732421875,
-12.518119,-29.726788,-3.2214482,-81.82161787148992,20870.9716796875,-76.72687234114704,20892.333984375,
-12.518119,-29.726788,-3.2214482,-81.82161787148992,20870.9716796875,-76.72687234114704,20892.333984375,
-12.518119,-29.726788,-3.2214482,-82.64264761004793,21191.40625,-77.55374049552296,20870.9716796875,
-12.518119,-29.726788,-3.2214482,-82.47454728762706,20764.16015625,-76.87834438102962,20828.2470703125,
-12.518119,-29.726788,-3.2214482,-82.47454728762706,20764.16015625,-76.87834438102962,20828.2470703125,
-12.518119,-29.726788,-3.2214482,-86.32977334144908,20700.0732421875,-78.42040198751681,20764.16015625,
-12.518119,-29.726788,-3.2214482,-83.38425059748684,20849.609375,-77.43272641769013,20764.16015625,
-12.518119,-29.726788,-3.2214482,-82.73280943898102,20806.884765625,-77.91555405446813,20764.16015625,
-12.518119,-29.726788,-3.2214482,-82.73280943898102,20806.884765625,-77.91555405446813,20764.16015625,
-12.518119,-29.726788,-3.2214482,-84.00666705965415,20529.1748046875,-79.26914292237592,20635.986328125,
-12.518119,-29.726788,-3.2214482,-83.99980919421114,21362.3046875,-80.42801520045528,20742.7978515625,
-12.518119,-29.726788,-3.2214482,-83.99980919421114,21362.3046875,-80.42801520045528,20742.7978515625,
-12.518119,-29.726788,-3.2214482,-87.39998265214933,19760.1318359375,-79.87969104681817,20870.9716796875,
-12.518119,-29.726788,-3.2214482,-86.02220250454907,20764.16015625,-80.48019211170734,21170.0439453125,
-12.518119,-29.726788,-3.2214482,-85.69535465642826,20251.46484375,-79.11763440839168,20785.5224609375,
-12.518119,-29.726788,-3.2214482,-85.69535465642826,20251.46484375,-79.11763440839168,20785.5224609375,
-12.518119,-29.726788,-3.2214482,-82.52511329592339,21298.2177734375,-77.14138258006781,20230.1025390625,
-12.518119,-29.726788,-3.2214482,-82.78913410948674,21298.2177734375,-79.15199678191304,20721.435546875,
-12.518119,-29.726788,-3.2214482,-82.78913410948674,21298.2177734375,-79.15199678191304,20721.435546875,
-12.518119,-29.726788,-3.2214482,-86.77427401884091,20144.6533203125,-79.78727276928166,20806.884765625,
-12.518119,-29.726788,-3.2214482,-85.83095641486094,21661.376953125,-79.74497354772794,20422.36328125,
-12.518119,-29.726788,-3.2214482,-85.83095641486094,21661.376953125,-79.74497354772794,20422.36328125,
-12.518119,-29.726788,-3.2214482,-84.37710881291216,21127.3193359375,-79.61934678318454,20870.9716796875,
-12.518119,-29.726788,-3.2214482,-84.94160404159703,21041.8701171875,-80.1972877272645,20614.6240234375,
-12.518119,-29.726788,-3.2214482,-90.70256089598502,19161.9873046875,-82.32123443780512,20059.2041015625,
-12.518119,-29.726788,-3.2214482,-90.70256089598502,19161.9873046875,-82.32123443780512,20059.2041015625,
-12.518119,-29.726788,-3.2214482,-86.13674510153368,21896.3623046875,-83.5490226751081,20465.087890625,
-12.518119,-29.726788,-3.2214482,-85.5777278347877,20892.333984375,-82.2607346901643,21191.40625,
-12.518119,-29.726788,-3.2214482,-85.5777278347877,20892.333984375,-82.2607346901643,21191.40625,
-12.518119,-29.726788,-3.2214482,-88.81799184361698,21127.3193359375,-83.14286111902081,21105.95703125,
-12.518119,-29.726788,-3.2214482,-94.2580332645841,19866.943359375,-85.84069894272106,21469.1162109375,
-12.518119,-29.726788,-3.2214482,-85.29377952435104,20849.609375,-81.31677038617602,20870.9716796875,
-12.518119,-29.726788,-3.2214482,-85.29377952435104,20849.609375,-81.31677038617602,20870.9716796875,
-12.518119,-29.726788,-3.2214482,-87.26409174333612,22836.3037109375,-87.68611824547827,21533.203125,
-12.518119,-29.726788,-3.2214482,-89.24154781655814,21063.232421875,-81.8894950581727,20571.8994140625,
-12.518119,-29.726788,-3.2214482,-89.24154781655814,21063.232421875,-81.8894950581727,20571.8994140625,
-12.518119,-29.726788,-3.2214482,-86.4370931063574,21170.0439453125,-82.73554104384793,21041.8701171875,
-12.518119,-29.726788,-3.2214482,-90.78770633916007,20721.435546875,-83.38760122996617,20422.36328125,
-12.518119,-29.726788,-3.2214482,-86.82489271181966,21255.4931640625,-82.27999607539957,20785.5224609375,
-12.518119,-29.726788,-3.2214482,-86.82489271181966,21255.4931640625,-82.27999607539957,20785.5224609375,
-12.518119,-29.726788,-3.2214482,-86.36566011524509,21319.580078125,-80.27674967916754,20721.435546875,
-12.518119,-29.726788,-3.2214482,-87.65022847353094,21939.0869140625,-83.17077924237131,20486.4501953125,
-12.518119,-29.726788,-3.2214482,-87.65022847353094,21939.0869140625,-83.17077924237131,20486.4501953125,
-12.518119,-29.726788,-3.2214482,-87.47079385114509,20870.9716796875,-82.75569152024232,20529.1748046875,
-12.518119,-29.726788,-3.2214482,-96.31533463521248,19589.2333984375,-86.13653865289996,20571.8994140625,
-12.518119,-29.726788,-3.2214482,-90.95712749062598,20358.2763671875,-82.1199483260382,21426.3916015625,
-12.518119,-29.726788,-3.2214482,-90.95712749062598,20358.2763671875,-82.1199483260382,21426.3916015625,
-12.518119,-29.726788,-3.2214482,-90.7689414813554,19204.7119140625,-81.13362705396112,20272.8271484375,
-12.518119,-29.726788,-3.2214482,-88.09293569293877,21810.9130859375,-81.67939183462641,20785.5224609375,
-12.518119,-29.726788,-3.2214482,-88.09293569293877,21810.9130859375,-81.67939183462641,20785.5224609375,
-12.518119,-29.726788,-3.2214482,-89.68459378417882,21511.8408203125,-89.98863492671732,20550.537109375,
-12.518119,-29.726788,-3.2214482,-93.16013386851154,18392.9443359375,-85.41992966775805,20657.3486328125,
-12.518119,-29.726788,-3.2214482,-87.08149302747671,21319.580078125,-83.78358032533797,20123.291015625,
-12.518119,-29.726788,-3.2214482,-87.08149302747671,21319.580078125,-83.78358032533797,20123.291015625,
-12.518119,-29.726788,-3.2214482,-89.28929056155972,22195.4345703125,-84.72780281239017,21362.3046875,
-12.518119,-29.726788,-3.2214482,-88.42948096046491,22985.83984375,-81.95355472209548,20635.986328125,
-12.518119,-29.726788,-3.2214482,-88.42948096046491,22985.83984375,-81.95355472209548,20635.986328125,
-12.518119,-29.726788,-3.2214482,-91.47609829264802,19503.7841796875,-83.44452775968699,20507.8125,
-12.518119,-29.726788,-3.2214482,-89.79673899282679,20486.4501953125,-82.76616937408761,20721.435546875,
-12.518119,-29.726788,-3.2214482,-89.79673899282679,20486.4501953125,-82.76616937408761,20721.435546875,
-12.518119,-29.726788,-3.2214482,-87.70925023501735,20529.1748046875,-81.72867199007634,20849.609375,
-12.518119,-29.726788,-3.2214482,-90.6981379721364,20358.2763671875,-83.81951300833282,20806.884765625,
-12.516731,-29.723352,-3.2211099,-86.64909694989923,20486.4501953125,-81.52752005931396,20678.7109375,
-12.515344,-29.719917,-3.2207716,-86.64909694989923,20486.4501953125,-81.52752005931396,20678.7109375,
