-0.53017026,-2.8861828,0.8501638,1.508350055392865,0.0,-51.13541168866112,20935.05859375,-52.06196552865502,11663.818359375,-58.3070970855534,20977.783203125,121613
-0.53139657,-2.8869157,0.85013807,1.2819540530433493,0.0,-51.25766293377416,20913.6962890625,-52.21063151517708,11663.818359375,-58.448637539258364,21020.5078125,121713
-0.5326227,-2.8876488,0.8501103,2.395902615802155,0.0,-51.182310596627445,20956.4208984375,-52.04689096580732,11663.818359375,-58.43372692045304,21020.5078125,121773
-0.53384894,-2.888382,0.85008216,2.6436584434001182,0.0,-51.193432871777944,20935.05859375,-52.230808698865914,11685.1806640625,-58.27714746004461,20977.783203125,121833
-0.53507555,-2.8891144,0.8500557,1.7298815442689153,0.0,-51.14771531716264,20892.333984375,-52.17683894476672,11642.4560546875,-58.43885243952232,21020.5078125,121893
-0.53630215,-2.8898468,0.85003036,1.3387786143137868,0.0,-51.226413609726706,20935.05859375,-51.93792189458077,11663.818359375,-58.55623104911211,20935.05859375,121953
-0.5375292,-2.8905785,0.8500059,2.594137810990377,0.0,-51.180963662215,20935.05859375,-52.24884164663966,11663.818359375,-58.33902316446558,20956.4208984375,122013
-0.5387594,-2.8913045,0.84998024,2.0868184616411263,0.0,-51.12490721587514,20913.6962890625,-52.08913698615389,11642.4560546875,-58.49573126335567,20999.1455078125,122073
-0.537541,-2.8884838,0.8493642,2.593962225396209,0.0,-51.07070298544925,20913.6962890625,-52.12145198653911,11706.54296875,-58.14554211146633,20935.05859375,122093
-0.5376176,-2.8853457,0.848417,2.344225599797767,0.0,-51.025890169523436,20935.05859375,-51.919632113576625,11663.818359375,-58.423610858587296,20999.1455078125,122113
-0.5376885,-2.8822074,0.84747,1.2241869549694115,0.0,-51.07616373054755,20956.4208984375,-51.657106558790325,11663.818359375,-58.409550835161895,20956.4208984375,122133
-0.5368565,-2.880675,0.84717023,2.7935697176105285,0.0,-50.98467161227827,20956.4208984375,-52.00549690843459,11642.4560546875,-58.16258649944988,20977.783203125,122153
-0.53772104,-2.8801074,0.84683895,1.6346545419405567,0.0,-51.021518280781926,20935.05859375,-52.15806426938084,11685.1806640625,-58.11039123159614,20977.783203125,122173
-0.5389627,-2.8808138,0.84681493,1.6388001546156041,0.0,-51.12961456515301,20913.6962890625,-51.973839682285146,11663.818359375,-58.282212423129394,21020.5078125,122233
-0.54020447,-2.8815203,0.8467899,1.3952359463837012,0.0,-51.01914570093911,20935.05859375,-51.86320904898771,11663.818359375,-58.23391299307715,21063.232421875,122293
-0.5414465,-2.8822262,0.8467648,2.5443272015005407,0.0,-51.07325696625017,20935.05859375,-52.15085660730797,11685.1806640625,-58.15486589666418,20999.1455078125,122353
-0.54136145,-2.884292,0.8474026,2.7415843655342327,0.0,-51.06624914973156,20935.05859375,-52.21227282454375,11706.54296875,-58.24482986569561,20977.783203125,122433
-0.54047984,-2.8848505,0.8477386,1.710288520549275,0.0,-51.021233843233524,20913.6962890625,-51.935293101824115,11685.1806640625,-58.26036186711101,21020.5078125,122453
-0.53959817,-2.8854084,0.8480756,1.3203727199681947,0.0,-50.97660406442614,20935.05859375,-51.79091581453895,11642.4560546875,-58.32961918076414,21020.5078125,122473
-0.53952456,-2.8864229,0.8483949,1.7666984973792588,0.0,-51.08972024644367,20935.05859375,-51.95389195970105,11642.4560546875,-58.59867325231289,21063.232421875,122573
-0.5407672,-2.8871276,0.84836453,1.3197775762377124,0.0,-51.005394618277805,20935.05859375,-51.74099672433996,11663.818359375,-58.44205405207603,20977.783203125,122633
-0.5420094,-2.8878329,0.84833366,2.5276949675189995,0.0,-50.97988599784837,20935.05859375,-52.274097393893655,11706.54296875,-58.472730897249704,20999.1455078125,122693
-0.54325134,-2.8885388,0.84830403,2.2246813379383505,0.0,-51.03934709627075,20913.6962890625,-52.12034173340477,11642.4560546875,-58.14685950226301,21041.8701171875,122753
-0.5444932,-2.889245,0.84827447,1.2047355587145072,0.0,-51.0051747960133,20935.05859375,-51.82785400602151,11642.4560546875,-58.082231001517144,20977.783203125,122813
-0.5439892,-2.8910728,0.84892184,2.240756741539813,0.0,-51.056893753943456,20935.05859375,-52.05065488498474,11706.54296875,-58.20897968495431,20977.783203125,122873
-0.5431062,-2.8916273,0.8492609,2.191759745702299,0.0,-51.097725268097165,20935.05859375,-51.90035193268567,11642.4560546875,-58.537482216233926,20999.1455078125,122893
-0.54222304,-2.8921819,0.8495996,1.6207377819983793,0.0,-51.02735865663179,20935.05859375,-51.760926472147055,11642.4560546875,-58.43614192000409,20999.1455078125,122913
-0.5413402,-2.8927367,0.84993863,2.5293668285009168,0.0,-51.06466220293977,20935.05859375,-52.289057502503425,11663.818359375,-57.832182544633035,20999.1455078125,122933
-0.5396094,-2.8928096,0.8502983,2.494459085694782,0.0,-51.10316408844518,20913.6962890625,-52.03395267282475,11663.818359375,-57.85012993666035,21020.5078125,122953
-0.5369831,-2.8944895,0.8513137,1.3947312718116855,0.0,-51.144073989981905,20870.9716796875,-51.82575922579212,11685.1806640625,-58.1931600390994,20999.1455078125,122973
-0.5322136,-2.8960142,0.85269856,2.8907642572220227,0.0,-51.07843038251847,20935.05859375,-51.91407591536795,11642.4560546875,-58.43456872574741,20999.1455078125,122993
-0.5278922,-2.896739,0.8537578,1.3932819735183901,0.0,-51.05841013057892,20935.05859375,-52.12677003752238,11642.4560546875,-58.664162610902615,20999.1455078125,123013
-0.52312714,-2.8982716,0.8551493,2.659888671774025,0.0,-51.044852668958505,20956.4208984375,-52.26926542583839,11685.1806640625,-58.61231094892404,20999.1455078125,123033
-0.5192533,-2.8981986,0.85588926,2.8720740822609696,0.0,-50.96918655230921,20935.05859375,-51.863141662954284,11685.1806640625,-58.90892892880041,20999.1455078125,123053
-0.5149368,-2.8989336,0.85696155,1.2046575688435126,0.0,-51.04305854405523,20913.6962890625,-51.82869311783443,11642.4560546875,-58.126960864787954,20999.1455078125,123073
-0.51062196,-2.899673,0.8580376,1.7671222351965281,0.0,-51.081303191861394,20935.05859375,-51.77998036270162,11642.4560546875,-58.56766187717916,21041.8701171875,123093
-0.5050468,-2.89866,0.8588395,2.6438047814902825,0.0,-51.05686658138974,20913.6962890625,-52.25935314601634,11706.54296875,-58.43693713619217,21020.5078125,123113
-0.49474514,-2.8981667,0.86074585,1.218995199681043,0.0,-51.05495709569163,20913.6962890625,-52.00282618313123,11706.54296875,-58.274120168551526,21020.5078125,123133
-0.47974846,-2.8961165,0.8631541,2.1224210776373162,0.0,-51.046195737272875,20913.6962890625,-51.85195629950434,11685.1806640625,-58.24653661833371,21084.5947265625,123153
-0.46090147,-2.892994,0.8660106,1.4908069150153935,0.0,-50.98023403385831,20913.6962890625,-51.91351330765993,11642.4560546875,-58.43248094407622,20999.1455078125,123173
-0.4399031,-2.8897698,0.8692398,0.9448671662248577,0.0,-51.03066283160254,20935.05859375,-52.260544413619215,11663.818359375,-58.80894371184961,21041.8701171875,123193
-0.41161108,-2.887697,0.8743193,2.4947009097658333,0.0,-51.06750473572131,20935.05859375,-52.0443782222933,11685.1806640625,-58.498940502568914,20999.1455078125,123213
-0.36965114,-2.884138,0.88191783,1.5075747869640266,0.0,-50.97066113120618,20935.05859375,-51.99506234532683,11685.1806640625,-58.759659264336804,21020.5078125,123233
-0.32117647,-2.8822033,0.8910009,1.0088438812927434,0.0,-51.13553978071189,20935.05859375,-51.82377912621901,11642.4560546875,-58.42473639316697,20999.1455078125,123253
-0.27660584,-2.8790896,0.89908636,2.2941923606413037,0.0,-51.030008384088525,20935.05859375,-52.00662934151241,11663.818359375,-58.1341440709697,20977.783203125,123273
-0.2367482,-2.8754761,0.9059685,2.643502283636752,0.0,-50.983454809900415,20913.6962890625,-52.01119676027456,11685.1806640625,-58.19467902592578,21020.5078125,123293
-0.20290843,-2.871055,0.9113469,1.9080837982865564,0.0,-50.991430032682025,20913.6962890625,-52.09876341524732,11706.54296875,-58.47337281985779,21020.5078125,123313
-0.1746038,-2.8687365,0.916247,1.1854755300537818,0.0,-51.01345795199542,20956.4208984375,-51.81236086664195,11663.818359375,-58.67598117336356,21063.232421875,123333
-0.14972249,-2.8663225,0.9203643,1.9104519538490732,0.0,-50.975166335934304,20935.05859375,-52.12578233256953,11663.818359375,-58.383841959520595,20913.6962890625,123353
-0.13211063,-2.8649368,0.92329407,1.5605289556278672,0.0,-50.97825902254062,20935.05859375,-52.28240305143209,11685.1806640625,-58.700651005383804,20999.1455078125,123373
-0.1196461,-2.8643417,0.9254885,2.2062331572254106,0.0,-50.954564720233044,20935.05859375,-51.96470839670098,11685.1806640625,-58.52651560620657,20999.1455078125,123393
-0.110621035,-2.863566,0.92697364,1.2235889252565808,0.0,-50.92374469571146,20935.05859375,-51.86189655704571,11663.818359375,-58.10961971256633,20999.1455078125,123413
-0.102451935,-2.8632798,0.92844987,1.7115646792620431,0.0,-50.99473755567172,20913.6962890625,-51.9653596000195,11642.4560546875,-58.241631917320056,20956.4208984375,123433
-0.09300259,-2.8612719,0.9296491,2.871541589728159,0.0,-50.8766181850128,20935.05859375,-52.197215851631654,11685.1806640625,-58.08677073366371,20999.1455078125,123453
-0.0844093,-2.859743,0.9308363,2.3770184900770928,0.0,-51.02146710699974,20913.6962890625,-52.158763424776524,11685.1806640625,-58.06139853742937,20999.1455078125,123473
-0.07710167,-2.857881,0.9316702,1.981009919179655,0.0,-50.99684302778,20913.6962890625,-51.91723479090126,11706.54296875,-58.34718449959023,21020.5078125,123493
-0.07022411,-2.8572927,0.9328196,1.4338843328469748,0.0,-50.98825991923192,20935.05859375,-52.053568500590345,11663.818359375,-58.52842416724996,20999.1455078125,123513
-0.0654921,-2.8568225,0.93358785,2.4126284664601263,0.0,-50.97678721112874,20935.05859375,-51.94467307797379,11663.818359375,-58.73202422103787,20999.1455078125,123533
-0.06376457,-2.856933,0.9339535,2.3765357408189565,0.0,-50.951338827920445,20935.05859375,-52.239505939713254,11685.1806640625,-58.586418803977296,21020.5078125,123553
-0.06289576,-2.857507,0.93429726,1.7101326809432569,0.0,-50.929529602013226,20935.05859375,-51.943211174169896,11706.54296875,-58.55335143861464,21041.8701171875,123573
-0.059870552,-2.8569226,0.93470645,2.32899214575108,0.0,-50.96599947432925,20935.05859375,-51.992416989968305,11642.4560546875,-58.13656800820624,21020.5078125,123613
-0.051275253,-2.8554432,0.93594074,2.6434928928324237,0.0,-51.012305066095024,20935.05859375,-52.06718616378667,11685.1806640625,-58.06670634918288,20999.1455078125,123633
-0.035810295,-2.8523781,0.9380538,1.944163087577362,0.0,-51.067273547183234,20913.6962890625,-52.224647091359756,11727.9052734375,-58.351667021740695,21020.5078125,123653
-0.017778045,-2.8500395,0.9409124,2.8585601133177265,0.0,-50.99450942796091,20913.6962890625,-51.93076389605491,11663.818359375,-58.43167891477461,21041.8701171875,123673
0.0032570995,-2.8471346,0.9442045,1.8562478734918826,0.0,-50.99797836445734,20913.6962890625,-52.034380741158415,11663.818359375,-58.75243446785604,21063.232421875,123693
0.023427915,-2.8446813,0.9474829,2.6606041503866225,0.0,-50.92057291567126,20935.05859375,-52.28544346286368,11663.818359375,-58.65969053712674,20999.1455078125,123713
0.04616455,-2.8429625,0.951504,2.887289388872822,0.0,-50.902541612498695,20935.05859375,-51.95740712656124,11685.1806640625,-58.59588970327123,21020.5078125,123733
0.069741175,-2.8428886,0.95620805,1.3001101723306527,0.0,-50.9216242834185,20935.05859375,-51.89192084683931,11663.818359375,-58.32834951874354,20977.783203125,123753
0.0941717,-2.8423607,0.96098274,1.5839730986820673,0.0,-50.90499775855096,20935.05859375,-51.788406544498294,11642.4560546875,-58.345152022204076,20977.783203125,123773
0.120747015,-2.8417497,0.96615076,2.7425679404888625,0.0,-50.94595251352117,20935.05859375,-52.13897277235635,11685.1806640625,-58.2696698482981,20999.1455078125,123793
0.15032059,-2.840536,0.97177655,2.427517301839407,0.0,-51.0480965510121,20935.05859375,-52.207084923327116,11685.1806640625,-58.520400016445336,21020.5078125,123813
0.1854614,-2.8373253,0.97801656,2.0690933165658834,0.0,-51.01563105493937,20913.6962890625,-52.033405437986005,11685.1806640625,-58.09883379010614,20977.783203125,123833
0.22061403,-2.834165,0.9842157,2.5323179836743708,0.0,-51.075387881984106,20935.05859375,-52.15722643464055,11663.818359375,-58.53758266920448,21063.232421875,123853
0.25405002,-2.8319535,0.9903302,2.378382269944198,0.0,-50.92712223104027,20935.05859375,-52.06037590191872,11642.4560546875,-58.91268687136278,21020.5078125,123873
0.28490153,-2.8311262,0.9963477,2.610466084975354,0.0,-51.08775053033254,20935.05859375,-52.08114595268547,11685.1806640625,-58.37010318023858,20977.783203125,123893
0.31789693,-2.830208,1.0027627,2.0332851978779583,0.0,-50.91021075518596,20913.6962890625,-51.972895565529704,11663.818359375,-58.54187378858009,20999.1455078125,123913
0.35515937,-2.8311834,1.0105975,1.2628607499587516,0.0,-50.94626393693582,20935.05859375,-51.70056019235013,11663.818359375,-58.78699972781703,20956.4208984375,123933
0.39413232,-2.8312662,1.0185616,2.793068706986526,0.0,-51.089564407436654,20935.05859375,-52.12967913945501,11663.818359375,-58.23960034820271,20999.1455078125,123953
0.42709163,-2.832561,1.0256535,1.8891704443267052,0.0,-50.96409911433328,20935.05859375,-52.144805349750634,11685.1806640625,-58.292941730419244,20999.1455078125,123973
0.45024315,-2.8319108,1.0300882,2.067901072893002,0.0,-51.015827448133216,20913.6962890625,-52.07037425794749,11706.54296875,-58.54968939770629,21041.8701171875,123993
0.46614763,-2.8299365,1.0326675,2.9065812471010406,0.0,-50.907437907379204,20913.6962890625,-51.95158453543073,11685.1806640625,-58.66427655705809,21063.232421875,124013
0.48165205,-2.8272064,1.0349445,1.4336561186353256,0.0,-50.916756520884654,20913.6962890625,-51.98559145298789,11642.4560546875,-58.3413479422251,20999.1455078125,124033
0.49969864,-2.825254,1.0379959,2.644142286042832,0.0,-50.919663271831794,20935.05859375,-52.30622369232667,11621.09375,-58.42245268138478,21041.8701171875,124053
0.52624774,-2.8251588,1.0433314,2.7739431487329775,0.0,-50.96933423318674,20935.05859375,-51.98816770561812,11685.1806640625,-58.42944943407904,21020.5078125,124073
0.5596737,-2.8235223,1.0496771,1.3193147153351306,0.0,-50.990439090484394,20935.05859375,-51.829756585233675,11685.1806640625,-58.28153529740385,20999.1455078125,124093
0.5986221,-2.8221185,1.0573968,2.4148679395376655,0.0,-50.897217205410755,20956.4208984375,-51.80376467625787,11642.4560546875,-58.31760228792674,20999.1455078125,124113
0.6367907,-2.819118,1.0643189,2.4955708207309963,0.0,-50.95681053313858,20935.05859375,-52.18737791476788,11685.1806640625,-58.45754989992547,20999.1455078125,124133
0.6762121,-2.8164687,1.0717112,1.0231358355200069,0.0,-50.95469067193846,20935.05859375,-52.194547200839985,11706.54296875,-58.911427449750555,21041.8701171875,124153
0.7173679,-2.812953,1.079214,2.743445509469863,0.0,-50.90356313489944,20913.6962890625,-51.962194123117875,11706.54296875,-58.36588110233216,20999.1455078125,124173
0.76067215,-2.8094032,1.0871068,2.0183709183036465,0.0,-50.95480020980781,20913.6962890625,-51.95514434206547,11642.4560546875,-58.43469750769142,21041.8701171875,124193
0.8030476,-2.8084338,1.095567,2.2756572981396146,0.0,-50.900033757205776,20913.6962890625,-52.14930819906003,11663.818359375,-58.21053292980186,21084.5947265625,124213
0.8454299,-2.8075497,1.1040019,2.90241967019442,0.0,-50.97166020223247,20913.6962890625,-52.00944282824505,11685.1806640625,-58.371411101306514,21020.5078125,124233
0.8822021,-2.8085942,1.1117729,1.431513651430728,0.0,-51.02869600409005,20935.05859375,-51.91124073621979,11685.1806640625,-58.26014749670203,21020.5078125,124253
0.90700096,-2.809603,1.1170398,1.5467882536008375,0.0,-50.950822243703584,20935.05859375,-51.781333496618345,11663.818359375,-58.22366393729023,20977.783203125,124273
0.92205644,-2.8083575,1.1196252,2.792720162425561,0.0,-50.949167903525144,20956.4208984375,-52.15468834896885,11685.1806640625,-58.44298132512328,20999.1455078125,124293
0.93244123,-2.8063776,1.1210644,2.6763699373162595,0.0,-50.985144198457164,20935.05859375,-52.306498559893825,11685.1806640625,-58.73422482852046,20999.1455078125,124313
0.94496644,-2.804373,1.1229265,2.136889378335192,0.0,-51.02126868793011,20935.05859375,-52.13757794575548,11706.54296875,-58.755760816435306,20892.333984375,124333
0.9668162,-2.8038855,1.1272156,1.242725140903738,0.0,-50.96680103461129,20935.05859375,-51.95844084057413,11663.818359375,-58.81765099441344,21020.5078125,124353
0.99459887,-2.8045542,1.1330787,1.7120905373988888,0.0,-50.91640597991828,20913.6962890625,-51.730654763963074,11663.818359375,-58.56692750536877,21063.232421875,124373
1.024532,-2.8051965,1.139319,2.595290773186992,0.0,-50.944437951607576,20913.6962890625,-51.99784479724812,11663.818359375,-58.17969562415328,21084.5947265625,124393
1.0531988,-2.805461,1.1451838,2.4274820457485045,0.0,-50.86263391028024,20935.05859375,-51.865173280047536,11685.1806640625,-58.37893002255684,20999.1455078125,124413
1.0805932,-2.8053484,1.1507077,1.3762568360204062,0.0,-50.93722080458329,20913.6962890625,-51.78808873906648,11663.818359375,-58.05859846169408,20999.1455078125,124433
1.108474,-2.803997,1.1559573,2.9064589279092328,0.0,-50.87884736391156,20935.05859375,-51.86968501575609,11642.4560546875,-58.26111985757231,20956.4208984375,124453
1.1358538,-2.8039312,1.1615546,1.375001029555779,0.0,-50.842585899100825,20935.05859375,-52.055923406846134,11663.818359375,-58.44377986881757,20977.783203125,124473
1.1607155,-2.8031137,1.1663592,1.6159099725098394,0.0,-50.74745863537102,20913.6962890625,-52.11952032225429,11706.54296875,-58.60975316216812,20999.1455078125,124493
1.1804253,-2.8028169,1.1702367,2.711829746027981,0.0,-50.80890963650846,20956.4208984375,-51.84136692746471,11642.4560546875,-58.73221693194243,20956.4208984375,124513
1.1967329,-2.8021555,1.173321,1.2243146819592352,0.0,-50.87966102498637,20935.05859375,-51.64647291778487,11642.4560546875,-58.37163500685487,20999.1455078125,124533
1.2121565,-2.8019302,1.1763786,2.3287162856232166,0.0,-50.84512277911167,20913.6962890625,-51.8822751780544,11642.4560546875,-57.9548102183808,21020.5078125,124553
1.2275803,-2.8017356,1.1794375,2.2399010690653216,0.0,-50.92384209061299,20913.6962890625,-51.858096212233704,11685.1806640625,-58.193677010086475,21041.8701171875,124573
1.2438848,-2.801146,1.1825523,0.946562518581227,0.0,-50.9005258515983,20913.6962890625,-51.81429995580706,11685.1806640625,-58.17978073398868,21020.5078125,124593
1.2610735,-2.800169,1.1857128,2.6641630657281916,0.0,-50.8330640303656,20913.6962890625,-51.73956698899409,11663.818359375,-58.42452882103905,20977.783203125,124613
1.282536,-2.7992215,1.1897637,1.7476241956217273,0.0,-50.99596641045441,20935.05859375,-51.91034096372061,11663.818359375,-58.18809487750393,21020.5078125,124633
1.3065023,-2.7991717,1.1946245,2.7740865675068016,0.0,-50.86330164928809,20913.6962890625,-52.10882844331718,11685.1806640625,-58.644278826018194,21020.5078125,124653
1.3301092,-2.798373,1.1991067,2.887040665244769,0.0,-50.78436078347443,20956.4208984375,-51.95918771129263,11685.1806640625,-58.614785310727086,20999.1455078125,124673
1.3542398,-2.7963617,1.203281,1.281670330958772,0.0,-50.769095036036106,20956.4208984375,-51.6654857345126,11663.818359375,-58.20829667483962,20956.4208984375,124693
1.3771102,-2.793939,1.2071275,1.4905613848265409,0.0,-50.81248318473298,20935.05859375,-51.56372982157776,11663.818359375,-58.54488756834759,21063.232421875,124713
1.399106,-2.791971,1.2108823,2.871817465650902,0.0,-50.88915966365363,20935.05859375,-51.97097266809649,11663.818359375,-58.27793243226252,20999.1455078125,124733
1.4216198,-2.7887495,1.2143731,0.9643555874149166,0.0,-50.868421856620394,20913.6962890625,-52.000576283654524,11706.54296875,-58.56422985792819,20956.4208984375,124753
1.4475135,-2.7859678,1.2187244,2.2260381660717217,0.0,-50.82174529578169,20913.6962890625,-51.804753688616586,11663.818359375,-58.279325770553704,20977.783203125,124773
1.4703795,-2.7835944,1.2226275,1.3012193039720947,0.0,-50.8257145683006,20935.05859375,-51.858566991061494,11663.818359375,-58.501941739704705,20999.1455078125,124793
1.4919878,-2.7807848,1.226189,0.926277543623691,0.0,-50.81649299249486,20913.6962890625,-51.99340891011083,11663.818359375,-58.82358862066731,21020.5078125,124813
1.5151982,-2.7792337,1.2305232,2.6269827613500296,0.0,-50.8724370584533,20935.05859375,-52.030610961808605,11685.1806640625,-58.30250475139674,20935.05859375,124833
1.5405494,-2.7777069,1.2352757,2.2414404617697468,0.0,-50.85129094289403,20935.05859375,-51.778748193809434,11663.818359375,-58.679721933148706,21020.5078125,124853
1.5676686,-2.7753599,1.2401595,1.185137071264674,0.0,-50.786202101050435,20935.05859375,-51.55606199770975,11642.4560546875,-58.571023120282,21020.5078125,124873
1.5972804,-2.7738593,1.2458552,1.857341886462614,0.0,-50.85017044694987,20935.05859375,-51.91926298179668,11642.4560546875,-58.436054225910894,20977.783203125,124893
1.628299,-2.7706797,1.2513165,2.659916482666908,0.0,-50.84715816812536,20935.05859375,-52.05025211114483,11663.818359375,-58.42511813057834,20977.783203125,124913
1.6610914,-2.766718,1.2568954,2.2067805180601074,0.0,-50.84242111141242,20913.6962890625,-51.90869369035022,11685.1806640625,-58.33887985390205,20977.783203125,124933
1.6935246,-2.761912,1.2621067,1.20382979575053,0.0,-50.978010878407225,20935.05859375,-51.74310408861648,11663.818359375,-58.908030348174655,21041.8701171875,124953
1.7280962,-2.7571201,1.2677361,1.1461721279194694,0.0,-50.92468330820422,20935.05859375,-51.716996411545466,11642.4560546875,-58.44230614404453,20999.1455078125,124973
1.761075,-2.7511182,1.2725661,1.9080361338988518,0.0,-50.91053961706181,20913.6962890625,-51.950736715778056,11663.818359375,-58.24032509922914,21041.8701171875,124993
1.7956842,-2.7464657,1.2780809,2.510923563704617,0.0,-50.887163962999374,20913.6962890625,-51.884171380158826,11685.1806640625,-58.79115507508967,21020.5078125,125013
1.8269038,-2.7413027,1.2827452,1.5082509111428584,0.0,-50.89845998872313,20913.6962890625,-51.67957342650186,11685.1806640625,-58.47946726618452,20999.1455078125,125033
1.8593726,-2.7366521,1.2878743,2.3133124865943304,0.0,-50.95311526222198,20935.05859375,-51.80760747856389,11685.1806640625,-58.480719631655795,20999.1455078125,125053
1.8923606,-2.730815,1.2928419,2.310441332518892,0.0,-50.90817034053944,20956.4208984375,-52.032523225307685,11685.1806640625,-58.447145431206465,20956.4208984375,125073
1.9262159,-2.7245262,1.297943,0.9635800054255474,0.0,-50.98980355587557,20935.05859375,-52.13675523726462,11685.1806640625,-58.81198845385205,21041.8701171875,125093
1.9630572,-2.7177901,1.3036895,2.775137163324181,0.0,-50.937749061047384,20935.05859375,-52.02339075945581,11685.1806640625,-58.562960569889874,20977.783203125,125113
1.9981668,-2.7119396,1.309134,1.2046993020858456,0.0,-50.99689885413943,20935.05859375,-51.901981087863234,11663.818359375,-58.553856356855654,21020.5078125,125133
2.0302575,-2.706392,1.3139783,1.0865108094794438,0.0,-51.06270728982074,20913.6962890625,-51.94163875652763,11599.7314453125,-58.877495646300595,21020.5078125,125153
2.0584538,-2.7016368,1.3181849,2.870759679134773,0.0,-51.19399355582806,20935.05859375,-52.2620920088727,11685.1806640625,-58.424404638143216,20999.1455078125,125173
2.0845208,-2.6968327,1.3218812,2.2060672001350015,0.0,-51.17890648413611,20913.6962890625,-52.00018310096128,11685.1806640625,-58.359869776355254,21020.5078125,125193
2.106304,-2.6919281,1.3247124,1.2809473602858916,0.0,-51.14903225492234,20913.6962890625,-51.92817790295639,11685.1806640625,-58.52920021610076,20999.1455078125,125213
2.129324,-2.687422,1.3279784,1.6388276390948289,0.0,-51.11040631937344,20935.05859375,-52.07603366555602,11685.1806640625,-58.569971848365405,20999.1455078125,125233
2.152874,-2.681678,1.3309045,1.1812015074167388,0.0,-51.26450987137288,20935.05859375,-52.47351094378771,11663.818359375,-58.85256141091408,20999.1455078125,125253
2.1734083,-2.676307,1.3332607,2.30956853336525,0.0,-51.32835257513561,20935.05859375,-52.33373203673746,11685.1806640625,-58.66611190148625,20956.4208984375,125273
2.1934345,-2.6722558,1.3359338,1.3762494377607057,0.0,-51.227540638436736,20935.05859375,-52.1587197800818,11642.4560546875,-59.125216379260095,21020.5078125,125293
2.2121933,-2.667734,1.3382921,0.968532324758501,0.0,-51.270134958552056,20935.05859375,-52.18534230310671,11621.09375,-58.84187644190361,21020.5078125,125313
2.2295246,-2.6648023,1.3409321,2.429585584386708,0.0,-51.39747397702442,20935.05859375,-52.349259502868605,11642.4560546875,-58.74788773898196,21084.5947265625,125333
2.2500284,-2.6594145,1.3435068,2.136368921448916,0.0,-51.364426078870565,20913.6962890625,-52.28005492358467,11663.818359375,-58.91307334918601,21020.5078125,125353
2.2714508,-2.6536553,1.3459374,1.0463762022256076,0.0,-51.489513420201874,20935.05859375,-52.387310855176196,11706.54296875,-58.95540788647291,21041.8701171875,125373
2.2916417,-2.6475174,1.3479496,1.396256215861173,0.0,-51.47546262010181,20935.05859375,-52.38724982783344,11642.4560546875,-58.87523946874565,20999.1455078125,125393
2.3118167,-2.641402,1.3501776,2.1911382697588677,0.0,-51.52479085294927,20935.05859375,-52.78717376048619,11663.818359375,-59.01749106216211,20977.783203125,125413
2.3349714,-2.6349065,1.3532199,1.218987236096455,0.0,-51.67465330802496,20935.05859375,-53.08530457066538,11685.1806640625,-59.53098788352296,21020.5078125,125433
2.3577843,-2.6276207,1.3559406,1.783105035772755,0.0,-51.709607254279,20935.05859375,-52.839943085787496,11663.818359375,-59.46031447836384,21020.5078125,125453
2.3806093,-2.6203713,1.3586569,1.4715972629215122,0.0,-51.84336267433055,20935.05859375,-52.83670010048777,11642.4560546875,-59.23964736066375,20956.4208984375,125473
2.4059284,-2.6140487,1.3621683,1.600951643485686,0.0,-52.04793820334693,20913.6962890625,-53.071973801399245,11621.09375,-59.484637118796826,21041.8701171875,125493
2.430383,-2.608158,1.3654984,2.5451122038091496,0.0,-52.100753332333426,20913.6962890625,-53.443892560099314,11685.1806640625,-59.522821229314175,21020.5078125,125513
2.4578638,-2.601919,1.3693125,1.181753297512672,0.0,-52.22738288110076,20935.05859375,-53.4801984625848,11685.1806640625,-59.502243773153474,21063.232421875,125533
2.4865856,-2.5961428,1.3735583,1.3957531009791757,0.0,-52.36141648396416,20956.4208984375,-53.47237051590688,11642.4560546875,-59.85143355538602,20999.1455078125,125553
2.5140603,-2.5899227,1.3774471,1.8198934407471787,0.0,-52.416529882150925,20935.05859375,-53.95092786177254,11642.4560546875,-59.738638312559225,20999.1455078125,125573
2.5390525,-2.5828032,1.3805283,1.1816411338619348,0.0,-52.56029419868799,20935.05859375,-54.14650735972145,11642.4560546875,-60.585345839867955,20935.05859375,125593
2.5610256,-2.5760162,1.3830358,2.4116061209851862,0.0,-52.613347911252106,20935.05859375,-54.11107341607632,11685.1806640625,-60.30693486543086,20999.1455078125,125613
2.5817342,-2.568727,1.3851768,2.2945862912485504,0.0,-52.74252811981728,20935.05859375,-54.282308261339,11663.818359375,-60.475409358339064,20999.1455078125,125633
2.6006658,-2.562223,1.387149,1.6386501209586415,0.0,-52.75564320651583,20892.333984375,-54.122043628514376,11621.09375,-60.701384801835296,21020.5078125,125653
2.6195931,-2.5557036,1.389112,2.344526925080895,0.0,-52.933692910749535,20913.6962890625,-54.62645033579075,11685.1806640625,-60.37450768696754,20956.4208984375,125673
2.6376247,-2.5495515,1.3909795,1.9077321289382707,0.0,-53.144986229552025,20913.6962890625,-54.64116907874154,11663.818359375,-60.27560538570009,20999.1455078125,125693
2.6556768,-2.5434437,1.3927946,1.2988815961574218,0.0,-53.086047200212604,20913.6962890625,-54.69067913732918,11685.1806640625,-60.711703979606966,21105.95703125,125713
2.6731741,-2.5385163,1.3949354,1.564582220771582,0.0,-53.176854315049496,20935.05859375,-54.87927995728594,11642.4560546875,-61.016516611758576,20977.783203125,125733
2.6903005,-2.5327208,1.396768,1.5441503459419659,0.0,-53.31582814413111,20935.05859375,-55.152884158745024,11642.4560546875,-61.06970654025307,20999.1455078125,125753
2.708326,-2.5265472,1.3986223,2.394465178860232,0.0,-53.422322040450354,20935.05859375,-55.478291337608255,11663.818359375,-61.1285645756653,20999.1455078125,125773
2.7295766,-2.5179994,1.4003278,2.5796074981092594,0.0,-53.66456644723772,20956.4208984375,-55.475898865349144,11642.4560546875,-61.691826256958045,20999.1455078125,125793
2.7525914,-2.5086462,1.4022746,1.3765031453388457,0.0,-53.85282666086915,20935.05859375,-55.64069516117001,11663.818359375,-61.46066169948764,20913.6962890625,125813
2.777749,-2.4993565,1.4046438,2.0341439769679126,0.0,-54.050217147557554,20935.05859375,-56.091759938287026,11599.7314453125,-61.44699920873496,21127.3193359375,125833
2.802915,-2.4901004,1.4070556,2.377714901902201,0.0,-54.384041868125664,20935.05859375,-56.50588646818307,11685.1806640625,-61.95772349758939,20999.1455078125,125853
2.8298988,-2.4801393,1.4095305,1.2978639768414806,0.0,-54.573852019690335,20913.6962890625,-57.042490145039515,11685.1806640625,-62.10140689925305,21020.5078125,125873
2.857442,-2.4689806,1.4116851,2.4474339529136384,0.0,-54.806148369096555,20956.4208984375,-57.068379194597576,11663.818359375,-63.0403895809808,20999.1455078125,125893
2.8871372,-2.4579413,1.4143393,1.9274494693690811,0.0,-54.988739210670715,20913.6962890625,-57.592767591495495,11642.4560546875,-63.339726798286186,20913.6962890625,125913
2.917726,-2.4465482,1.4171894,1.4306626559787992,0.0,-55.11496569983032,20935.05859375,-58.203673615220495,11642.4560546875,-63.27716302890984,21020.5078125,125933
2.947756,-2.4363735,1.4203755,2.102921381211903,0.0,-55.267386493925024,20935.05859375,-57.947968595290114,11663.818359375,-63.041608544713725,20977.783203125,125953
2.9781158,-2.4270327,1.4240047,1.6743626000880645,0.0,-55.459237983607125,20935.05859375,-58.14769178330975,11642.4560546875,-62.925808542075295,20913.6962890625,125973
3.007598,-2.4181015,1.4274966,1.802132793287635,0.0,-55.601390390543585,20956.4208984375,-58.29607098365955,11621.09375,-63.229863230995306,20828.2470703125,125993
3.0370748,-2.4091434,1.4309644,2.462649794951817,0.0,-55.74884498412638,20935.05859375,-58.75127076795713,11706.54296875,-63.3037857107105,20999.1455078125,126013
3.062645,-2.400921,1.4338182,2.1550725428304243,0.0,-56.05715564079968,20913.6962890625,-58.96769557968443,11706.54296875,-64.18950060322283,21063.232421875,126033
3.0898101,-2.3940377,1.4374057,1.801539346975129,0.0,-56.148515328291914,20956.4208984375,-59.04127567531604,11685.1806640625,-63.575871511391355,20892.333984375,126053
3.1178725,-2.3867896,1.4410712,2.294709515728874,0.0,-56.13307001587338,20892.333984375,-59.39622768171034,11663.818359375,-63.906786760220356,20956.4208984375,126073
3.1462967,-2.3804634,1.4450691,2.1211366037819217,0.0,-56.25952071592693,20935.05859375,-59.456158544292215,11621.09375,-64.82291822275468,20913.6962890625,126093
3.1738675,-2.3746374,1.4488881,2.2070202439840125,0.0,-56.39365591110726,20913.6962890625,-59.429692734355456,11663.818359375,-63.980375182085815,20977.783203125,126113
3.1984236,-2.369174,1.4521983,2.207875344227695,0.0,-56.61305939038684,20892.333984375,-59.474136463104756,11642.4560546875,-64.56449774743444,21041.8701171875,126133
3.2251298,-2.3638864,1.4559561,1.470326130274136,0.0,-56.56374158326341,20956.4208984375,-59.228250872549914,11621.09375,-64.10657522440175,21041.8701171875,126153
3.24881,-2.3589199,1.4592326,2.3621001737596274,0.0,-56.66325901971733,20935.05859375,-60.15800616963878,11642.4560546875,-64.317452604812,21020.5078125,126173
3.2733927,-2.353631,1.4626286,2.0327435295398413,0.0,-56.75999433379299,20913.6962890625,-59.939959193430106,11578.369140625,-64.51644337184104,20956.4208984375,126193
3.299544,-2.3497465,1.4667803,1.9800772667262567,0.0,-56.90214512874015,20913.6962890625,-60.46708238504878,11706.54296875,-64.43168588937012,20913.6962890625,126213
3.326598,-2.3455,1.4709933,1.7111882257407887,0.0,-56.94303735900534,20935.05859375,-59.925302526174534,11663.818359375,-64.97490546901514,21020.5078125,126233
3.357897,-2.341472,1.476209,1.6561311347090806,0.0,-56.95374770863626,20913.6962890625,-60.13718480775264,11599.7314453125,-64.56246728640937,20999.1455078125,126253
3.3897684,-2.3362312,1.4811709,1.8187883017398145,0.0,-56.77936788617806,20892.333984375,-60.478118874636934,11685.1806640625,-64.76812482091569,20999.1455078125,126273
3.4225476,-2.3306282,1.4861597,2.0682132492367007,0.0,-57.03915291317738,20935.05859375,-60.164802934277844,11642.4560546875,-64.9313578457985,21020.5078125,126293
3.4562185,-2.32461,1.4912198,1.7655764200728106,0.0,-57.1274488296671,20935.05859375,-60.09900905752197,11663.818359375,-64.99793045428174,20956.4208984375,126313
3.4893339,-2.319836,1.4964663,2.0694921441023055,0.0,-57.17530322435455,20935.05859375,-59.95561201979419,11663.818359375,-65.02053859110723,21084.5947265625,126333
3.5212238,-2.3145905,1.5013016,2.3106080430290676,0.0,-57.124221992989696,20935.05859375,-60.40119556872382,11642.4560546875,-64.61474356795902,21191.40625,126353
3.5530996,-2.3093314,1.5062155,1.4875266794437356,0.0,-57.030094940663574,20913.6962890625,-60.62938116516521,11685.1806640625,-65.10955530340722,21041.8701171875,126373
3.5862126,-2.3045468,1.5114688,2.2768643554888195,0.0,-57.163001810999525,20956.4208984375,-60.254144433605525,11642.4560546875,-65.03765120982492,21105.95703125,126393
3.618993,-2.2988653,1.5163598,1.7478737231453443,0.0,-56.96732521342263,20913.6962890625,-60.27551318682609,11599.7314453125,-64.92009657353378,20913.6962890625,126413
3.6517646,-2.2931523,1.5212735,1.6183646437618235,0.0,-57.05894570850228,20913.6962890625,-60.376158431043095,11642.4560546875,-64.5701165206646,20935.05859375,126433
3.6836584,-2.2878277,1.525996,2.2071789115445433,0.0,-56.99411094384804,20935.05859375,-60.2717598846073,11706.54296875,-64.99271073825616,20977.783203125,126453
3.7134006,-2.2823093,1.5302912,1.7831259927319185,0.0,-56.89194358351868,20935.05859375,-60.44282614420817,11706.54296875,-64.52689991029777,20977.783203125,126473
3.7431278,-2.2767103,1.5345862,1.7295130295000962,0.0,-56.94689381611367,20935.05859375,-60.04360749055653,11642.4560546875,-64.77668466778862,20999.1455078125,126493
3.770703,-2.2709458,1.5384657,2.4298139875103644,0.0,-57.01903246742572,20935.05859375,-60.212573709775235,11642.4560546875,-64.80254778301163,21041.8701171875,126513
3.7973702,-2.2655356,1.5423256,2.22460889025316,0.0,-56.770321969628405,20913.6962890625,-60.307303947499385,11663.818359375,-65.01546932309802,20935.05859375,126533
3.8231337,-2.2604926,1.5461534,2.1207544011593127,0.0,-56.84536060765091,20935.05859375,-60.419070737479984,11727.9052734375,-64.73799778553894,20999.1455078125,126553
3.848006,-2.2558298,1.5498842,1.7294033795989154,0.0,-56.62455423455614,20935.05859375,-59.85242944036423,11642.4560546875,-65.09017439482871,21041.8701171875,126573
3.875566,-2.250066,1.5538721,1.8741679367271793,0.0,-56.608226823225685,20935.05859375,-59.543344751973784,11621.09375,-64.48900592313161,20977.783203125,126593
3.9040108,-2.2439117,1.5579915,2.1383328236802743,0.0,-56.50876163886528,20913.6962890625,-59.476628718247184,11663.818359375,-64.55769943777804,21084.5947265625,126613
3.928909,-2.2393425,1.5616636,2.137679710985229,0.0,-56.24196646641329,20913.6962890625,-59.277073033025815,11663.818359375,-64.06010387534135,20999.1455078125,126633
3.953832,-2.234827,1.5652342,1.765520898505437,0.0,-56.17736075755941,20935.05859375,-59.05963915671505,11642.4560546875,-63.899471043723295,21041.8701171875,126653
3.977856,-2.2306447,1.5686975,2.4641486386884965,0.0,-55.87992617763145,20913.6962890625,-58.90854779069076,11642.4560546875,-63.694680124146316,21063.232421875,126673
4.001546,-2.2256017,1.5717796,1.8374797299070407,0.0,-55.955569909080005,20913.6962890625,-58.85772990862523,11706.54296875,-63.73830405892811,21020.5078125,126693
4.0221663,-2.2208014,1.5745753,1.5989169196954944,0.0,-55.594978271345994,20913.6962890625,-58.71255053875945,11685.1806640625,-63.305824022098804,20956.4208984375,126713
4.0479326,-2.2157702,1.5784003,2.529438640578976,0.0,-55.539022076612525,20935.05859375,-58.46743181771955,11685.1806640625,-63.310589792893836,21063.232421875,126733
4.0727863,-2.211051,1.582184,1.6196323795596503,0.0,-55.568697952229314,20935.05859375,-58.13329976535303,11642.4560546875,-62.9984343140532,20956.4208984375,126753
4.0967546,-2.2068172,1.5859579,1.8198302891863531,0.0,-55.30600917006301,20913.6962890625,-57.84326501699607,11663.818359375,-62.759644891129085,20999.1455078125,126773
4.117712,-2.2028613,1.5890836,2.309947703867151,0.0,-55.09467225940686,20913.6962890625,-57.705395471986016,11706.54296875,-62.34391148457455,21041.8701171875,126793
4.1383424,-2.1981082,1.5918862,1.3358349281540893,0.0,-54.90034182684531,20913.6962890625,-57.397229015295146,11685.1806640625,-62.28251444375513,21020.5078125,126813
4.157532,-2.1949873,1.5948004,2.0871687919726565,0.0,-54.78278197242276,20935.05859375,-57.00501971325107,11685.1806640625,-61.999564651918504,20999.1455078125,126833
4.1803207,-2.1903818,1.5979446,1.784471066377854,0.0,-54.413320652078674,20913.6962890625,-56.62477773891059,11685.1806640625,-62.20420603203301,20999.1455078125,126853
4.204586,-2.1842647,1.6009467,1.2977196564996656,0.0,-54.26947180152487,20935.05859375,-56.64175092577578,11642.4560546875,-62.184840395668644,20999.1455078125,126873
4.228547,-2.177403,1.60366,2.3606798902657546,0.0,-53.93725874840959,20935.05859375,-56.11117658382795,11685.1806640625,-61.946452741869365,21041.8701171875,126893
4.252224,-2.169802,1.6059903,2.0514061890443056,0.0,-53.742761797303835,20935.05859375,-55.496467300464516,11685.1806640625,-61.40760980057479,21105.95703125,126913
4.2771235,-2.162696,1.6087557,1.2617686919871638,0.0,-53.54416070450238,20935.05859375,-55.11514052109902,11621.09375,-60.90047354187874,20999.1455078125,126933
4.303248,-2.1561046,1.611969,2.293676437028541,0.0,-53.47374998194904,20935.05859375,-55.10770868434967,11642.4560546875,-60.697079942370095,21084.5947265625,126953
4.329385,-2.1495376,1.6151317,1.8537884832656375,0.0,-53.09182680370264,20913.6962890625,-54.9630711579379,11685.1806640625,-60.22017363666889,21020.5078125,126973
4.3564224,-2.1426008,1.6183666,1.7111602022690275,0.0,-53.100009297040636,20913.6962890625,-54.40445704466085,11685.1806640625,-60.22006113468821,21020.5078125,126993
4.3855834,-2.1358051,1.6221206,1.452617469243307,0.0,-52.72814416831213,20913.6962890625,-54.13661189604761,11642.4560546875,-60.12831227300944,20999.1455078125,127013
4.414422,-2.128157,1.6255717,2.0694328544971867,0.0,-52.731977063544164,20935.05859375,-54.30142480522325,11642.4560546875,-59.87921977366169,20999.1455078125,127033
4.4432664,-2.120547,1.6290594,2.528096541327022,0.0,-52.49523931870985,20935.05859375,-53.85698883021335,11663.818359375,-60.144031174993174,21020.5078125,127053
4.472128,-2.1129398,1.632409,1.9438891132166423,0.0,-52.40447139249164,20935.05859375,-53.686676651904854,11685.1806640625,-60.12777505375321,20999.1455078125,127073
4.500638,-2.1043968,1.6355058,1.376729337832715,0.0,-52.306538260136854,20935.05859375,-53.266847181770764,11621.09375,-59.490227966623266,20977.783203125,127093
4.5276623,-2.097427,1.6387804,2.05215897789961,0.0,-52.081118006306156,20913.6962890625,-53.24571688789459,11642.4560546875,-59.13543449493452,20956.4208984375,127113
4.559716,-2.0872846,1.6423647,2.644959360735589,0.0,-51.911186485788505,20935.05859375,-53.317783921417565,11663.818359375,-59.01591353856834,21105.95703125,127133
4.5959873,-2.0772824,1.6469476,1.1026122478472697,0.0,-51.88958582167839,20913.6962890625,-53.132191382307106,11706.54296875,-59.204760489734184,21041.8701171875,127153
4.632837,-2.0661073,1.6513762,2.4304726919632524,0.0,-51.82519845802794,20913.6962890625,-52.86965473217122,11685.1806640625,-58.66877758287295,20977.783203125,127173
4.666086,-2.0563865,1.6554396,2.3979966360584886,0.0,-51.68106274119552,20935.05859375,-52.71455798308381,11663.818359375,-59.309269722061025,21041.8701171875,127193
4.6984544,-2.0470629,1.659339,1.025300366748491,0.0,-51.57256854189525,20935.05859375,-52.81088177135353,11642.4560546875,-59.23752151753861,21063.232421875,127213
4.7278056,-2.0380127,1.6626703,2.676304863418903,0.0,-51.45948075458854,20935.05859375,-52.596817142766206,11663.818359375,-58.79776910319543,20999.1455078125,127233
4.758721,-2.0303776,1.6667547,2.0864020780200625,0.0,-51.435898539619316,20935.05859375,-52.29712237565587,11663.818359375,-58.743936526592535,20999.1455078125,127253
4.7905426,-2.0224319,1.6709813,1.0678537131271724,0.0,-51.29406991831271,20935.05859375,-52.05195558893461,11642.4560546875,-58.89518630830263,20977.783203125,127273
4.8223624,-2.0145001,1.6752472,1.9817901395562285,0.0,-51.22383080477058,20935.05859375,-52.14831924868413,11663.818359375,-58.46785666929883,20977.783203125,127293
4.855091,-2.0062697,1.6796616,1.7996033402290557,0.0,-51.140916880007474,20935.05859375,-52.34950647550192,11706.54296875,-58.237779845416604,20977.783203125,127313
4.887208,-1.9963849,1.6833997,2.1198790557603897,0.0,-51.11819979191276,20935.05859375,-52.301319977134064,11706.54296875,-58.42700519336019,20977.783203125,127333
4.9214396,-1.986676,1.6877674,2.8742375620857077,0.0,-51.11122562980931,20935.05859375,-51.94711496589528,11663.818359375,-58.56156393224243,21020.5078125,127353
4.955046,-1.9752479,1.6914722,1.6935474641130523,0.0,-51.06951793193636,20913.6962890625,-51.94048832770229,11663.818359375,-58.613713295218574,21041.8701171875,127373
4.985637,-1.9640477,1.6945555,2.5618051298373583,0.0,-51.0763508275913,20913.6962890625,-52.158507189496284,11663.818359375,-58.590782910625336,21063.232421875,127393
5.0153127,-1.9531997,1.6976466,2.8222626960805504,0.0,-51.002250990106155,20935.05859375,-51.95875409352883,11685.1806640625,-58.474303469665045,20999.1455078125,127413
5.046475,-1.9407685,1.7006392,1.4317959324845093,0.0,-50.86785565702605,20913.6962890625,-51.8149825263026,11642.4560546875,-58.349605063837856,21020.5078125,127433
5.077332,-1.9274755,1.703223,1.377521636646034,0.0,-50.77134754716391,20935.05859375,-51.657604999112685,11642.4560546875,-58.27955632556127,20977.783203125,127453
5.10698,-1.9136859,1.705332,2.711459581777234,0.0,-50.873406309969276,20935.05859375,-51.926939097582306,11663.818359375,-58.239676732241925,20999.1455078125,127473
5.1366057,-1.8998561,1.7074877,0.9435652435177188,0.0,-50.87993666081197,20935.05859375,-52.051246737847364,11706.54296875,-58.482103292515006,21020.5078125,127493
5.1680527,-1.8853248,1.7097322,2.5464120439545472,0.0,-50.92196882962847,20913.6962890625,-51.78994153663265,11685.1806640625,-58.14806213243088,20999.1455078125,127513
5.198568,-1.8711025,1.7119544,2.3643269092608614,0.0,-50.88456001424529,20913.6962890625,-51.73568469764583,11642.4560546875,-58.58784908661819,21041.8701171875,127533
5.2287807,-1.8560411,1.7138245,2.104739579766137,0.0,-50.91813251402225,20935.05859375,-51.750771172878416,11642.4560546875,-58.534224447099625,21063.232421875,127553
5.256574,-1.8400029,1.7148331,2.773923315504108,0.0,-50.82092968848051,20913.6962890625,-51.990702086434375,11685.1806640625,-58.32138183636023,21020.5078125,127573
5.2816477,-1.825027,1.7155467,2.0844385026012993,0.0,-50.77526043980713,20935.05859375,-51.65687488183873,11663.818359375,-58.39712244085735,20977.783203125,127593
5.3058114,-1.8104014,1.7161906,1.2236032916075914,0.0,-50.81903541148489,20935.05859375,-51.524459180559546,11663.818359375,-58.28386966201429,20935.05859375,127613
5.3299913,-1.7958041,1.7168646,2.889981208320843,0.0,-50.867382134636294,20956.4208984375,-51.86011217485914,11663.818359375,-58.41572023376712,20977.783203125,127633
5.3556876,-1.7796645,1.7174382,2.57837439626563,0.0,-50.7710327835504,20935.05859375,-51.8733019846126,11685.1806640625,-58.30391694490661,21020.5078125,127653
5.383769,-1.7615633,1.7179418,2.240863685831545,0.0,-50.788230311663085,20935.05859375,-51.921484802458565,11706.54296875,-58.17392843085634,20977.783203125,127673
5.412742,-1.7430847,1.7185448,2.9056155546843456,0.0,-50.81665341871569,20935.05859375,-51.609186808247344,11663.818359375,-58.56341932362539,20977.783203125,127693
5.4426503,-1.7242966,1.7192423,1.3203434533874516,0.0,-50.732941324929335,20935.05859375,-51.67261497625894,11642.4560546875,-58.090120790696524,21041.8701171875,127713
5.4755573,-1.7052518,1.7204927,2.462941010444409,0.0,-50.7866894142217,20913.6962890625,-51.78862503107246,11663.818359375,-58.36657616828637,21063.232421875,127733
5.508776,-1.687069,1.7220889,2.725155626994095,0.0,-50.80037114289573,20935.05859375,-51.772792195742326,11706.54296875,-58.242086061994215,20977.783203125,127753
5.543199,-1.669363,1.7240779,1.5997628270729871,0.0,-50.76675436399324,20913.6962890625,-51.70070970098297,11685.1806640625,-58.199577541359844,21020.5078125,127773
5.574587,-1.6518493,1.7254145,2.2105304088551008,0.0,-50.757636023171145,20935.05859375,-51.52923107834083,11642.4560546875,-57.91886081815495,20913.6962890625,127793
5.6056814,-1.6335089,1.7263925,2.3800169872786543,0.0,-50.654475318556884,20935.05859375,-51.83029223213505,11642.4560546875,-58.10970766985037,20977.783203125,127813
5.6364923,-1.6143582,1.7271106,2.6763090920536046,0.0,-50.613452028276086,20935.05859375,-52.09751879545641,11663.818359375,-58.60651640490666,21020.5078125,127833
5.665178,-1.5950533,1.727234,1.997734001927102,0.0,-50.70988218829047,20956.4208984375,-51.66312045738578,11663.818359375,-58.157161308941824,20999.1455078125,127853
5.693004,-1.5790713,1.7282307,1.2039779042864855,0.0,-50.74914948040679,20913.6962890625,-51.58683387830272,11642.4560546875,-58.53323613116259,21020.5078125,127873
5.7193394,-1.5646772,1.7293856,1.1066763092719092,0.0,-50.764536518871566,20913.6962890625,-51.43906295301935,11621.09375,-58.57697312636799,21020.5078125,127893
5.742409,-1.5526445,1.7304436,2.611176946108655,0.0,-50.716737329484374,20913.6962890625,-51.79564152437052,11663.818359375,-58.07363636771918,21020.5078125,127913
5.7652144,-1.5427501,1.7321651,1.4294635269888198,0.0,-50.726768556814704,20892.333984375,-51.76709338104804,11685.1806640625,-58.15779635799039,20999.1455078125,127933
5.7910514,-1.5326766,1.7344773,1.4896642721429556,0.0,-50.758470038209616,20935.05859375,-51.58101060024613,11685.1806640625,-58.33821753080117,21020.5078125,127953
5.8196516,-1.5216805,1.7371283,2.858836661794954,0.0,-50.76840491617154,20935.05859375,-51.66278596265576,11642.4560546875,-58.36775888926428,20977.783203125,127973
5.849186,-1.5104302,1.7399683,2.378453915085051,0.0,-50.73941444104566,20935.05859375,-51.856511253063786,11663.818359375,-58.34467576633724,20977.783203125,127993
5.8778496,-1.4996203,1.7426983,1.9780690183380583,0.0,-50.77027171137769,20935.05859375,-51.820875047499364,11685.1806640625,-58.32729763791537,20999.1455078125,128013
5.9056263,-1.4892287,1.7454008,2.759953892168399,0.0,-50.73067200417568,20956.4208984375,-51.66335858865823,11663.818359375,-58.61577647840172,21020.5078125,128033
5.934331,-1.4755507,1.7475055,0.9291972597127165,0.0,-50.717079239711225,20935.05859375,-51.56844802957268,11642.4560546875,-58.27704442887442,20999.1455078125,128053
5.9543023,-1.463246,1.7478846,2.208199868305854,0.0,-50.776652996146794,20935.05859375,-51.85905720412467,11621.09375,-57.761954120528465,20999.1455078125,128073
5.963013,-1.4570866,1.7477603,2.7421325685302222,0.0,-50.75414706830809,20935.05859375,-51.944474567682704,11706.54296875,-58.225422735364,20999.1455078125,128093
5.9668365,-1.4546934,1.7477969,0.9051378617692117,0.0,-50.78093147891296,20935.05859375,-51.93240388484392,11706.54296875,-58.37319633757991,21041.8701171875,128113
5.9670115,-1.4536508,1.7475057,1.204679526878309,0.0,-50.81470930484332,20913.6962890625,-51.70367232255221,11663.818359375,-58.235755642969735,21084.5947265625,128133
5.9652085,-1.4543172,1.7473435,1.043741214946727,0.0,-50.75134627718123,20935.05859375,-52.169079860897156,11663.818359375,-58.606676242447136,20956.4208984375,128173
5.9638515,-1.4548192,1.7472188,2.9029035536299603,0.0,-50.79053474423475,20935.05859375,-51.76718029548481,11642.4560546875,-58.59406667455134,20999.1455078125,128193
5.9627852,-1.456191,1.7474259,1.3196469923926557,0.0,-50.683835068575064,20935.05859375,-51.555687687348566,11621.09375,-58.226252365053995,20935.05859375,128213
5.961428,-1.4566919,1.7472991,1.3963960618619962,0.0,-50.715844152179336,20935.05859375,-51.541427371862625,11642.4560546875,-58.32524421644847,20977.783203125,128233
5.9596267,-1.4573578,1.7471263,1.1994544081519134,0.0,-50.770953836310525,20892.333984375,-51.892899721861895,11685.1806640625,-58.07308099448772,20999.1455078125,128273
5.958292,-1.4578516,1.7469974,0.9854630355077815,0.0,-50.750126628363134,20935.05859375,-52.01399786870475,11663.818359375,-58.893978928437505,21063.232421875,128333
5.9569573,-1.4583458,1.7468699,1.2242016660377302,0.0,-50.78330650655879,20956.4208984375,-51.46884572618944,11642.4560546875,-58.5534589194413,20999.1455078125,128393
5.9556227,-1.4588392,1.7467449,1.9795259289681564,0.0,-50.94732275275604,20935.05859375,-52.042212248320816,11706.54296875,-58.339050267427325,20977.783203125,128453
5.954288,-1.4593328,1.7466214,2.643957862085694,0.0,-50.95609779819219,20935.05859375,-52.30550707150538,11685.1806640625,-58.50830370088532,21041.8701171875,128513
5.9529533,-1.4598268,1.7464979,1.5832259400741262,0.0,-50.91968417019031,20935.05859375,-51.90615827755443,11642.4560546875,-58.37181973819305,20999.1455078125,128573
5.9516187,-1.4603214,1.7463752,1.4698013635884122,0.0,-50.99508148522609,20913.6962890625,-51.89252202235725,11663.818359375,-58.273903462834404,20999.1455078125,128633
5.950284,-1.4608167,1.746253,2.6271256303180794,0.0,-50.94170966760763,20935.05859375,-52.1315355561718,11685.1806640625,-58.26903407216057,21020.5078125,128693
5.9489493,-1.4613129,1.7461308,1.981790573159654,0.0,-50.909038184421604,20935.05859375,-52.037741739708736,11663.818359375,-58.36481807815243,20956.4208984375,128753
5.9476147,-1.4618099,1.7460089,2.6477173347006393,0.0,-50.89438303822257,20913.6962890625,-51.93580372531563,11663.818359375,-58.64186217259068,21041.8701171875,128813
5.946281,-1.462307,1.7458867,2.4105057704050723,0.0,-50.9590654784528,20913.6962890625,-51.927703716456634,11663.818359375,-58.18819409339418,21063.232421875,128873
5.9449477,-1.462805,1.7457622,1.7469354516927027,0.0,-50.950136392179104,20935.05859375,-52.134306204159145,11663.818359375,-58.54537650891415,20999.1455078125,128933
5.9436145,-1.4633032,1.7456373,1.4908623892496968,0.0,-50.94281252242375,20913.6962890625,-51.86420566577646,11642.4560546875,-58.29545034023202,21020.5078125,128993
5.9422812,-1.4638017,1.7455121,2.0147718088391944,0.0,-50.957017183979104,20913.6962890625,-51.988402453638116,11685.1806640625,-58.3298017779844,21020.5078125,129053
5.940948,-1.4643008,1.7453864,2.6280332190564524,0.0,-50.86339422741,20935.05859375,-52.22060137578946,11663.818359375,-58.59772144889618,21020.5078125,129113
5.939615,-1.4647996,1.7452617,1.223849166642815,0.0,-50.896523399451226,20935.05859375,-51.64297987558257,11621.09375,-58.51409214050331,20999.1455078125,129173
5.938282,-1.4652992,1.7451352,1.507847332346387,0.0,-50.96398316909668,20913.6962890625,-51.96371877334922,11685.1806640625,-58.33439120084735,21020.5078125,129233
5.936949,-1.4657985,1.7450101,2.626999821506895,0.0,-50.914726980129394,20956.4208984375,-52.20105811183832,11685.1806640625,-58.44084193134,20977.783203125,129293
5.9356155,-1.4662971,1.744888,2.0868983506685876,0.0,-50.95993381852229,20935.05859375,-51.97363208370376,11642.4560546875,-58.326938265268076,20999.1455078125,129353
5.9342823,-1.4667962,1.7447646,2.4482275645742817,0.0,-51.01031359337992,20935.05859375,-51.84997962966271,11663.818359375,-58.31083361606912,20999.1455078125,129413
5.932949,-1.4672947,1.7446434,2.741853718526416,0.0,-50.978737328875596,20956.4208984375,-51.9836206318121,11663.818359375,-58.43987748276845,21020.5078125,129473
5.931616,-1.4677933,1.7445225,2.496004459588061,0.0,-50.95969764615921,20935.05859375,-52.18420906916417,11663.818359375,-57.99412010223216,20999.1455078125,129533
5.9302826,-1.4682925,1.7443999,1.3392333038547437,0.0,-50.98881484123613,20913.6962890625,-52.018941853846606,11642.4560546875,-58.390876102511584,21020.5078125,129593
5.9289494,-1.4687917,1.7442774,1.6366677024058318,0.0,-50.92718378130588,20935.05859375,-51.89208750760138,11663.818359375,-58.81066947888062,20999.1455078125,129653
5.927616,-1.4692912,1.744154,2.626929509891106,0.0,-50.994444735635646,20913.6962890625,-52.030168100480054,11685.1806640625,-58.12609834404431,20999.1455078125,129713
5.926283,-1.4697903,1.744031,1.3181106100009017,0.0,-50.94447432450753,20913.6962890625,-52.07788984817539,11642.4560546875,-58.5470787717349,20999.1455078125,129773
5.9249496,-1.4702897,1.7439065,1.223919639954734,0.0,-50.91182754639952,20935.05859375,-51.7478980072082,11642.4560546875,-58.42889333299128,20956.4208984375,129833
5.9236164,-1.4707892,1.7437816,2.223550123800837,0.0,-51.04164162122224,20935.05859375,-52.06515372859265,11663.818359375,-58.42372465324664,20999.1455078125,129893
5.922283,-1.4712889,1.7436562,2.5614950312298164,0.0,-51.04103388349357,20913.6962890625,-52.238974892903485,11663.818359375,-58.456490180725176,21020.5078125,129953
5.92095,-1.4717889,1.7435305,1.4342986241588773,0.0,-50.85654348170819,20913.6962890625,-51.64488919135277,11621.09375,-58.56547377641016,20977.783203125,130013
5.9196167,-1.4722886,1.7434056,2.4640624705778253,0.0,-51.03935133141156,20935.05859375,-51.89244762710391,11663.818359375,-58.568745953197805,20999.1455078125,130073
5.918284,-1.4727887,1.7432799,2.577495049192361,0.0,-50.97210798081847,20913.6962890625,-52.09606007544386,11663.818359375,-58.464054384966985,20999.1455078125,130133
5.9169517,-1.4732893,1.7431545,2.8881837079364754,0.0,-50.99634466545966,20935.05859375,-52.14254660016931,11663.818359375,-58.36112000309954,21020.5078125,130193
5.91562,-1.4737902,1.7430291,2.3473948708573547,0.0,-51.017834135305236,20913.6962890625,-52.0134268982678,11663.818359375,-58.64781554107795,21084.5947265625,130253
5.914288,-1.4742913,1.7429023,1.6733681151891466,0.0,-50.933411083809865,20935.05859375,-51.88298072753385,11663.818359375,-58.50271160503428,20999.1455078125,130313
5.912956,-1.4747927,1.7427754,2.626967288199693,0.0,-50.99783180582616,20913.6962890625,-52.05918030446142,11663.818359375,-58.29189935620824,21020.5078125,130373
5.9116244,-1.4752944,1.7426487,2.0341509712985055,0.0,-51.03336883648228,20935.05859375,-52.0677330591769,11642.4560546875,-58.64464878107718,21020.5078125,130433
5.9102926,-1.4757961,1.7425215,1.2238511129678988,0.0,-50.96231335920748,20935.05859375,-51.76515395520884,11642.4560546875,-58.226887896481394,20977.783203125,130493
5.908961,-1.4762979,1.7423943,0.9244492851137893,0.0,-50.98706096494489,20935.05859375,-52.070303665297466,11706.54296875,-58.53285743313516,20956.4208984375,130553
5.907629,-1.4767998,1.7422668,2.5616189166801115,0.0,-50.87467293299981,20956.4208984375,-52.329289737147484,11685.1806640625,-58.808789069666254,21041.8701171875,130613
5.906297,-1.4773018,1.7421396,1.3963258272528725,0.0,-50.995208976800996,20935.05859375,-51.74853375059545,11642.4560546875,-58.54631332560806,20999.1455078125,130673
5.9049654,-1.4778032,1.7420133,1.6927444236545586,0.0,-50.95686289483058,20913.6962890625,-51.91255879426015,11685.1806640625,-58.21687308716021,20999.1455078125,130733
5.9036336,-1.4783051,1.7418857,2.6762019787786873,0.0,-51.00091672207883,20935.05859375,-52.1537227747345,11685.1806640625,-58.351847035897286,20977.783203125,130793
5.902302,-1.4788067,1.7417592,1.8931223657846517,0.0,-50.99881368940637,20935.05859375,-51.859555170087376,11642.4560546875,-58.332653678907,21041.8701171875,130853
