5.5582423,-1.6086519,1.7099239,1.3192481622564742,0.0,-50.77263549620122,20935.05859375,-51.73452771600225,11663.818359375,-58.28923341033792,21041.8701171875,146413
5.556912,-1.6091585,1.7098056,1.3722787846926765,0.0,-50.79576948078387,20935.05859375,-52.16863181911856,11706.54296875,-58.60318130649695,20999.1455078125,146473
5.5555816,-1.6096652,1.7096859,2.3779639847705445,0.0,-50.836671829051916,20913.6962890625,-52.05976224085572,11685.1806640625,-58.38125541907295,21063.232421875,146533
5.554251,-1.6101716,1.7095662,2.8267259272895866,0.0,-50.910221409874836,20913.6962890625,-51.7738794095467,11642.4560546875,-58.54396134662664,21020.5078125,146593
5.552921,-1.6106775,1.709447,1.9093977523747008,0.0,-50.84925369999795,20913.6962890625,-51.83466282051143,11663.818359375,-58.29560472659671,20999.1455078125,146653
5.551589,-1.6111826,1.7093291,2.67624171640974,0.0,-50.805199668876085,20956.4208984375,-52.14905011110031,11706.54296875,-58.79108946997672,21020.5078125,146713
5.550257,-1.6116872,1.7092109,1.1843886361453597,0.0,-50.840076829608634,20935.05859375,-51.70952840808228,11642.4560546875,-58.85627674279836,21020.5078125,146773
5.5489254,-1.6121918,1.7090908,1.3192148878628118,0.0,-50.85719677729404,20913.6962890625,-51.79564550773624,11685.1806640625,-58.3397872480633,20999.1455078125,146833
5.5475936,-1.6126965,1.70897,2.839235555877821,0.0,-50.828105367482266,20913.6962890625,-51.79552949438729,11663.818359375,-58.42816408992749,20999.1455078125,146893
5.5462623,-1.6132013,1.7088494,2.4455045853094566,0.0,-50.85035432732661,20935.05859375,-52.0385830323641,11685.1806640625,-58.414557932925135,20935.05859375,146953
5.5449305,-1.6137059,1.708729,1.320378210082938,0.0,-50.87248304613269,20913.6962890625,-51.831662822885214,11663.818359375,-58.20737274341914,21020.5078125,147013
5.5435987,-1.6142104,1.7086092,1.0258246246346143,0.0,-50.870520633560936,20913.6962890625,-51.84844024906579,11706.54296875,-58.344881692599316,20999.1455078125,147073
5.542267,-1.6147145,1.7084901,2.6762908617873786,0.0,-50.835791460621785,20935.05859375,-52.08540783993513,11685.1806640625,-58.48016353689929,20977.783203125,147133
5.540935,-1.6152183,1.7083702,2.8893131998601858,0.0,-50.79310011980837,20935.05859375,-51.944334759199236,11663.818359375,-58.34462073790054,20956.4208984375,147193
5.539603,-1.6157221,1.7082508,2.745519460397865,0.0,-50.8585596455491,20913.6962890625,-51.78526055353984,11642.4560546875,-58.7649837713769,20977.783203125,147253
5.5382714,-1.6162258,1.7081304,1.3732276663353296,0.0,-50.88735459879608,20913.6962890625,-51.935868696564086,11706.54296875,-58.0477822966587,20999.1455078125,147313
5.5369396,-1.6167289,1.7080113,2.56193233695658,0.0,-50.87291467100853,20956.4208984375,-52.08288704814758,11663.818359375,-58.89008110706493,21020.5078125,147373
5.535608,-1.6172323,1.7078924,1.8037627761126298,0.0,-50.8506763387182,20935.05859375,-51.645340026244696,11621.09375,-58.269925007757884,20999.1455078125,147433
5.534276,-1.6177356,1.7077721,2.741355323921093,0.0,-50.83240180587248,20913.6962890625,-51.858937282965016,11685.1806640625,-58.38751628923493,21020.5078125,147553
5.532944,-1.6182392,1.7076494,1.6009264865243842,0.0,-50.78224887917952,20913.6962890625,-51.956287820286356,11621.09375,-58.45995079620699,20999.1455078125,147613
5.5316124,-1.6187431,1.707526,0.9291798544392145,0.0,-50.77918001195777,20913.6962890625,-51.675853936011656,11663.818359375,-58.74449361845912,20999.1455078125,147673
5.5302806,-1.6192467,1.7074028,2.223549167429071,0.0,-50.84628874579401,20913.6962890625,-52.00204568577108,11685.1806640625,-58.428396090041545,20956.4208984375,147733
5.5289493,-1.6197507,1.7072779,2.594854352808169,0.0,-50.89832481316654,20913.6962890625,-52.041430512833074,11685.1806640625,-58.17119837422957,20956.4208984375,147793
5.5276175,-1.6202543,1.7071545,1.49070573145173,0.0,-50.7686270343283,20956.4208984375,-51.86668648347673,11642.4560546875,-58.50193251923288,21041.8701171875,147853
5.5262856,-1.6207578,1.707031,1.5643701170052924,0.0,-50.86679412159355,20935.05859375,-51.66551632091444,11685.1806640625,-58.30393676539471,20956.4208984375,147913
5.524954,-1.6212614,1.7069069,1.2386193673744719,0.0,-50.819446781530274,20935.05859375,-52.19290782690989,11706.54296875,-58.3875027896304,20999.1455078125,147973
5.523622,-1.6217649,1.7067833,2.4122394368091578,0.0,-50.84027535979775,20935.05859375,-52.010111878127184,11642.4560546875,-58.16138366829464,21020.5078125,148033
5.52229,-1.622268,1.7066612,1.262913281430852,0.0,-50.88710518093542,20935.05859375,-51.82893260167045,11663.818359375,-58.35204322194212,20956.4208984375,148093
5.5209575,-1.6227695,1.7065424,1.746692774639838,0.0,-50.83281962464474,20935.05859375,-51.831899833043515,11663.818359375,-58.31636568604277,21020.5078125,148153
5.519624,-1.6232703,1.7064248,2.6761880486204843,0.0,-50.80739730910638,20935.05859375,-52.11187891683803,11706.54296875,-58.832035238916006,20999.1455078125,148213
5.518291,-1.6237707,1.7063082,2.2947946498248415,0.0,-50.8758119473631,20913.6962890625,-51.83914004037181,11642.4560546875,-58.23627890957266,20999.1455078125,148273
5.5169578,-1.6242712,1.7061911,2.922381222782051,0.0,-50.89167452054116,20913.6962890625,-51.853012098111016,11663.818359375,-59.12273857586776,21020.5078125,148333
5.5156245,-1.6247711,1.7060744,2.1197170056023467,0.0,-50.8363283041261,20913.6962890625,-51.83335788658034,11663.818359375,-58.35479092329328,21020.5078125,148393
5.5142913,-1.625271,1.7059567,2.5947666091488313,0.0,-50.82040847788644,20935.05859375,-52.20845760662801,11663.818359375,-58.74265987069983,20977.783203125,148453
5.512958,-1.6257704,1.70584,1.5095255920791941,0.0,-50.92331157103875,20913.6962890625,-51.62425290568397,11642.4560546875,-58.38097254276456,20999.1455078125,148513
5.511625,-1.6262698,1.7057227,1.5635664042877222,0.0,-50.9367270539759,20913.6962890625,-51.821844735058285,11663.818359375,-58.287542581656524,21020.5078125,148573
5.5102916,-1.626769,1.7056044,2.80604293754552,0.0,-50.91309913949345,20913.6962890625,-51.99877748764664,11685.1806640625,-58.3889597857157,20999.1455078125,148633
5.5089583,-1.6272683,1.705485,1.8555786110236983,0.0,-50.84895470491279,20935.05859375,-52.04114084138409,11663.818359375,-58.486709033716394,20977.783203125,148693
5.507625,-1.6277682,1.7053653,0.94902821170527,0.0,-50.885609588087426,20935.05859375,-51.70553126809438,11685.1806640625,-58.49627203764746,20977.783203125,148753
5.506292,-1.6282681,1.7052457,1.200282600337069,0.0,-50.86278454758536,20935.05859375,-52.175259392621385,11727.9052734375,-58.33887577785022,21041.8701171875,148813
5.5049586,-1.628768,1.7051271,2.4284655508337183,0.0,-50.92863655674559,20913.6962890625,-52.105659807376696,11663.818359375,-58.002213043283916,20956.4208984375,148873
5.5036254,-1.6292685,1.7050074,0.9661359503388547,0.0,-50.84928442791756,20913.6962890625,-52.04730465771847,11642.4560546875,-58.57953391014029,21041.8701171875,148953
5.5022926,-1.6297697,1.7048864,1.262470719939398,0.0,-50.846437815410816,20935.05859375,-51.6533451287421,11642.4560546875,-58.25515922336544,21063.232421875,149013
5.500961,-1.6302718,1.7047638,2.311241961584137,0.0,-50.8965480514384,20913.6962890625,-51.81034990774046,11663.818359375,-58.55033402609705,20977.783203125,149073
5.499607,-1.6307827,1.7046391,1.2048814192391166,0.0,-50.90339353950584,20913.6962890625,-51.87964599671971,11663.818359375,-58.536120590092395,20999.1455078125,149093
5.4982753,-1.6312855,1.704517,1.9975598450582563,0.0,-50.86982598856651,20935.05859375,-51.86175492367913,11685.1806640625,-58.40156147502591,21041.8701171875,149153
5.4969435,-1.6317888,1.7043937,2.676767668224915,0.0,-50.915403885454495,20935.05859375,-52.19881466409693,11685.1806640625,-58.863661860083184,20977.783203125,149213
5.495612,-1.632293,1.7042682,1.7121975090722141,0.0,-50.8064429322533,20935.05859375,-51.732387564484874,11621.09375,-58.05382217659421,20977.783203125,149273
5.494282,-1.632798,1.7041409,1.3187588731771736,0.0,-50.92185594932474,20913.6962890625,-51.75228923797328,11685.1806640625,-58.22936984386736,20999.1455078125,149333
5.4929514,-1.6333036,1.7040133,2.494471279987639,0.0,-50.925533625959154,20913.6962890625,-51.74424996900248,11663.818359375,-58.32526965926611,21020.5078125,149393
5.490712,-1.6341536,1.7037967,1.7646575891624907,0.0,-50.75438026513082,20935.05859375,-51.967073816868705,11663.818359375,-58.487284399735664,20977.783203125,149453
5.48936,-1.6346664,1.7036654,1.3913177404723354,0.0,-50.84471333844823,20913.6962890625,-52.0016407621533,11706.54296875,-58.55146060525722,20999.1455078125,149473
5.4861884,-1.6358643,1.7033572,1.5620570183409823,0.0,-50.839454288872396,20935.05859375,-51.77234053035539,11663.818359375,-58.91914897565768,20935.05859375,149493
5.4793644,-1.6384029,1.7027253,0.9690563139012134,0.0,-50.796955518131995,20913.6962890625,-51.532095010379,11642.4560546875,-58.404253855682995,21020.5078125,149513
5.4704275,-1.6407436,1.7015599,2.7439224811742866,0.0,-50.814140161269975,20913.6962890625,-51.831952209535004,11685.1806640625,-58.441671811799424,20999.1455078125,149533
5.4645176,-1.6429405,1.7009717,1.7988738374030646,0.0,-50.89093347843024,20913.6962890625,-51.83302825513457,11685.1806640625,-58.24093132181551,20999.1455078125,149553
5.4613423,-1.644124,1.7006474,1.996681611461482,0.0,-50.83451521399283,20913.6962890625,-51.98985887964885,11706.54296875,-58.52536570400634,21020.5078125,149573
5.459988,-1.6446292,1.7005073,2.9065437404377676,0.0,-50.7930975657554,20913.6962890625,-51.663415989659384,11642.4560546875,-58.50948565224996,21041.8701171875,149593
5.4577446,-1.6454647,1.7002757,1.8177642303123238,0.0,-50.85435458093329,20935.05859375,-51.715306953691915,11685.1806640625,-58.466206405255214,21020.5078125,149653
5.4554787,-1.6463052,1.7000417,1.2432829875870057,0.0,-50.78487092130487,20935.05859375,-51.60678923184083,11663.818359375,-58.511860901270396,21020.5078125,149673
5.4522986,-1.6474774,1.6997209,2.9220990671225167,0.0,-50.787243885315256,20956.4208984375,-51.816696058693694,11685.1806640625,-58.48969741293623,20977.783203125,149693
5.447293,-1.6493145,1.6992137,1.1612317597712114,0.0,-50.721567534320215,20935.05859375,-52.009107506547736,11685.1806640625,-58.71489793213152,21041.8701171875,149713
5.4404597,-1.65181,1.6985135,2.171486553997139,0.0,-50.749821002760015,20935.05859375,-51.86190919107601,11706.54296875,-58.363826313501484,21020.5078125,149733
5.429395,-1.6538448,1.6967919,1.2042384330608549,0.0,-50.79217822143126,20935.05859375,-51.76527427043958,11642.4560546875,-58.5615773593591,20999.1455078125,149753
5.409231,-1.6561329,1.6933494,1.2618478087751992,0.0,-50.792656065165644,20935.05859375,-51.743550321437056,11642.4560546875,-58.60889102612853,21041.8701171875,149773
5.3701277,-1.6534699,1.6845285,2.9033119126063047,0.0,-50.95648694280078,20935.05859375,-51.93429122094369,11642.4560546875,-58.26995486906404,21020.5078125,149793
5.3053226,-1.6471578,1.6697218,1.2768564554694324,0.0,-51.03771322080773,20913.6962890625,-51.82309663931848,11685.1806640625,-58.38245449238094,21041.8701171875,149813
5.213772,-1.6372086,1.6495665,1.3758358627378044,0.0,-51.067763154953525,20913.6962890625,-51.69051950739208,11685.1806640625,-58.37454879819738,21063.232421875,149833
5.1231465,-1.6269236,1.6294621,2.3474867109302178,0.0,-51.08675421521401,20913.6962890625,-51.79296023821913,11663.818359375,-58.636815447883244,21020.5078125,149853
5.0531635,-1.616894,1.613526,1.0443089398110001,0.0,-51.0445695004931,20913.6962890625,-52.0879015662404,11642.4560546875,-58.96866768064041,21020.5078125,149873
5.0026064,-1.6097955,1.6018159,2.527952348210825,0.0,-51.102082281832004,20935.05859375,-51.75813905073852,11685.1806640625,-58.69293944920561,21041.8701171875,149893
4.9671817,-1.6052504,1.5935695,1.2424024525069266,0.0,-50.954018635059,20935.05859375,-51.54574000671896,11663.818359375,-58.59205815041215,20999.1455078125,149913
4.941022,-1.6042974,1.5881983,1.3581095857695584,0.0,-50.85622739034328,20935.05859375,-51.688958610682164,11663.818359375,-58.43075393842944,20935.05859375,149933
4.919097,-1.6038594,1.5837377,2.2584909077686306,0.0,-50.86496201886674,20935.05859375,-51.918002158801485,11685.1806640625,-58.57439457979819,20956.4208984375,149953
4.9004755,-1.6042506,1.5801349,1.0627260702793997,0.0,-50.89044142524177,20935.05859375,-51.97898751601854,11685.1806640625,-58.75601503073699,20999.1455078125,149973
4.8851495,-1.605469,1.5774198,2.889544086415747,0.0,-50.85733369582363,20935.05859375,-51.713688904366066,11642.4560546875,-58.78207777125684,20977.783203125,149993
4.871931,-1.606942,1.5751878,1.1855732631560965,0.0,-50.94327280463905,20913.6962890625,-51.59769678093455,11642.4560546875,-58.550074341556154,20999.1455078125,150013
4.8559403,-1.6093134,1.5726961,1.9985002684762587,0.0,-50.891667637462234,20935.05859375,-51.855467017358876,11642.4560546875,-58.371500954594886,20999.1455078125,150033
4.8345556,-1.6105559,1.5687882,2.5610230180034375,0.0,-50.90179035818255,20913.6962890625,-51.81272801374828,11685.1806640625,-58.636010650860484,21020.5078125,150053
4.8077765,-1.6107007,1.5634634,1.045472932691291,0.0,-51.08466268599259,20913.6962890625,-51.81125527097491,11706.54296875,-58.42186055800204,20977.783203125,150073
4.7782207,-1.6117514,1.5579114,2.8586190061967427,0.0,-51.05645603621148,20935.05859375,-51.727295670425434,11663.818359375,-58.68852244995188,20977.783203125,150093
4.751709,-1.6127342,1.5528653,1.7658006348947441,0.0,-50.98581650532096,20913.6962890625,-51.77147412272643,11663.818359375,-58.9258774461652,20977.783203125,150113
4.733371,-1.6139327,1.5494459,1.9604402297309886,0.0,-50.93305068359031,20913.6962890625,-52.00130944436533,11706.54296875,-58.38551657448551,21020.5078125,150133
4.7250304,-1.6147517,1.54796,2.2415020612404266,0.0,-51.02195732068562,20935.05859375,-51.761359442776154,11685.1806640625,-58.33688594264753,21020.5078125,150153
4.7197175,-1.6155508,1.5470798,1.3578774372882032,0.0,-50.983983093430936,20935.05859375,-51.59563485155249,11663.818359375,-58.276810461245255,20999.1455078125,150173
4.7169094,-1.6145564,1.5461673,1.3962508717096311,0.0,-50.89272066953649,20935.05859375,-51.756978673544026,11642.4560546875,-58.39661694801079,20935.05859375,150193
4.7138386,-1.6126878,1.544923,2.494823825086519,0.0,-50.94870129197411,20956.4208984375,-52.08315638803242,11685.1806640625,-58.52839584622199,20913.6962890625,150213
4.7110267,-1.611702,1.5440125,1.745013588286234,0.0,-50.96087800946371,20956.4208984375,-51.85969452575803,11685.1806640625,-58.40715571152808,20999.1455078125,150233
4.7091336,-1.6104066,1.5432019,1.5833003161484807,0.0,-50.97624299181203,20956.4208984375,-51.71182117336748,11663.818359375,-58.16163158325227,20999.1455078125,150253
4.707239,-1.6091132,1.5423914,0.9689661211013112,0.0,-50.98473016028059,20956.4208984375,-51.448493183452406,11663.818359375,-58.63129863775103,21063.232421875,150273
4.705342,-1.6078234,1.5415815,2.188774925607554,0.0,-50.9792611625042,20935.05859375,-51.85650623686108,11685.1806640625,-58.42905411909777,20977.783203125,150293
4.702523,-1.6068548,1.5406736,1.541651043446533,0.0,-50.948892787064594,20913.6962890625,-51.954258655557624,11706.54296875,-58.444053022878755,20977.783203125,150313
4.698244,-1.6044599,1.5390047,1.635857003963369,0.0,-50.981658654829786,20913.6962890625,-51.9091374814488,11685.1806640625,-58.18210323555491,20999.1455078125,150333
4.6942325,-1.6029481,1.5376691,2.810532371560555,0.0,-51.00468589315639,20913.6962890625,-51.640532118924355,11663.818359375,-58.7546560633843,21041.8701171875,150353
4.691137,-1.6011167,1.5364308,0.9879031481985312,0.0,-50.96260112703657,20913.6962890625,-51.68222624879327,11642.4560546875,-58.57914017189198,21084.5947265625,150373
4.6885843,-1.6010364,1.5358582,2.6603700104739367,0.0,-50.99623737943173,20913.6962890625,-51.88083260473913,11685.1806640625,-58.054984266685125,21020.5078125,150393
4.686302,-1.6018313,1.5356187,2.1726410469917052,0.0,-50.94457797908754,20913.6962890625,-51.800633445573084,11685.1806640625,-58.38051842442986,21063.232421875,150413
4.681265,-1.6035756,1.5350968,1.3008004125623671,0.0,-50.94581445814821,20935.05859375,-51.64951386360396,11663.818359375,-58.152939019395774,21041.8701171875,150433
4.671625,-1.6068783,1.5341238,1.6385088193223882,0.0,-50.929479824018784,20935.05859375,-51.87523079745232,11663.818359375,-58.23107571065335,20956.4208984375,150453
4.6371593,-1.6154572,1.5302088,1.0237728442366891,0.0,-50.91097633625693,20935.05859375,-52.073347820774465,11685.1806640625,-59.001460365704865,21020.5078125,150473
4.5636816,-1.6268754,1.5224743,2.6273824137190505,0.0,-50.93218258534261,20935.05859375,-51.85223697171486,11663.818359375,-58.59813946201789,21020.5078125,150493
4.471453,-1.6436626,1.5132874,1.3767667619544421,0.0,-50.99628537799504,20935.05859375,-51.84235490423986,11663.818359375,-58.58615854478343,20977.783203125,150513
4.396827,-1.661281,1.5073345,1.4151955658798312,0.0,-51.19578288936577,20935.05859375,-51.88797795063819,11642.4560546875,-58.490467155960424,20977.783203125,150533
4.3458967,-1.6761461,1.5032021,2.3267092123110826,0.0,-51.17596714962566,20935.05859375,-52.170757049754414,11663.818359375,-58.4947873747445,21020.5078125,150553
4.3137684,-1.6857761,1.5001999,1.063192492605817,0.0,-51.281246574247774,20913.6962890625,-52.23730059301869,11685.1806640625,-58.90319877736053,20956.4208984375,150573
4.2896957,-1.6917213,1.4974061,2.5643091850572794,0.0,-51.22319028640254,20913.6962890625,-51.93749209891948,11663.818359375,-58.884863427507035,21020.5078125,150593
4.27118,-1.6958408,1.4950018,2.1582863381920707,0.0,-51.238590665879585,20913.6962890625,-52.060450369309024,11642.4560546875,-58.70849351339192,21041.8701171875,150613
4.259393,-1.6987237,1.4934953,2.0512986119578844,0.0,-51.30246490759952,20913.6962890625,-52.216351972401924,11642.4560546875,-59.17977446845921,21020.5078125,150633
4.2506304,-1.7015767,1.4925848,2.870358193625152,0.0,-51.193511265011054,20913.6962890625,-52.097619997100566,11706.54296875,-58.83460237874321,21020.5078125,150653
4.2455616,-1.7032229,1.4920503,1.1432740728652362,0.0,-51.277951405375184,20935.05859375,-52.146945436069025,11706.54296875,-58.560671814388634,21020.5078125,150673
4.2404904,-1.7048604,1.4915116,1.2433104469109113,0.0,-51.28019908171719,20935.05859375,-51.952431453662044,11663.818359375,-58.19065752876324,20999.1455078125,150693
4.234742,-1.7076727,1.4912001,2.5808414930051575,0.0,-51.296534863766425,20956.4208984375,-52.238838423592114,11706.54296875,-58.610774035076574,20977.783203125,150713
4.2299166,-1.7101847,1.4909849,0.9636363072954074,0.0,-51.16505167717419,20956.4208984375,-52.34714992982621,11685.1806640625,-58.85622859210689,20999.1455078125,150733
4.2257667,-1.7115132,1.4905386,2.791794917402259,0.0,-51.17148861903952,20935.05859375,-52.0340631012468,11663.818359375,-58.81705676844028,21020.5078125,150753
4.222789,-1.7134299,1.490521,1.262489834747199,0.0,-51.14651638834019,20956.4208984375,-51.92427297220288,11642.4560546875,-58.510904680831494,20977.783203125,150773
4.2214136,-1.7138714,1.4903703,1.8749555479490838,0.0,-51.19326939322907,20935.05859375,-52.02982210749628,11642.4560546875,-58.16962162042849,20999.1455078125,150793
4.2195873,-1.7144588,1.4901711,2.377636584828364,0.0,-51.254381821975095,20913.6962890625,-52.35895882808176,11727.9052734375,-58.913736321134,21020.5078125,150833
4.215861,-1.7137517,1.489165,2.7454215861885825,0.0,-51.21559954287105,20935.05859375,-52.14637806006881,11663.818359375,-58.90451811951535,20999.1455078125,150853
4.208849,-1.7122283,1.4872029,1.7670309339757808,0.0,-51.343220271920316,20913.6962890625,-52.11248452373896,11642.4560546875,-58.4454877261222,20999.1455078125,150873
4.2009087,-1.7110457,1.4851527,2.4280224418673324,0.0,-51.33194253604225,20913.6962890625,-52.448857400958104,11663.818359375,-58.51363981387806,20977.783203125,150893
4.194797,-1.7092557,1.4833163,2.7253347389420868,0.0,-51.371079809441405,20935.05859375,-52.18963352374202,11685.1806640625,-58.48846072445796,21020.5078125,150913
4.189869,-1.708032,1.48191,1.5638292178060123,0.0,-51.33532881378347,20935.05859375,-52.02750333301442,11663.818359375,-58.59443256232051,20977.783203125,150933
4.187314,-1.7079356,1.4813516,2.4487477245403557,0.0,-51.321082209817924,20935.05859375,-52.127759088558605,11642.4560546875,-58.601511455560996,20999.1455078125,150953
4.1856785,-1.7075249,1.4808851,2.1556828987746908,0.0,-51.354691608001495,20956.4208984375,-52.39217313686425,11663.818359375,-58.754163495069704,20977.783203125,150973
4.1843324,-1.707985,1.4807513,1.08772687077661,0.0,-51.340898438782425,20913.6962890625,-51.9761866872626,11642.4560546875,-58.75640175388334,20999.1455078125,151033
4.1829863,-1.7084452,1.4806163,1.1236443975577135,0.0,-51.35462627802373,20913.6962890625,-52.32431961044895,11706.54296875,-58.72465724390472,20977.783203125,151093
4.1816187,-1.7089132,1.4804772,2.8262459482991287,0.0,-51.337053502542844,20913.6962890625,-52.18765189101389,11663.818359375,-58.83546542531437,21063.232421875,151113
4.1802726,-1.7093738,1.4803405,2.5785108917788153,0.0,-51.357772874782725,20935.05859375,-52.21100774442071,11663.818359375,-58.42156358433954,20935.05859375,151173
4.1761475,-1.7107886,1.479928,0.9688126151451202,0.0,-51.436007378132985,20935.05859375,-52.19534914760445,11642.4560546875,-58.632160414510615,20977.783203125,151193
4.149889,-1.7164892,1.4774103,2.76127267835592,0.0,-51.520253697885785,20935.05859375,-52.60998057043301,11663.818359375,-59.2071490349478,20956.4208984375,151213
4.10207,-1.7284292,1.4736454,1.709266849406463,0.0,-51.600871264391266,20935.05859375,-53.03279190297747,11663.818359375,-59.242074488288026,20999.1455078125,151233
4.048887,-1.746115,1.4710172,2.444341704284993,0.0,-51.79594252165921,20935.05859375,-53.281376055273135,11663.818359375,-59.402457652963825,20956.4208984375,151253
4.006688,-1.7661486,1.470383,2.612769335401164,0.0,-51.90594586933916,20935.05859375,-53.01346836372649,11663.818359375,-59.60534030690929,21020.5078125,151273
3.9758883,-1.7834028,1.4703505,1.0677183371493364,0.0,-51.97730453621479,20935.05859375,-52.98024571503298,11642.4560546875,-59.59366422747052,20999.1455078125,151293
3.9528506,-1.7961054,1.4700861,2.710128802111339,0.0,-52.07976399591595,20935.05859375,-53.58674764594417,11706.54296875,-59.528292821768446,20956.4208984375,151313
3.929535,-1.8079187,1.4694514,2.5115766947526903,0.0,-52.344852383906954,20913.6962890625,-53.65429008157971,11685.1806640625,-59.72390510236874,20977.783203125,151333
3.9019861,-1.8192148,1.4678073,1.655492646794747,0.0,-52.471469898058096,20913.6962890625,-54.325937344180666,11706.54296875,-59.682057410875906,20999.1455078125,151353
3.8707533,-1.8317682,1.4658724,1.3769350554231568,0.0,-52.80490848487571,20913.6962890625,-54.29539550359785,11663.818359375,-60.142862050025826,21041.8701171875,151373
3.8367531,-1.8452551,1.4637257,1.1635741798896917,0.0,-52.80146341090618,20913.6962890625,-54.421284024311795,11642.4560546875,-60.733124944201464,20977.783203125,151393
3.8018353,-1.8590564,1.4614543,2.394174679540955,0.0,-52.975547755994334,20913.6962890625,-54.98962466131368,11706.54296875,-60.60849398343273,20999.1455078125,151413
3.7678192,-1.8725021,1.459303,1.8376315389675002,0.0,-53.16217257226124,20935.05859375,-54.982792687406146,11663.818359375,-60.868081436959926,20999.1455078125,151433
3.7319658,-1.8865758,1.4569316,1.5085884510678134,0.0,-53.43310306968752,20935.05859375,-55.26173697876449,11663.818359375,-61.04574080509639,20956.4208984375,151453
3.6965249,-1.8986442,1.4538711,1.8023046615572302,0.0,-53.7090298389456,20935.05859375,-55.81369788927765,11642.4560546875,-61.54319218112416,20977.783203125,151473
3.6620185,-1.9104501,1.4509315,1.392749558726065,0.0,-53.880438341328556,20935.05859375,-56.46640882717033,11685.1806640625,-62.01530141962901,20977.783203125,151493
3.6275294,-1.9222938,1.4479439,2.327391637366584,0.0,-54.30154801591115,20935.05859375,-56.414989707436305,11685.1806640625,-62.12861495323614,20999.1455078125,151513
3.5970154,-1.9337665,1.4453982,2.0872566004533146,0.0,-54.3177071940641,20935.05859375,-56.50257507129824,11663.818359375,-61.646753438692244,20892.333984375,151533
3.574152,-1.9436133,1.4436831,1.747919306179044,0.0,-54.43473699249797,20913.6962890625,-56.51728412149829,11621.09375,-61.97694543664489,20977.783203125,151553
3.560214,-1.9494263,1.4425,2.59546070199081,0.0,-54.38860188637729,20913.6962890625,-56.91175998413871,11706.54296875,-62.24476633709877,20999.1455078125,151573
3.5536187,-1.9526964,1.4420872,2.224481978412156,0.0,-54.406119698372,20935.05859375,-56.837980145958376,11706.54296875,-62.076367556194405,20977.783203125,151593
3.5506916,-1.95469,1.4420712,2.1913523894594227,0.0,-54.449094580994135,20935.05859375,-56.645888902203716,11685.1806640625,-61.855692661679726,21105.95703125,151613
3.5484116,-1.955488,1.4418226,1.9811226651266245,0.0,-54.54110385087954,20892.333984375,-56.668304117773296,11621.09375,-62.42968743426937,21020.5078125,151633
3.5470483,-1.9559662,1.4416752,2.224325246994149,0.0,-54.4524584602068,20935.05859375,-57.14833883652641,11663.818359375,-62.333412290262295,20999.1455078125,151653
3.543581,-1.9562149,1.4409983,1.413714090027364,0.0,-54.41122833683134,20913.6962890625,-56.55063491899598,11685.1806640625,-62.26037266685835,20956.4208984375,151693
3.5364475,-1.9577574,1.4399505,1.5829085522926165,0.0,-54.640646995158036,20935.05859375,-56.85711022116914,11663.818359375,-62.669067048567,20999.1455078125,151713
3.5249953,-1.9617679,1.438804,2.3282086107403166,0.0,-54.67917484784074,20913.6962890625,-57.591458201133605,11685.1806640625,-62.948885391886115,20999.1455078125,151733
3.50224,-1.9687055,1.4363055,1.4116401988711686,0.0,-54.94078469582885,20935.05859375,-58.31038936853836,11685.1806640625,-63.47276661485318,20935.05859375,151753
3.4656854,-1.9804554,1.4328389,2.5131380536113324,0.0,-55.37989829697018,20935.05859375,-58.112312921520285,11685.1806640625,-63.59170242133204,21020.5078125,151773
3.413384,-1.9974343,1.42874,1.784095325817344,0.0,-55.696588338329036,20913.6962890625,-58.15762064248239,11621.09375,-63.903960495204345,21020.5078125,151793
3.3579133,-2.017331,1.4250845,1.9100550217795997,0.0,-55.921043543761854,20913.6962890625,-59.002691433479114,11642.4560546875,-63.93004705623828,20999.1455078125,151813
3.3112032,-2.039098,1.4233556,2.2416741295662157,0.0,-56.09642727261643,20913.6962890625,-59.250784426383596,11663.818359375,-63.96019405251824,20956.4208984375,151833
3.273092,-2.0589647,1.4223338,1.4122111671555961,0.0,-56.27904805156688,20956.4208984375,-59.46210762970084,11685.1806640625,-64.20314346251372,21041.8701171875,151853
3.242401,-2.076403,1.4217743,2.3965583071152503,0.0,-56.52663359118751,20935.05859375,-59.35741479301601,11685.1806640625,-64.37277130929546,21020.5078125,151873
3.2200668,-2.0911067,1.4217185,1.9098285283958072,0.0,-56.503820495432564,20956.4208984375,-59.672284987107346,11642.4560546875,-64.6592727223778,20999.1455078125,151893
3.2007725,-2.105731,1.422311,1.6363618967167226,0.0,-56.641995897872334,20956.4208984375,-60.140539824554374,11642.4560546875,-65.20672830446355,21041.8701171875,151913
3.1818335,-2.1182742,1.4223678,2.412169997872966,0.0,-56.783830536833264,20935.05859375,-59.81328703023297,11642.4560546875,-65.21729101229467,21063.232421875,151933
3.1619637,-2.1311195,1.4223777,1.4887427822925483,0.0,-56.77368439782495,20935.05859375,-59.79171235201339,11642.4560546875,-64.70065279157228,21020.5078125,151953
3.1387517,-2.1431231,1.4215376,1.856286396430966,0.0,-56.76853239090885,20913.6962890625,-59.92591045359848,11642.4560546875,-64.90452875663678,20913.6962890625,151973
3.1149635,-2.1533272,1.4200695,2.1555256460983765,0.0,-56.934786527832216,20977.783203125,-60.356333063397,11685.1806640625,-64.82329022827982,20956.4208984375,151993
3.0905147,-2.164687,1.4188296,1.6363425696819762,0.0,-56.804823967258926,20935.05859375,-60.51872763452944,11642.4560546875,-64.88946786056268,21020.5078125,152013
3.0676076,-2.174474,1.4173719,2.446927669577254,0.0,-56.956849308204305,20913.6962890625,-60.28682455819574,11642.4560546875,-65.1073216048617,20999.1455078125,152033
3.045078,-2.1821582,1.4152288,1.7839310338930228,0.0,-57.05104930168292,20849.609375,-60.182899229930975,11663.818359375,-65.2827320111279,21127.3193359375,152053
3.0241194,-2.1883037,1.4128516,2.1901225122422296,0.0,-56.92660041296992,20913.6962890625,-60.55167394774663,11663.818359375,-65.15074654878833,21041.8701171875,152073
3.0049992,-2.1938012,1.4106154,2.1030941712290234,0.0,-57.331401045483176,20892.333984375,-60.510192955776496,11685.1806640625,-64.95993581145719,21041.8701171875,152093
2.9865403,-2.1981008,1.4080919,1.6741603687411153,0.0,-56.89610397327637,20977.783203125,-60.380332091830944,11642.4560546875,-65.14815995434854,20977.783203125,152113
2.9692607,-2.2029533,1.4059895,1.7476791525466993,0.0,-57.16345194446806,20935.05859375,-60.63303460304568,11642.4560546875,-65.8645191709781,21170.0439453125,152133
2.9526396,-2.2066011,1.4036294,1.562779404969197,0.0,-57.047407694513346,20977.783203125,-60.69803467804402,11621.09375,-65.3873824585463,20956.4208984375,152153
2.9371977,-2.2108138,1.4017016,2.2587165329674876,0.0,-57.22644300127348,20935.05859375,-60.54859774131393,11727.9052734375,-65.44183034642874,20999.1455078125,152173
2.9214892,-2.2141266,1.3994563,1.9272737740549426,0.0,-57.216988619333804,20913.6962890625,-60.57805553992552,11706.54296875,-64.97520940207166,20935.05859375,152193
2.9106495,-2.2167773,1.3979932,1.747793671165644,0.0,-57.12636946587486,20913.6962890625,-60.38081623406435,11642.4560546875,-64.9376048793986,21041.8701171875,152213
2.9046757,-2.218773,1.397338,2.42952608306669,0.0,-57.223606270185876,20913.6962890625,-60.759850199984484,11663.818359375,-64.95905897508703,20977.783203125,152233
2.9014637,-2.219844,1.3969841,1.5249642984824012,0.0,-57.264307723310985,20913.6962890625,-61.037854206545575,11727.9052734375,-65.22187696771591,20999.1455078125,152253
2.8989158,-2.2197242,1.3963989,2.1733752057220563,0.0,-57.252039636243325,20956.4208984375,-60.44681907984231,11663.818359375,-65.5152320793351,21063.232421875,152273
2.8957014,-2.220788,1.3960445,1.729547423381468,0.0,-57.146168679927236,20892.333984375,-60.35269811697308,11663.818359375,-65.23856552201772,20913.6962890625,152293
2.8924851,-2.2218478,1.3956945,1.9450584969492524,0.0,-57.27646012387616,20892.333984375,-60.38613462565188,11663.818359375,-64.9244388330578,20956.4208984375,152313
2.8892686,-2.222906,1.3953434,2.4456369032129235,0.0,-57.23253129394593,20913.6962890625,-60.41455110124076,11706.54296875,-65.62860664722496,21020.5078125,152333
2.8881497,-2.2242389,1.3955257,2.050781772889911,0.0,-57.21458918759648,20892.333984375,-60.62517806594619,11663.818359375,-65.54187934307242,20999.1455078125,152353
2.8867772,-2.2246892,1.3953756,2.2259057551482018,0.0,-57.175590701980695,20913.6962890625,-60.49179119690226,11642.4560546875,-65.78996680265045,21020.5078125,152373
2.8854046,-2.2251396,1.3952249,1.8198072541468218,0.0,-57.065980947433914,20892.333984375,-60.518096122808544,11599.7314453125,-65.45791171249901,20999.1455078125,152393
2.8840322,-2.2255898,1.3950732,2.172707673702678,0.0,-57.23394329721559,20913.6962890625,-60.96811758899085,11663.818359375,-65.13362458738709,20999.1455078125,152413
2.8826602,-2.2260401,1.3949201,2.412371553456193,0.0,-57.224539344097174,20935.05859375,-60.425659652277226,11663.818359375,-65.26717596683065,21020.5078125,152433
2.8812878,-2.2264905,1.3947675,1.7659495864710828,0.0,-57.165795760320684,20892.333984375,-60.31887272256913,11642.4560546875,-65.19333025513065,20999.1455078125,152453
2.879916,-2.2269416,1.3946139,1.838134292671558,0.0,-57.14564849610515,20913.6962890625,-60.61252139124478,11621.09375,-65.10624897161097,20892.333984375,152473
2.8785663,-2.2273853,1.3944639,2.3794235789425793,0.0,-57.269057700716004,20935.05859375,-60.46639762563891,11642.4560546875,-65.62165807922565,21084.5947265625,152533
2.8772166,-2.2278292,1.3943139,1.9620472791821104,0.0,-57.32927231264726,20913.6962890625,-60.69754016196563,11685.1806640625,-65.7058835644545,21041.8701171875,152593
2.8758667,-2.2282732,1.3941643,1.5439470447278394,0.0,-57.16209505781555,20935.05859375,-60.89090566151296,11599.7314453125,-65.73840089772479,21105.95703125,152653
2.869652,-2.2293706,1.393198,1.619394649902499,0.0,-57.14868734123804,20956.4208984375,-60.022065978139274,11706.54296875,-64.99558688445948,20977.783203125,152713
2.8555217,-2.2311633,1.3908229,1.9094731116385506,0.0,-57.10923424910246,20935.05859375,-60.81763900836237,11642.4560546875,-65.36937071124368,21041.8701171875,152733
2.831002,-2.235481,1.3870524,1.6362895136683118,0.0,-57.33966240601446,20935.05859375,-61.010992133497155,11685.1806640625,-65.14732373550613,20892.333984375,152753
2.8058596,-2.2411256,1.3834589,2.050804664647228,0.0,-57.29041661711534,20935.05859375,-60.780130209890615,11663.818359375,-65.93035637212043,21020.5078125,152773
2.7888494,-2.246905,1.3817719,1.7476284630698926,0.0,-57.300056208145584,20935.05859375,-60.548675440279126,11642.4560546875,-65.91278684220016,20956.4208984375,152793
2.7798495,-2.248983,1.380593,1.544935483267674,0.0,-57.31249314823821,20935.05859375,-60.49870323167995,11621.09375,-65.57931343719368,20913.6962890625,152813
2.773877,-2.2510016,1.3800001,2.4289434616758507,0.0,-57.268734743464016,20913.6962890625,-60.72849329635616,11663.818359375,-65.1746167105709,20977.783203125,152833
2.7697468,-2.2523983,1.3795788,1.581061593245237,0.0,-57.310631123685226,20935.05859375,-60.86072031341924,11663.818359375,-65.06474663676292,20999.1455078125,152853
2.765618,-2.253796,1.3791454,1.8020468327521943,0.0,-57.27382234014754,20935.05859375,-60.228095202590126,11642.4560546875,-65.51822718630606,20999.1455078125,152873
2.7626712,-2.2557602,1.3791372,2.051968070010889,0.0,-57.386696945284406,20935.05859375,-60.75434905850075,11663.818359375,-65.61624652215357,20892.333984375,152893
2.7594616,-2.2568426,1.3787967,2.120671261217665,0.0,-57.291915485600185,20956.4208984375,-60.87038088625795,11685.1806640625,-65.65307579716726,20870.9716796875,152913
2.7546709,-2.2594209,1.3785876,2.137918574635991,0.0,-57.32933518837758,20913.6962890625,-60.57517995247015,11685.1806640625,-65.37483026454304,20935.05859375,152933
2.7394874,-2.264533,1.3770746,1.802138970590956,0.0,-57.43990621093326,20935.05859375,-60.63927298486778,11642.4560546875,-65.6861028432469,20956.4208984375,152973
2.7163973,-2.2703323,1.374203,2.068322766229744,0.0,-57.39087283476351,20956.4208984375,-61.15929837884689,11642.4560546875,-65.70216685931544,20999.1455078125,152993
2.6894248,-2.2766037,1.3703558,2.172552321635935,0.0,-57.28095407979285,20913.6962890625,-61.07644583141201,11621.09375,-65.81185144486763,20913.6962890625,153013
2.6626348,-2.2837207,1.3674347,1.5449145631906303,0.0,-57.20839940200368,20956.4208984375,-60.317474903084246,11642.4560546875,-65.81301554253427,20999.1455078125,153053
2.6407225,-2.2902157,1.3654001,1.9443439350936127,0.0,-57.17347808580834,20913.6962890625,-60.651373872064404,11621.09375,-65.45138498423371,20999.1455078125,153093
2.6170218,-2.297442,1.3629832,1.9978246084905078,0.0,-57.195322745518254,20935.05859375,-60.76094350392083,11663.818359375,-65.40197434523378,21041.8701171875,153113
2.5933967,-2.3047726,1.3601725,1.7295003442459098,0.0,-57.10333909082644,20935.05859375,-60.57071263863144,11642.4560546875,-64.86801072100754,21170.0439453125,153133
2.5713117,-2.3105822,1.3573719,1.8562256704698226,0.0,-57.06025587786374,20935.05859375,-60.040691438994116,11578.369140625,-65.3739894781599,21084.5947265625,153153
2.5519814,-2.3154535,1.3548682,2.1900379978340063,0.0,-57.02389522969735,20913.6962890625,-60.77017313000554,11663.818359375,-64.88078150856711,21063.232421875,153173
2.533277,-2.3190908,1.352174,2.068002082693809,0.0,-56.900368537241576,20913.6962890625,-60.17736991766708,11685.1806640625,-64.9548882945556,20999.1455078125,153193
2.5155003,-2.3224356,1.3495342,1.674594380948515,0.0,-56.87825996732185,20935.05859375,-59.9157197158279,11685.1806640625,-65.00347177546135,20999.1455078125,153213
2.49681,-2.3261106,1.346794,2.4639185384146547,0.0,-56.723439702282725,20935.05859375,-59.90644484344099,11621.09375,-64.55903257958332,20913.6962890625,153233
2.4778514,-2.3289235,1.3436835,1.5441191317694063,0.0,-56.58541893963368,20956.4208984375,-60.069055351084124,11663.818359375,-65.23465345295446,20935.05859375,153253
2.4576838,-2.3311508,1.340223,2.275944436418581,0.0,-56.41939293808405,20935.05859375,-59.72905486260516,11685.1806640625,-64.44979748354514,20870.9716796875,153273
2.4353921,-2.333123,1.3363229,2.0335689307310827,0.0,-56.38871513010404,20913.6962890625,-59.5047951037366,11642.4560546875,-64.61199952475903,21041.8701171875,153293
2.4128308,-2.3341951,1.3320519,1.7114504905560226,0.0,-56.293897008461414,20935.05859375,-59.15670479579241,11621.09375,-64.9345497090207,20999.1455078125,153313
2.3902864,-2.3352764,1.3276953,2.051182560934379,0.0,-56.21341720821886,20935.05859375,-59.23003642438269,11663.818359375,-64.23080750757896,20999.1455078125,153333
2.3677464,-2.336346,1.3233132,1.4495755655792852,0.0,-56.2532044926084,20935.05859375,-59.432017137776626,11706.54296875,-64.05714551060751,20935.05859375,153353
2.344275,-2.337702,1.3189023,1.9272545565859713,0.0,-55.940098104810836,20913.6962890625,-58.8999272572222,11685.1806640625,-64.08774777108094,21041.8701171875,153373
2.3217092,-2.3387017,1.3146374,1.892424016698922,0.0,-55.87595945734264,20977.783203125,-58.495025367372186,11642.4560546875,-63.700646966523074,21127.3193359375,153393
2.3012593,-2.3399541,1.3108462,1.6001347170571778,0.0,-55.73244897218615,20935.05859375,-58.592613978884465,11621.09375,-63.0163510081842,20913.6962890625,153413
2.2817428,-2.3408928,1.3070662,2.3950453952490207,0.0,-55.51539731283217,20913.6962890625,-58.365012419451354,11663.818359375,-63.14303685179262,21105.95703125,153433
2.2622313,-2.3418207,1.3032572,1.3746405675346771,0.0,-55.53872232788332,20892.333984375,-58.05297593501272,11685.1806640625,-63.49173602226,20913.6962890625,153453
2.2363856,-2.3420115,1.2979709,1.5814966694342594,0.0,-55.02675218176081,20935.05859375,-57.78292041533746,11621.09375,-63.226502674260765,21041.8701171875,153493
2.2123935,-2.3415956,1.2927849,2.3101363599734888,0.0,-55.067724268891595,20956.4208984375,-57.88005990801441,11685.1806640625,-62.80977688213294,21063.232421875,153513
2.1877491,-2.3423672,1.2878609,2.032884886577696,0.0,-54.628222489359636,20935.05859375,-57.168285524526,11685.1806640625,-62.51862289391148,21084.5947265625,153533
2.1637418,-2.3419173,1.2827494,1.3951800600284756,0.0,-54.50224987224958,20935.05859375,-56.70634038437538,11642.4560546875,-62.27696795286277,20977.783203125,153553
2.1400082,-2.3423142,1.2779486,1.8019043541967117,0.0,-54.35618725851736,20956.4208984375,-56.954956245356,11663.818359375,-62.52018857806482,20999.1455078125,153573
2.1193,-2.3426385,1.2737546,2.2756414302803574,0.0,-54.165549837494765,20935.05859375,-56.73749350981207,11663.818359375,-62.35908827170421,20999.1455078125,153593
2.0971305,-2.341513,1.2688301,1.9797705770894567,0.0,-54.09225262532105,20977.783203125,-55.8190432695059,11663.818359375,-61.87948862345345,20956.4208984375,153613
2.0728517,-2.3401418,1.2634051,1.5827135030555894,0.0,-53.849443471972975,20913.6962890625,-55.70902264769684,11642.4560546875,-61.577681407387,21041.8701171875,153633
2.047646,-2.3390896,1.2579237,1.7298674409134331,0.0,-53.63475405119104,20913.6962890625,-55.25427169028093,11663.818359375,-61.501271999326555,21041.8701171875,153653
2.020067,-2.3369346,1.2515789,2.6610042199016775,0.0,-53.64944503966876,20913.6962890625,-55.31480558125179,11706.54296875,-60.98821803995684,20999.1455078125,153673
1.9930348,-2.3365157,1.2458618,2.2413123146740204,0.0,-53.45774801828917,20935.05859375,-55.25903084835881,11706.54296875,-60.99023938972766,20999.1455078125,153693
1.9678416,-2.3354359,1.2403287,1.619542918500725,0.0,-53.181226569813134,20913.6962890625,-54.77553635304854,11663.818359375,-60.63604260512441,20977.783203125,153713
1.9411911,-2.3329034,1.2340571,1.5453883320931117,0.0,-52.995898678047936,20892.333984375,-54.56114933201742,11642.4560546875,-60.862798334526225,21020.5078125,153733
1.9145504,-2.330378,1.2277406,2.2242592099440754,0.0,-52.95303663208618,20913.6962890625,-54.70535526746897,11663.818359375,-60.78900514172574,20956.4208984375,153753
1.8890913,-2.3284047,1.2218736,2.7098151517611164,0.0,-52.85460936777437,20935.05859375,-54.06503548811148,11663.818359375,-60.527956054298116,20977.783203125,153773
1.869038,-2.32748,1.2174296,1.820481831278781,0.0,-52.771176099759735,20935.05859375,-54.071148639956625,11663.818359375,-60.157897719480424,20935.05859375,153793
1.8574158,-2.3275537,1.2150058,2.1556130765239594,0.0,-52.65498219436634,20913.6962890625,-54.23985699733849,11663.818359375,-60.295855098267914,20977.783203125,153833
1.850001,-2.3281293,1.2136233,1.1613589440052055,0.0,-52.643499812813445,20956.4208984375,-54.345061504300105,11685.1806640625,-60.64829106044169,20935.05859375,153853
1.8435068,-2.32839,1.2123325,2.5966258714499713,0.0,-52.696146702217334,20935.05859375,-54.02892888490223,11663.818359375,-60.693907768513895,20935.05859375,153873
1.840297,-2.3294733,1.2119974,1.4149023568475314,0.0,-52.72167411755005,20913.6962890625,-53.88911097823915,11642.4560546875,-60.27065212893491,21041.8701171875,153893
1.8361651,-2.3308618,1.2115666,1.8559231957210613,0.0,-52.747626327568014,20913.6962890625,-54.24798183074642,11621.09375,-59.95789860896643,20977.783203125,153913
1.832033,-2.332249,1.2111316,2.61121265963181,0.0,-52.689599270454785,20913.6962890625,-54.08568796030025,11663.818359375,-59.9363688788229,20999.1455078125,153933
1.8285617,-2.3324456,1.2104588,1.1237266649673852,0.0,-52.57485866436308,20956.4208984375,-53.97091457185108,11685.1806640625,-60.05593406505058,21020.5078125,153953
1.8211459,-2.3329968,1.2090714,2.6475001202436994,0.0,-52.60452775684997,20935.05859375,-53.921930201462985,11642.4560546875,-59.971387474160665,20999.1455078125,153973
1.808597,-2.333338,1.2065805,1.8556984196532853,0.0,-52.35195653697177,20913.6962890625,-53.588155756361964,11621.09375,-60.0386455919364,20956.4208984375,153993
1.7978883,-2.3330803,1.2042828,1.4486900665570104,0.0,-52.09677637846593,20935.05859375,-53.61856503179931,11706.54296875,-59.685506769046874,20977.783203125,154013
1.7923043,-2.333032,1.2031351,2.206818138818947,0.0,-52.04355441416521,20935.05859375,-53.115943581185796,11685.1806640625,-59.59514484204395,20999.1455078125,154033
1.781579,-2.3327947,1.2009138,1.376945198305657,0.0,-51.7661132651174,20935.05859375,-52.75139684358223,11663.818359375,-59.27570204765228,21020.5078125,154053
1.7557021,-2.332863,1.1957787,1.693118556344671,0.0,-51.68062457948398,20935.05859375,-52.87797657026408,11663.818359375,-59.163582243816315,20999.1455078125,154073
1.7213925,-2.3319485,1.1886189,1.9255262069553831,0.0,-51.62855714397105,20935.05859375,-52.85236559145965,11663.818359375,-59.24707465470816,20977.783203125,154093
1.6903888,-2.3318465,1.1823373,1.2970280905938756,0.0,-51.577787608291416,20935.05859375,-52.81790662007528,11663.818359375,-59.12969619629706,20999.1455078125,154113
1.6651882,-2.3307395,1.1768428,2.8419001327589073,0.0,-51.63600716448664,20935.05859375,-52.65559211748629,11642.4560546875,-59.29418443324715,21063.232421875,154133
1.6502646,-2.3300073,1.1735274,1.4713913260299183,0.0,-51.54626777690802,20892.333984375,-52.50969571694181,11642.4560546875,-59.038221058399294,21020.5078125,154153
1.6419266,-2.3309026,1.1720726,2.189257288561967,0.0,-51.62417206561646,20913.6962890625,-52.765168306017486,11706.54296875,-58.87991346365641,21020.5078125,154173
1.6393739,-2.3308005,1.1715051,1.6377647834309272,0.0,-51.59736414923134,20935.05859375,-52.5428766418053,11685.1806640625,-58.93826506572145,20999.1455078125,154213
1.6370853,-2.3315778,1.1712711,2.80998342252232,0.0,-51.48084246890544,20935.05859375,-52.82596908027273,11685.1806640625,-59.157598029474514,20999.1455078125,154233
1.635717,-2.3320441,1.1711317,2.2755895144438893,0.0,-51.566845524656806,20935.05859375,-52.827509792173004,11663.818359375,-59.43301998866566,20999.1455078125,154253
1.6285698,-2.333535,1.1701026,1.5792610557411417,0.0,-51.44408784599889,20956.4208984375,-52.595488088887244,11663.818359375,-59.00869625208188,20999.1455078125,154273
1.61352,-2.3357875,1.1677564,2.6622492856509252,0.0,-51.35815681079161,20935.05859375,-52.35198815453642,11663.818359375,-59.55703506487068,20977.783203125,154293
1.5924158,-2.3381867,1.16422,1.300960393785249,0.0,-51.3266458587845,20913.6962890625,-51.9863809481745,11621.09375,-59.00563277593902,20999.1455078125,154313
1.5707664,-2.338822,1.1600469,2.7596042624104964,0.0,-51.26900806087584,20935.05859375,-52.43627958077176,11663.818359375,-58.718390230248374,20999.1455078125,154333
1.5491115,-2.3394392,1.1559006,1.7445744189005694,0.0,-51.281621452024986,20913.6962890625,-52.42021838533938,11685.1806640625,-58.721359740689174,20999.1455078125,154353
1.533797,-2.3408198,1.1531978,1.4506934763302475,0.0,-51.228997579170695,20892.333984375,-52.38370033856335,11663.818359375,-58.43438128957814,20956.4208984375,154373
1.5263777,-2.341428,1.1518543,2.7295857030659176,0.0,-51.34340473022032,20913.6962890625,-52.341322452612516,11663.818359375,-58.90305592196331,21020.5078125,154393
1.5229031,-2.34165,1.1512061,1.9272722570038558,0.0,-51.285660373284585,20913.6962890625,-52.414328104822445,11642.4560546875,-59.49094626972767,21041.8701171875,154413
1.5203483,-2.3415575,1.1506462,2.6435539295504413,0.0,-51.2783801511421,20935.05859375,-52.42643811005004,11685.1806640625,-58.722626729456444,20999.1455078125,154433
1.5180835,-2.3423345,1.1504228,2.8567552201797715,0.0,-51.24254735195457,20935.05859375,-52.525627551568554,11663.818359375,-58.72883664373931,20999.1455078125,154493
1.5153471,-2.3432705,1.1501534,2.446301481674005,0.0,-51.28695830707115,20935.05859375,-52.232953231972914,11663.818359375,-58.78678140024149,20935.05859375,154533
1.5093722,-2.3452864,1.1495743,1.1844532565906318,0.0,-51.28560439242614,20913.6962890625,-52.078041392721644,11642.4560546875,-58.90963186129679,21084.5947265625,154573
1.5024738,-2.3476026,1.1488975,2.5941499849813217,0.0,-51.279201216282246,20892.333984375,-52.327101536835585,11685.1806640625,-58.749183590552185,21020.5078125,154593
1.4955735,-2.3499112,1.1482143,1.1234022568131017,0.0,-51.19463420983856,20913.6962890625,-52.347807803760475,11706.54296875,-58.744781654662816,21041.8701171875,154613
1.4905174,-2.3516037,1.1477047,2.2614478915508336,0.0,-51.36986531165142,20956.4208984375,-52.19494169902327,11663.818359375,-58.74218362976683,20999.1455078125,154633
1.4863865,-2.3530009,1.1472908,2.069508382850017,0.0,-51.23426571211126,20913.6962890625,-52.261205435686236,11642.4560546875,-58.63793010128173,20977.783203125,154653
1.4749103,-2.3569489,1.1461673,2.594235340565962,0.0,-51.113526858202576,20935.05859375,-52.38304259753586,11685.1806640625,-58.480454941541424,20977.783203125,154673
1.451602,-2.3620932,1.1429963,2.8389748949630795,0.0,-51.05377471447788,20913.6962890625,-52.09260792960373,11685.1806640625,-58.69258289186358,21041.8701171875,154693
1.428558,-2.368111,1.1402038,1.583569006502485,0.0,-51.05301096074152,20935.05859375,-52.02041379017095,11642.4560546875,-58.56572100784143,20977.783203125,154733
1.4080008,-2.372298,1.1373259,1.9960315253337244,0.0,-50.962400113077535,20935.05859375,-52.292406805565754,11685.1806640625,-58.65511367872116,20956.4208984375,154753
1.3877031,-2.377345,1.1348405,2.3770139772222514,0.0,-51.039700469895024,20935.05859375,-52.35714964783027,11706.54296875,-58.40626823649538,20977.783203125,154773
1.365562,-2.383015,1.1322024,2.8100707740820816,0.0,-50.979506674203805,20913.6962890625,-51.994548847619,11642.4560546875,-58.677226570437824,21020.5078125,154793
1.3436949,-2.3895617,1.129868,0.9683372024581837,0.0,-50.90642642976186,20913.6962890625,-51.869076422521374,11621.09375,-58.686789339768666,21020.5078125,154813
1.322732,-2.395752,1.127651,1.1453143120267082,0.0,-50.95023989203648,20913.6962890625,-51.815262470292936,11706.54296875,-58.07831641519236,20977.783203125,154873
1.3017758,-2.4019573,1.125412,1.3394487444849155,0.0,-50.85295206590699,20913.6962890625,-51.92303012174574,11642.4560546875,-58.567412912283096,20977.783203125,154893
1.2798961,-2.4084754,1.1231167,2.478567906998654,0.0,-50.808599594269445,20935.05859375,-52.28322304503722,11685.1806640625,-58.91118325310768,20999.1455078125,154913
1.2580192,-2.4150002,1.1208141,2.594814532288524,0.0,-50.80752505888395,20935.05859375,-52.091262838852835,11685.1806640625,-58.56255794616881,20977.783203125,154933
1.2352208,-2.4218314,1.1184177,2.0349452431623547,0.0,-50.82571613382197,20935.05859375,-52.08381940569833,11663.818359375,-58.24815952997342,20977.783203125,154953
1.2114977,-2.428961,1.1159354,1.1854206018521287,0.0,-50.861179323868015,20935.05859375,-51.692166333269,11642.4560546875,-58.354330840283744,20999.1455078125,154973
1.1877762,-2.4360933,1.1134447,2.903751866366544,0.0,-50.87894254014788,20935.05859375,-52.110151169002464,11685.1806640625,-58.29250480799619,20999.1455078125,154993
1.1643258,-2.4441123,1.1112992,2.627011569613143,0.0,-50.89430137587015,20935.05859375,-52.12055801437866,11706.54296875,-58.394295571425374,20977.783203125,155013
1.1390424,-2.452777,1.1089693,2.068919942372764,0.0,-50.865451164389135,20935.05859375,-51.6645684147166,11685.1806640625,-58.23900830698595,20999.1455078125,155033
1.1121979,-2.4629896,1.106888,2.626982175784485,0.0,-50.80979061736044,20935.05859375,-51.8562807021818,11685.1806640625,-58.406392634925275,20999.1455078125,155093
1.0874718,-2.4734685,1.105344,1.800450491757537,0.0,-50.77716363752855,20935.05859375,-51.81316823323722,11663.818359375,-58.23633469048709,20935.05859375,155113
1.0630225,-2.4848342,1.1041689,1.262581541751662,0.0,-50.77557018044026,20935.05859375,-51.65058269650047,11663.818359375,-58.11008048778105,20999.1455078125,155133
1.0397743,-2.4967728,1.1034096,2.1036995530146028,0.0,-50.719455238565246,20935.05859375,-52.00530088194297,11663.818359375,-58.1235980900247,20935.05859375,155153
1.0174555,-2.508413,1.102746,2.6926234414925885,0.0,-50.716012778936374,20935.05859375,-52.13251236800646,11685.1806640625,-58.8592544009074,21020.5078125,155173
0.99485767,-2.5191786,1.1018245,2.775100573539915,0.0,-50.83081508415263,20935.05859375,-51.970145127155874,11685.1806640625,-58.951541113620245,21020.5078125,155193
0.97134566,-2.5302746,1.1008364,1.2046670519300793,0.0,-51.081876257014116,20935.05859375,-51.85969639149871,11663.818359375,-58.57026682742185,21020.5078125,155213
0.949682,-2.5407486,1.0999535,1.3764900325561658,0.0,-50.74245473479187,20935.05859375,-51.70204216320905,11621.09375,-58.27836260976066,21041.8701171875,155233
0.92838234,-2.5491514,1.098472,2.8062979643679604,0.0,-50.75870155311641,20913.6962890625,-52.00477572038092,11706.54296875,-58.208577906700725,21020.5078125,155253
0.9068126,-2.5566926,1.0966275,1.9967423600569998,0.0,-50.77922158681085,20913.6962890625,-51.909927243935776,11706.54296875,-58.40254646217527,20999.1455078125,155273
0.88615364,-2.563896,1.0948824,2.498555298542383,0.0,-50.79141768699788,20913.6962890625,-51.731074255379056,11663.818359375,-58.52881141251591,21020.5078125,155293
0.86521035,-2.5702004,1.0928054,1.8749146719266756,0.0,-50.86300621681801,20935.05859375,-51.88515166029823,11663.818359375,-58.55687164008878,20999.1455078125,155313
0.842793,-2.575058,1.0899839,2.709298007970726,0.0,-50.78283273688378,20935.05859375,-52.15677003413319,11685.1806640625,-58.77871316092658,21020.5078125,155333
0.82313406,-2.5789473,1.0873718,2.119351813088979,0.0,-50.715794773453204,20935.05859375,-51.87148034887222,11663.818359375,-58.497940592501394,20999.1455078125,155353
0.8043941,-2.5825016,1.0848172,0.928472456388259,0.0,-50.68731344085449,20935.05859375,-51.84465910390753,11663.818359375,-58.55783838969061,20999.1455078125,155373
0.78749514,-2.5854099,1.0823954,1.7662883122766284,0.0,-50.69378696520258,20935.05859375,-51.94942740471877,11663.818359375,-58.31624230477621,20956.4208984375,155393
0.7705923,-2.5883048,1.0799843,1.7809059087681196,0.0,-50.72942108897869,20935.05859375,-52.04838526029107,11663.818359375,-58.48014447520141,20999.1455078125,155413
0.7557992,-2.5914319,1.0780612,1.3543114906115057,0.0,-50.774757986344525,20935.05859375,-52.07598569636105,11727.9052734375,-58.41620871967465,20999.1455078125,155433
0.7398067,-2.5939422,1.0757215,1.1265851569076517,0.0,-50.786054230867855,20913.6962890625,-51.7189345523787,11621.09375,-58.33437431675054,21041.8701171875,155473
0.7219668,-2.597051,1.073223,2.4946825987217296,0.0,-50.783890741380695,20913.6962890625,-52.07175579572826,11685.1806640625,-58.10886355702298,21105.95703125,155493
0.7022747,-2.6007419,1.070573,2.3603873801253967,0.0,-50.79685275207421,20913.6962890625,-51.927361826182796,11685.1806640625,-58.09260678357962,20956.4208984375,155513
0.6828385,-2.605281,1.0682724,1.1059349908914018,0.0,-50.75463464486231,20913.6962890625,-51.75105099190187,11685.1806640625,-58.39940548095307,20999.1455078125,155533
0.6612884,-2.609545,1.0654951,1.4901548224100107,0.0,-50.74325589694524,20913.6962890625,-51.96989917983555,11663.818359375,-58.4747872846874,20956.4208984375,155553
0.6381455,-2.6152823,1.0629408,1.044053108571818,0.0,-50.706188878880994,20935.05859375,-52.249618591363415,11685.1806640625,-58.889730661978064,21020.5078125,155573
0.61381364,-2.620435,1.0599726,2.5777294003324642,0.0,-50.70696954134951,20935.05859375,-51.93734699174825,11685.1806640625,-58.407805734394316,21020.5078125,155593
0.588814,-2.6267328,1.0572327,1.5828415138748555,0.0,-50.7358385852597,20935.05859375,-51.78732928665702,11663.818359375,-58.393915541325,21020.5078125,155613
0.56262463,-2.6324284,1.0540694,1.45313321212194,0.0,-50.759553972692686,20935.05859375,-51.67727926516271,11663.818359375,-58.256574832595405,20977.783203125,155633
0.5364327,-2.638103,1.0508896,2.275980453836367,0.0,-50.69719311877337,20935.05859375,-52.023097765503266,11685.1806640625,-58.48894980520142,20999.1455078125,155653
0.51024055,-2.6437545,1.0476705,0.9437266325986505,0.0,-50.84069413818705,20913.6962890625,-52.178902901507215,11706.54296875,-58.48287529168074,21063.232421875,155673
0.48496443,-2.6490405,1.0444942,2.5304700238372546,0.0,-50.78648127272192,20935.05859375,-51.838661601148516,11642.4560546875,-58.39439335798901,21063.232421875,155693
0.46102723,-2.6518986,1.0407685,2.158305166620352,0.0,-50.89140736798393,20913.6962890625,-51.82924870710831,11685.1806640625,-58.43609519128441,21020.5078125,155713
0.4408039,-2.653514,1.0372938,1.412853280835971,0.0,-50.94826032105506,20913.6962890625,-51.91812645233732,11642.4560546875,-58.63355330155543,21063.232421875,155733
0.42361265,-2.6550748,1.0343623,2.676215328842884,0.0,-50.94217797981223,20935.05859375,-51.946734487754824,11663.818359375,-58.374492938929905,21020.5078125,155753
0.40758675,-2.6571681,1.0318476,1.0268665192766484,0.0,-51.667708349017964,20913.6962890625,-51.89252703941677,11685.1806640625,-58.61970501851734,20977.783203125,155773
0.3917973,-2.6600943,1.0296332,2.498984689549066,0.0,-51.434914411632626,20935.05859375,-52.17143440284165,11642.4560546875,-58.352709356218725,20977.783203125,155793
0.3818108,-2.6621585,1.0283129,2.0336820185137663,0.0,-50.883075526078336,20935.05859375,-52.07454272990457,11642.4560546875,-58.31874651129526,20977.783203125,155813
0.3727482,-2.663898,1.0270686,1.909038739094412,0.0,-50.831730459074684,20935.05859375,-51.76107907662616,11663.818359375,-58.57284223181627,21063.232421875,155853
0.35484508,-2.666316,1.0242757,0.929181512729964,0.0,-50.773636509361744,20935.05859375,-51.59587602925362,11642.4560546875,-58.35335510762058,21020.5078125,155873
0.33530864,-2.6701577,1.0215865,1.8205574325820504,0.0,-50.73662884778028,20913.6962890625,-51.9426168387767,11663.818359375,-58.07771560023083,20977.783203125,155893
0.30830246,-2.6762073,1.0182765,1.1815017931358653,0.0,-50.71477446894448,20935.05859375,-52.013426353186,11706.54296875,-58.29028930315563,21020.5078125,155933
0.27593452,-2.6848202,1.0147974,2.9224197565481704,0.0,-50.85262368688062,20913.6962890625,-51.86732129435435,11685.1806640625,-58.80414547669715,21020.5078125,155953
0.24334797,-2.6925771,1.010954,1.0074863823974625,0.0,-50.79671271049388,20935.05859375,-51.88320744327428,11642.4560546875,-58.709948441945244,21020.5078125,155973
0.21355787,-2.6994836,1.0073301,2.6271933491678108,0.0,-50.892949680817345,20913.6962890625,-52.07450064196636,11685.1806640625,-58.34429653241969,21020.5078125,155993
0.18330735,-2.7084615,1.0042125,2.0320456986063014,0.0,-50.7945718752709,20913.6962890625,-51.95226845445699,11706.54296875,-58.410856073752555,21020.5078125,156013
0.15190056,-2.71685,1.0006821,1.164896424274203,0.0,-50.856565636868226,20935.05859375,-52.103015988515196,11706.54296875,-58.72457767164278,21020.5078125,156033
0.11887121,-2.726707,0.9972802,2.92219218258151,0.0,-50.95934925911657,20935.05859375,-51.98782940990233,11642.4560546875,-58.82929915538626,20999.1455078125,156053
0.085859075,-2.7366192,0.99387157,1.3164448462463205,0.0,-50.81354665112169,20935.05859375,-52.23632289631732,11663.818359375,-58.668945029802295,20977.783203125,156073
0.051001225,-2.7471356,0.9902606,2.594148440559535,0.0,-50.85093651470318,20935.05859375,-52.05506099427162,11685.1806640625,-58.56585716612443,20977.783203125,156093
0.01567718,-2.7558649,0.9859566,1.4898874316889694,0.0,-50.78722037528113,20892.333984375,-51.827180287116846,11663.818359375,-58.40859902922499,20999.1455078125,156113
-0.017803088,-2.7640014,0.981913,1.3200128197011582,0.0,-50.829704656036014,20956.4208984375,-51.73492261897107,11642.4560546875,-58.29573535335826,20956.4208984375,156133
-0.053148903,-2.7727017,0.9777309,2.241547942770674,0.0,-50.82222359590369,20935.05859375,-52.17217862877922,11685.1806640625,-58.14841359855551,20956.4208984375,156153
-0.088031135,-2.7831738,0.974228,1.2382599202321323,0.0,-50.84577333759701,20935.05859375,-52.134213759172425,11706.54296875,-58.531898933991535,20999.1455078125,156173
-0.12292141,-2.7936206,0.9707299,2.329348212540003,0.0,-50.85003404787663,20913.6962890625,-51.865583536568806,11663.818359375,-58.318304371756014,21105.95703125,156193
-0.1573377,-2.805855,0.96784,2.4148752466073637,0.0,-50.89619118618742,20935.05859375,-51.89539490690382,11642.4560546875,-58.287205331614025,21020.5078125,156213
-0.18918179,-2.8163831,0.9648267,0.9661705373365872,0.0,-50.91534496065292,20913.6962890625,-52.08716940823554,11642.4560546875,-58.76009691243567,21105.95703125,156233
-0.21894199,-2.8272245,0.9623729,2.902235244430913,0.0,-50.831579834058346,20913.6962890625,-51.91270626050256,11685.1806640625,-58.2901953917367,20956.4208984375,156253
-0.24310897,-2.8364038,0.9604112,1.8579616907780518,0.0,-50.67742762708859,20935.05859375,-51.78320984023598,11663.818359375,-58.18981737087782,20999.1455078125,156293
-0.26262778,-2.84418,0.95893025,2.727889304674159,0.0,-50.76751700841903,20935.05859375,-52.089463319113506,11642.4560546875,-58.24794778739033,20999.1455078125,156313
-0.28029603,-2.8513803,0.9576774,2.6927210991053547,0.0,-50.749325107206,20935.05859375,-52.187985583489294,11663.818359375,-58.687857505886086,20977.783203125,156333
-0.29912946,-2.8579586,0.95599467,2.085877542732599,0.0,-50.77387597585425,20913.6962890625,-51.91309658009935,11663.818359375,-58.71540088872324,20999.1455078125,156353
-0.31587473,-2.8648612,0.9548302,1.2239840988326884,0.0,-50.81947308614538,20935.05859375,-51.79454250751063,11642.4560546875,-58.356219113509404,20977.783203125,156373
-0.33355856,-2.872024,0.9535815,1.6564024433124855,0.0,-50.823644531089904,20913.6962890625,-51.97825037334759,11663.818359375,-58.262730766188014,20977.783203125,156393
-0.35240754,-2.8785574,0.95189816,2.626757076749453,0.0,-50.85026963507036,20913.6962890625,-52.016254285378196,11706.54296875,-58.293874519746545,21020.5078125,156413
-0.37102953,-2.8859723,0.95051867,0.9652642455348877,0.0,-50.857031312173966,20913.6962890625,-52.06522864209095,11706.54296875,-58.31609039909735,20999.1455078125,156433
-0.3873106,-2.8907757,0.94873524,2.8266149143776307,0.0,-50.932306193751565,20913.6962890625,-51.95140421157219,11685.1806640625,-58.91287708758593,21020.5078125,156453
-0.40057924,-2.8956254,0.94758433,1.6753558744559016,0.0,-50.87300392948671,20913.6962890625,-51.9059491628861,11642.4560546875,-58.61544313131258,21020.5078125,156473
-0.4131473,-2.8992891,0.94619894,1.8350352119738156,0.0,-50.791714141913076,20913.6962890625,-52.104290420192086,11685.1806640625,-58.173178955499196,20977.783203125,156493
-0.4247866,-2.9026637,0.94489753,2.676712951650504,0.0,-50.85322685231098,20935.05859375,-51.88621515165721,11663.818359375,-58.41478918047962,21020.5078125,156513
-0.43478516,-2.9045877,0.9434619,1.357887105977313,0.0,-50.84126554103179,20935.05859375,-51.69055851970445,11663.818359375,-58.281179566190495,20999.1455078125,156533
-0.44456866,-2.9073887,0.94235796,2.761268316777824,0.0,-50.81382746577795,20935.05859375,-51.92533519410223,11599.7314453125,-58.51441999032862,20999.1455078125,156553
-0.45363858,-2.9090228,0.94102687,1.8175386318731732,0.0,-50.89895426075556,20935.05859375,-52.136449375821144,11663.818359375,-58.59096214863189,20956.4208984375,156573
-0.4615606,-2.9112747,0.9401323,2.5776346765780893,0.0,-50.895635725438346,20913.6962890625,-51.964202622081956,11685.1806640625,-58.52007707415264,20977.783203125,156593
-0.47041863,-2.9137862,0.9391418,1.471229746463033,0.0,-50.97279542215879,20935.05859375,-51.895846388683836,11663.818359375,-58.764978800897545,20977.783203125,156613
-0.48301494,-2.9173517,0.93775684,1.0282041745457131,0.0,-51.02261039199482,20913.6962890625,-51.76231422405047,11642.4560546875,-58.67997047666107,20999.1455078125,156633
-0.49747714,-2.9214435,0.9361432,2.377130368294964,0.0,-50.95192325456522,20913.6962890625,-52.10251858280883,11706.54296875,-58.30453057437059,21041.8701171875,156653
-0.50985396,-2.9259033,0.93505883,2.3595927706259494,0.0,-50.95453943219294,20913.6962890625,-51.93510464361932,11685.1806640625,-58.460250577232664,21020.5078125,156673
-0.52129656,-2.9301,0.93407816,1.2045356866493653,0.0,-50.844025059032106,20913.6962890625,-51.97180527896309,11663.818359375,-58.72154954486799,20999.1455078125,156693
-0.5289996,-2.9332457,0.93348646,1.281929217492363,0.0,-50.849736680640795,20935.05859375,-51.94268815167898,11663.818359375,-59.12874674720576,21020.5078125,156713
-0.53318596,-2.9344373,0.93299466,1.0444207069720728,0.0,-50.77809046277104,20956.4208984375,-52.1774438365218,11663.818359375,-58.8298557485616,21105.95703125,156733
-0.53529155,-2.9359903,0.93305475,2.3769149989824307,0.0,-50.85642397411856,20935.05859375,-51.94176487738491,11685.1806640625,-58.60968084004605,20999.1455078125,156753
-0.53667915,-2.936386,0.9328901,1.6560054373281377,0.0,-50.80733912835874,20935.05859375,-51.818481693091144,11663.818359375,-58.30243017249737,20999.1455078125,156773
-0.5401721,-2.9383357,0.9327898,2.9032247506713045,0.0,-50.84029702836263,20913.6962890625,-52.044681971581106,11685.1806640625,-58.77431767035594,20956.4208984375,156813
-0.54837286,-2.943539,0.93280697,2.6435121698379316,0.0,-50.758461054651995,20913.6962890625,-52.15735984953191,11685.1806640625,-58.71866351887489,20999.1455078125,156833
-0.56172734,-2.9521391,0.93289787,2.3113163479372716,0.0,-50.884165104847845,20935.05859375,-51.881401674524895,11663.818359375,-58.36986417924432,21041.8701171875,156853
-0.5767139,-2.962187,0.9331477,1.2048469008285154,0.0,-50.91908391549906,20913.6962890625,-51.95822143434806,11663.818359375,-58.297935650627146,21020.5078125,156873
-0.58912164,-2.9705403,0.9333292,1.1434273422791046,0.0,-50.88044451503108,20913.6962890625,-52.12578418192092,11642.4560546875,-58.57325355490025,21063.232421875,156893
-0.59450406,-2.9749687,0.93362904,2.6599355233216535,0.0,-50.91070003045873,20913.6962890625,-52.04368292033695,11663.818359375,-58.72044039284397,21020.5078125,156913
-0.5958679,-2.975365,0.9334724,2.4965611057134955,0.0,-50.85849821286301,20913.6962890625,-52.09104437631561,11663.818359375,-58.527473882032496,20977.783203125,156973
-0.5948922,-2.9750793,0.9335851,1.563942610331956,0.0,-50.870048201102954,20935.05859375,-51.940442614104356,11642.4560546875,-58.12353226681392,21020.5078125,157053
-0.5962559,-2.975477,0.93343043,2.0170814826614856,0.0,-50.92478143139387,20913.6962890625,-52.03940538632,11642.4560546875,-58.66537108827784,21020.5078125,157133
-0.5976198,-2.975874,0.9332759,1.0480904363440342,0.0,-50.959650830771224,20935.05859375,-51.81785545008811,11663.818359375,-58.31168463978607,20977.783203125,157193
-0.59898406,-2.97627,0.93312275,2.4946568560803772,0.0,-50.93575476708133,20935.05859375,-52.20143776175398,11685.1806640625,-58.526398410645996,20999.1455078125,157253
-0.6003485,-2.976666,0.9329701,2.2930693316796766,0.0,-51.02905861229203,20935.05859375,-52.23496523568552,11663.818359375,-58.29731823460375,20999.1455078125,157313
-0.6017126,-2.9770622,0.9328162,2.890738354653886,0.0,-51.050056946568546,20935.05859375,-52.1489530238332,11642.4560546875,-58.533822509351616,21020.5078125,157373
-0.60307693,-2.9774585,0.9326638,1.8916005765977277,0.0,-51.01500001807448,20935.05859375,-52.015268007614694,11663.818359375,-58.48342404864468,20999.1455078125,157433
-0.6044417,-2.9778543,0.93251425,2.6270434834295515,0.0,-51.09400648672096,20935.05859375,-52.37093024155665,11685.1806640625,-58.641766439502454,20999.1455078125,157493
-0.6058066,-2.9782503,0.9323656,0.9662375365234182,0.0,-51.174083724693766,20913.6962890625,-52.264562247384944,11642.4560546875,-58.79425789179563,21084.5947265625,157553
-0.60717154,-2.9786463,0.9322181,1.2819501080685372,0.0,-51.09181316703891,20935.05859375,-52.07721744845319,11642.4560546875,-58.4803404828137,20999.1455078125,157613
-0.6085364,-2.9790423,0.9320705,1.2612069132177206,0.0,-51.10379086070003,20935.05859375,-52.18393571467642,11642.4560546875,-58.362405533845994,20977.783203125,157713
-0.60990125,-2.9794385,0.93192273,1.4710760101054552,0.0,-51.12639386982131,20935.05859375,-52.20719354282398,11663.818359375,-58.40609728218653,20999.1455078125,157793
-0.6112661,-2.9798346,0.9317748,1.4898783763254664,0.0,-51.10741494233014,20956.4208984375,-51.98751146048197,11663.818359375,-58.3403474632384,20977.783203125,157853
-0.61263096,-2.98023,0.931626,2.5448440048292573,0.0,-51.08934997289911,20913.6962890625,-52.44607626876107,11706.54296875,-58.624576388557514,20999.1455078125,157913
-0.6139959,-2.9806256,0.9314776,2.2936434617294506,0.0,-51.19508609528481,20913.6962890625,-52.25689996479056,11642.4560546875,-58.84176864407158,21020.5078125,157973
-0.61536086,-2.9810212,0.9313291,1.3006272198395428,0.0,-51.04222429835226,20935.05859375,-52.0970306417305,11663.818359375,-58.685276668627615,20977.783203125,158033
-0.6167258,-2.9814167,0.93118083,2.7596072134512255,0.0,-51.1197276819655,20956.4208984375,-52.126395110131,11685.1806640625,-58.699754944293836,21020.5078125,158093
-0.61809075,-2.9818125,0.93103284,2.725207558098713,0.0,-51.075318249564,20913.6962890625,-52.18118790163584,11685.1806640625,-58.5160956053914,21084.5947265625,158153
-0.6194559,-2.982208,0.9308861,1.7827860403269888,0.0,-51.070078731254,20913.6962890625,-52.37018324894671,11642.4560546875,-58.94177512649169,21020.5078125,158213
-0.62082076,-2.9826043,0.9307383,1.0087424886933902,0.0,-51.052389204643575,20935.05859375,-51.880347303420145,11599.7314453125,-58.659044482939336,20999.1455078125,158273
-0.62218535,-2.9830012,0.9305896,1.2014027161666214,0.0,-51.07570406340006,20935.05859375,-52.25075916386368,11685.1806640625,-58.54588846468177,20977.783203125,158333
-0.62355024,-2.983398,0.93044245,2.0142316389449952,0.0,-51.07164102971887,20913.6962890625,-52.40297767654654,11685.1806640625,-58.16392419509458,20977.783203125,158393
-0.62491494,-2.983795,0.9302951,1.601682679134773,0.0,-51.02751839969601,20935.05859375,-52.27907025499351,11642.4560546875,-58.34060202339971,20977.783203125,158453
-0.6262796,-2.9841924,0.9301484,1.433486348323725,0.0,-51.052979135820074,20935.05859375,-52.08531747432825,11642.4560546875,-58.623660384728005,21063.232421875,158513
-0.62764454,-2.9845893,0.93000364,2.4615412748423133,0.0,-51.08781636141785,20913.6962890625,-52.25437722854565,11706.54296875,-58.396158446673816,21020.5078125,158573
-0.62900925,-2.9849865,0.9298575,2.3779472059747944,0.0,-51.05748388755404,20935.05859375,-52.39443026188427,11663.818359375,-58.867061926268406,20999.1455078125,158633
-0.6303737,-2.9853842,0.9297107,1.3196783135307588,0.0,-51.05464077522111,20935.05859375,-52.26470994899447,11621.09375,-58.528994306800975,20956.4208984375,158693
-0.63173795,-2.9857826,0.92956334,1.7295311503226305,0.0,-51.19108759396905,20956.4208984375,-52.055636279469496,11642.4560546875,-58.71935500311804,20999.1455078125,158753
-0.63310194,-2.9861817,0.92941535,2.643651618781861,0.0,-51.11459831474405,20913.6962890625,-52.11815311144064,11685.1806640625,-58.94469090441244,21020.5078125,158813
-0.6344656,-2.986581,0.9292657,1.8203293203609638,0.0,-51.110759046181904,20935.05859375,-52.23398753191316,11642.4560546875,-58.601591398017035,20999.1455078125,158873
-0.63582927,-2.9869804,0.9291157,1.243482845636013,0.0,-51.01806363622459,20913.6962890625,-51.879341651787165,11642.4560546875,-58.50779221005627,20977.783203125,158933
-0.63719314,-2.9873796,0.928967,2.1198698913438605,0.0,-51.1059548645002,20913.6962890625,-52.328943947381546,11706.54296875,-58.650428432450504,20956.4208984375,158993
-0.638557,-2.9877791,0.92881876,2.6105186262894513,0.0,-51.07877222236941,20913.6962890625,-52.24599673938431,11685.1806640625,-58.55818113851241,21020.5078125,159053
-0.6399207,-2.9881792,0.92867094,2.646477634299525,0.0,-51.088926489051715,20935.05859375,-52.23445207791984,11663.818359375,-58.51664214884114,20999.1455078125,159113
-0.6412845,-2.988579,0.9285234,1.3202616513515224,0.0,-51.05552837555446,20913.6962890625,-52.11198617163052,11642.4560546875,-58.3858516966597,21020.5078125,159173
-0.64264786,-2.9889798,0.92837435,1.4528912998123373,0.0,-51.088543997722184,20935.05859375,-52.01170597239819,11663.818359375,-58.25057152502151,21020.5078125,159253
-0.64401126,-2.9893806,0.9282257,2.4614839475123977,0.0,-50.999819826951274,20956.4208984375,-52.22599090542255,11685.1806640625,-58.232868441362974,21041.8701171875,159313
-0.64537436,-2.9897823,0.92807615,2.3601713174610124,0.0,-51.015654835771045,20913.6962890625,-52.296448951605555,11706.54296875,-58.43020190099323,20999.1455078125,159373
-0.6467375,-2.990184,0.9279271,1.3009030882744104,0.0,-51.13681020504934,20935.05859375,-52.19012059612524,11663.818359375,-58.495945464778345,20999.1455078125,159433
-0.6481006,-2.990586,0.927778,1.7118786886883521,0.0,-51.0844835890477,20935.05859375,-51.98726253942712,11663.818359375,-58.697823092194014,20977.783203125,159493
-0.6494638,-2.990988,0.9276296,1.2191536976373976,0.0,-51.104133638842015,20935.05859375,-52.40878604127715,11706.54296875,-58.79888559865727,21063.232421875,159553
-0.6508269,-2.99139,0.92748076,1.143275697456076,0.0,-51.14188171199218,20913.6962890625,-52.32197197929325,11663.818359375,-58.468906936224855,20977.783203125,159613
-0.65218997,-2.991792,0.9273318,1.2816939829410667,0.0,-51.088882246836924,20913.6962890625,-52.03186935827119,11663.818359375,-58.12178488580229,21063.232421875,159673
-0.6535532,-2.992194,0.92718387,2.343884219329805,0.0,-51.04280350456945,20935.05859375,-52.134710283972964,11685.1806640625,-58.64790343758023,20977.783203125,159733
-0.6549165,-2.9925952,0.92703664,2.4276303582769936,0.0,-51.09301295828833,20913.6962890625,-52.312399471686476,11685.1806640625,-58.3692188489914,21020.5078125,159793
-0.6562801,-2.9929965,0.92689085,2.192685656384134,0.0,-51.183782075954824,20935.05859375,-52.16368399049341,11663.818359375,-58.49982605746658,20999.1455078125,159853
-0.65764356,-2.9933984,0.92674494,1.7663625108784755,0.0,-51.03747467615098,20935.05859375,-52.039568025932255,11663.818359375,-58.368657091345554,20892.333984375,159913
-0.65900666,-2.9938009,0.9265975,1.1021208412931125,0.0,-51.07970664342719,20956.4208984375,-52.448061998365105,11706.54296875,-58.518385370924534,21020.5078125,159973
-0.6603697,-2.9942036,0.9264499,1.3559492105156226,0.0,-51.15179887524032,20913.6962890625,-52.25547480619535,11642.4560546875,-58.24779606415959,21020.5078125,160033
-0.6617332,-2.9946053,0.92630464,1.3767173215048811,0.0,-51.19447069343891,20913.6962890625,-52.07313492344885,11663.818359375,-58.36867888161747,20977.783203125,160093
-0.663097,-2.9950066,0.9261609,2.773926910974016,0.0,-51.073235352346586,20913.6962890625,-52.268933115915,11685.1806640625,-58.47787316023641,20977.783203125,160153
-0.6644608,-2.9954078,0.92601717,2.7589428358458075,0.0,-51.05570334699837,20935.05859375,-52.41467657351757,11663.818359375,-58.29239247100024,20956.4208984375,160213
-0.6658248,-2.995809,0.9258747,1.2240742266561426,0.0,-51.06577800926003,20913.6962890625,-52.2128122844536,11663.818359375,-58.562725739250965,21020.5078125,160273
-0.66718864,-2.9962103,0.92573196,0.9662171454307512,0.0,-51.02805849764125,20913.6962890625,-52.183298930356884,11685.1806640625,-58.76010671098491,21020.5078125,160333
-0.6685526,-2.9966116,0.9255895,1.391355572125668,0.0,-51.07437708323428,20935.05859375,-52.36356331149727,11685.1806640625,-58.48178992667671,20977.783203125,160393
-0.6699163,-2.997013,0.925446,1.9460184540805696,0.0,-51.10228291030894,20935.05859375,-52.25526455466315,11642.4560546875,-58.24897508009685,20999.1455078125,160453
-0.6712801,-2.9974148,0.92530334,2.7128441166496566,0.0,-51.1201607514796,20913.6962890625,-52.11323992299324,11663.818359375,-59.020632130000344,21084.5947265625,160513
-0.6726438,-2.9978168,0.9251607,2.5778138233195906,0.0,-51.07349532282247,20935.05859375,-52.134322897672554,11685.1806640625,-58.73555197148632,21020.5078125,160573
-0.67400753,-2.9982185,0.92501837,1.672782036982636,0.0,-51.06628640469657,20935.05859375,-52.351736170103386,11663.818359375,-58.73518238575588,20999.1455078125,160633
-0.67537093,-2.9986207,0.92487407,1.0082653008658466,0.0,-51.14605925267172,20913.6962890625,-51.97335354020793,11642.4560546875,-58.80008987859131,21041.8701171875,160693
