1.9973432,-2.5758085,1.3909124,2.8908018407439218,0.0,-51.0457064674475,20913.6962890625,-51.976822636374756,11663.818359375,-58.610635970573284,21020.5078125,347601
1.9959587,-2.5760922,1.3907027,2.479505377019624,0.0,-51.02467972482562,20913.6962890625,-52.075775548858935,11706.54296875,-58.59646154402341,20999.1455078125,347661
1.9945743,-2.5763762,1.3904923,1.0233312165745538,0.0,-51.00164860952649,20935.05859375,-52.23953889029175,11685.1806640625,-58.27725726222803,20977.783203125,347721
1.9931899,-2.5766602,1.3902808,1.339246027563041,0.0,-50.942786752227605,20935.05859375,-52.02255955986939,11642.4560546875,-58.35676013122912,20956.4208984375,347781
1.991806,-2.5769446,1.3900679,2.480558949402189,0.0,-50.913129593306735,20935.05859375,-51.98049337589977,11663.818359375,-58.68681143430177,21020.5078125,347841
1.990422,-2.5772293,1.3898555,2.8865660386952503,0.0,-51.03898303414768,20913.6962890625,-52.18350000795552,11685.1806640625,-58.08402938557699,21020.5078125,347901
1.9890375,-2.5775135,1.3896458,2.035841551474093,0.0,-51.009249518852755,20913.6962890625,-51.94743130218718,11642.4560546875,-58.41155627767134,20999.1455078125,347961
1.9876529,-2.5777981,1.3894373,1.0064633326183243,0.0,-51.02486378818892,20913.6962890625,-52.017274635524295,11706.54296875,-58.424108988750866,21041.8701171875,348021
1.9862684,-2.5780833,1.3892285,1.4103908398088614,0.0,-50.95427950370117,20935.05859375,-52.23859492575741,11685.1806640625,-58.27611275515102,20999.1455078125,348081
1.9848843,-2.578369,1.3890185,1.262255618989182,0.0,-50.92706936809752,20935.05859375,-52.17204396955683,11642.4560546875,-58.63380155689918,20999.1455078125,348141
1.9835004,-2.578655,1.3888074,2.793550025378159,0.0,-50.94145374195215,20935.05859375,-51.894054363631135,11663.818359375,-58.57966428296206,20956.4208984375,348201
1.9821163,-2.5789409,1.3885969,1.8170287855827727,0.0,-50.976280731170085,20935.05859375,-52.37744349791316,11706.54296875,-58.95759098420846,21041.8701171875,348261
1.9807323,-2.579227,1.3883864,1.318277547809839,0.0,-51.024918619930986,20913.6962890625,-52.13496709182019,11663.818359375,-57.953987958259496,20977.783203125,348321
1.9793482,-2.5795124,1.3881761,1.3189242602597615,0.0,-51.03628067782883,20913.6962890625,-51.94833236353412,11663.818359375,-58.60503602397746,21041.8701171875,348381
1.9779638,-2.5797977,1.3879668,2.5109807609711092,0.0,-50.986089724091535,20913.6962890625,-52.0976224300278,11685.1806640625,-58.480627890102035,21020.5078125,348441
1.9765794,-2.5800831,1.3877581,1.2613724644991453,0.0,-50.991300315663594,20913.6962890625,-52.076535361902145,11642.4560546875,-58.623024280144264,20977.783203125,348501
1.9751952,-2.580368,1.3875483,2.0346149893670367,0.0,-51.03814602193384,20935.05859375,-51.918692676850924,11685.1806640625,-58.53364879214247,21041.8701171875,348561
1.9738109,-2.580653,1.3873378,2.5775446942053444,0.0,-51.00170391939544,20935.05859375,-52.221409406074514,11685.1806640625,-58.4304795991046,20999.1455078125,348621
1.9724265,-2.5809376,1.3871278,1.2235048433613749,0.0,-50.920265759656935,20913.6962890625,-51.979059454006105,11642.4560546875,-58.47417189296977,20956.4208984375,348681
1.9710419,-2.5812225,1.3869194,2.312169373718989,0.0,-50.97856336144864,20913.6962890625,-51.9877303929394,11663.818359375,-58.800962068219434,21020.5078125,348741
1.9696572,-2.5815072,1.3867121,2.626949813137368,0.0,-51.08155231111927,20913.6962890625,-52.050292262955686,11663.818359375,-58.45784233108226,21020.5078125,348801
1.9682726,-2.5817919,1.3865037,1.412837455315741,0.0,-50.97721731666401,20913.6962890625,-52.163161564107014,11642.4560546875,-58.81877186785673,21020.5078125,348861
1.9664041,-2.5821762,1.3862208,2.8397927859670355,0.0,-51.01220563430444,20913.6962890625,-52.014217902160084,11685.1806640625,-58.372552292282634,20999.1455078125,348901
1.9650195,-2.5824609,1.3860121,2.5287529837532183,0.0,-50.98334922655493,20935.05859375,-52.21978077915128,11642.4560546875,-58.714816427390055,20977.783203125,348961
1.9636347,-2.582746,1.3858055,1.9474055769672118,0.0,-51.0035861109573,20935.05859375,-51.84131571242028,11642.4560546875,-58.52799077674439,21020.5078125,349021
1.96225,-2.5830314,1.3855989,2.5116361708428334,0.0,-50.99449568241903,20913.6962890625,-52.25127690403415,11706.54296875,-58.76005557376217,21063.232421875,349081
1.9608656,-2.583317,1.3853898,2.1544120993027933,0.0,-51.07591137189569,20913.6962890625,-52.22411713318637,11685.1806640625,-58.328720839342424,20999.1455078125,349141
1.959481,-2.583602,1.385181,2.3285821234821813,0.0,-51.03631311693887,20913.6962890625,-52.14849298231325,11663.818359375,-58.63740045163398,20999.1455078125,349221
1.9580966,-2.5838866,1.3849715,1.3962264504421997,0.0,-51.01059554695362,20935.05859375,-51.745042378828245,11663.818359375,-58.41190851003762,20956.4208984375,349281
1.9567119,-2.58417,1.3847626,2.6765548319435197,0.0,-50.92215623412557,20935.05859375,-52.19427040565061,11685.1806640625,-58.84869271781872,21020.5078125,349341
1.9553044,-2.5844572,1.3845491,2.61466690448691,0.0,-50.957893959214395,20935.05859375,-51.98967634380562,11642.4560546875,-58.77745184353459,21020.5078125,349361
1.9518939,-2.584211,1.3837192,2.5940573951869172,0.0,-50.97806378253945,20913.6962890625,-52.10701789391286,11685.1806640625,-58.34450904566458,20999.1455078125,349421
1.9495401,-2.5846848,1.3833565,0.9266027830982081,0.0,-50.89729845341718,20892.333984375,-51.97328266355467,11685.1806640625,-58.30075259486375,21020.5078125,349441
1.9470537,-2.5842454,1.3826683,1.3395331409902191,0.0,-50.9870967190314,20913.6962890625,-51.936629101583385,11663.818359375,-58.59864040101861,21063.232421875,349461
1.9426738,-2.584174,1.3816931,1.2999559138253345,0.0,-50.99804016214052,20913.6962890625,-51.916427612722515,11621.09375,-58.47563036334173,21020.5078125,349481
1.9362668,-2.5835402,1.380126,1.0824865763380427,0.0,-50.966179251952575,20913.6962890625,-52.083674626241674,11685.1806640625,-58.331661881926095,21020.5078125,349501
1.9279649,-2.58325,1.3782727,2.918667455980477,0.0,-50.914274997572576,20913.6962890625,-51.91145735773976,11685.1806640625,-58.30335919743141,20999.1455078125,349521
1.9207373,-2.5836785,1.3768797,1.1847143360123438,0.0,-50.86679982398928,20935.05859375,-51.8304537825923,11685.1806640625,-58.426177638605594,20977.783203125,349541
1.9152865,-2.5828342,1.3754382,1.2434677944205759,0.0,-50.79937073286088,20935.05859375,-51.922240599093364,11663.818359375,-58.43275042636198,20977.783203125,349561
1.9125613,-2.5805411,1.3741026,1.872709714036602,0.0,-50.92382487018415,20935.05859375,-52.04706950527936,11663.818359375,-58.72426629421075,20977.783203125,349581
1.909718,-2.577328,1.3724505,1.0432170021673322,0.0,-50.839941308675606,20935.05859375,-51.923610122559865,11685.1806640625,-58.343975824201486,20999.1455078125,349601
1.9037924,-2.572797,1.369741,2.8406427939565324,0.0,-50.81327495095949,20935.05859375,-51.76809077292099,11663.818359375,-58.39722913025422,20999.1455078125,349621
1.8873962,-2.55325,1.359856,2.086575376214582,0.0,-50.78923971695873,20935.05859375,-51.92265447682458,11685.1806640625,-58.494286466178764,20977.783203125,349661
1.8649685,-2.5216227,1.3445593,2.2571763461111507,0.0,-50.85803693984467,20956.4208984375,-52.06252231793637,11685.1806640625,-58.70368204262651,20977.783203125,349681
1.8401005,-2.483818,1.3266375,1.0648457795371957,0.0,-50.8921046446951,20935.05859375,-51.88796178197137,11663.818359375,-58.5465949938485,20977.783203125,349701
1.8201936,-2.446071,1.309844,2.8747560262551533,0.0,-50.811362150965074,20935.05859375,-51.75882089700558,11663.818359375,-58.44308166753009,21020.5078125,349721
1.8048065,-2.4140906,1.2959468,1.2233159361747177,0.0,-50.865173613178534,20935.05859375,-51.648688029302214,11621.09375,-58.77361336412173,21020.5078125,349741
1.7939786,-2.388822,1.2852695,2.1018383345377405,0.0,-50.85114552935171,20935.05859375,-52.00364692755984,11685.1806640625,-58.019534448988345,20956.4208984375,349761
1.7876196,-2.3693583,1.2774616,2.477976713008522,0.0,-50.825491185834494,20935.05859375,-51.94560345000908,11706.54296875,-58.40129651756662,21020.5078125,349781
1.7824031,-2.351576,1.2704475,1.1056930446079,0.0,-50.82504429779081,20913.6962890625,-51.69492793346237,11685.1806640625,-58.14768504918119,20999.1455078125,349801
1.7750969,-2.3322728,1.2624642,2.8908722492845835,0.0,-50.82450077618241,20913.6962890625,-51.83147278193658,11663.818359375,-58.50188899702474,21020.5078125,349821
1.7644838,-2.3088474,1.2523807,1.4686773528156485,0.0,-50.79570416273229,20913.6962890625,-51.98577022965314,11642.4560546875,-58.6755440928895,21063.232421875,349841
1.7464345,-2.2782505,1.2382001,2.577399203152691,0.0,-50.77002717397334,20913.6962890625,-51.95291939047286,11685.1806640625,-58.41642359094998,21020.5078125,349861
1.7237643,-2.2400403,1.2204014,2.5793120531347293,0.0,-50.86706114373296,20935.05859375,-51.86247140044516,11685.1806640625,-58.41240351252856,20977.783203125,349881
1.7028276,-2.199725,1.2021836,0.9286377395136759,0.0,-50.801208416691296,20913.6962890625,-51.745518072060655,11685.1806640625,-58.16943967493772,20999.1455078125,349901
1.6879525,-2.1621568,1.1862339,2.8736239583939533,0.0,-50.72054891798379,20913.6962890625,-51.95322052917739,11663.818359375,-58.57829141065844,20999.1455078125,349921
1.6775668,-2.1313014,1.1735691,1.5608851863082478,0.0,-50.80269004692287,20935.05859375,-52.28174918722465,11685.1806640625,-58.87636650728068,20999.1455078125,349941
1.6726407,-2.1069963,1.1643322,1.5421903085379145,0.0,-50.85032434323762,20913.6962890625,-51.895027251444006,11685.1806640625,-58.655960294215355,20999.1455078125,349961
1.6703551,-2.0896952,1.1580431,2.728203790225786,0.0,-50.81187521789202,20956.4208984375,-51.77879738731299,11642.4560546875,-58.271246378463914,20999.1455078125,349981
1.6689265,-2.0806234,1.1547049,0.9490890176168331,0.0,-50.784487569548496,20935.05859375,-51.69568020287417,11642.4560546875,-58.541773511800834,20935.05859375,350001
1.6688377,-2.075056,1.1528237,2.4293395025086744,0.0,-50.77595184289517,20913.6962890625,-52.086149051328825,11685.1806640625,-58.369167502147576,20999.1455078125,350021
1.6670388,-2.0716212,1.1513017,1.942461586646223,0.0,-50.815491852316875,20935.05859375,-52.16964903530912,11685.1806640625,-58.551686381207055,20999.1455078125,350041
1.6623842,-2.0686333,1.1493436,1.202332106243442,0.0,-50.867863789969775,20935.05859375,-51.84294189418865,11685.1806640625,-58.652796504102504,20999.1455078125,350061
1.6556443,-2.0641031,1.1464379,1.4155280388979508,0.0,-50.80811720390824,20935.05859375,-51.74674985789757,11663.818359375,-58.20401326540474,21041.8701171875,350081
1.6477811,-2.0578794,1.1427214,1.280482853684795,0.0,-50.89226131620272,20935.05859375,-51.75913469988804,11621.09375,-58.37144897738169,20977.783203125,350101
1.638637,-2.0481145,1.1375417,2.545144418042131,0.0,-50.841361754099175,20913.6962890625,-51.94059525732776,11706.54296875,-58.582147468449065,21020.5078125,350141
1.6294181,-2.037421,1.1320391,1.028016295361203,0.0,-50.921259157152676,20935.05859375,-51.7574280502794,11663.818359375,-58.3994266492832,21020.5078125,350161
1.621087,-2.025655,1.1263585,2.8748247318082214,0.0,-50.84755586805773,20913.6962890625,-51.829258834954466,11663.818359375,-58.514523216746156,21041.8701171875,350181
1.6070207,-2.0035903,1.1159762,1.853000684205128,0.0,-50.77693757014253,20935.05859375,-51.86733243445335,11685.1806640625,-58.56781194315807,21020.5078125,350221
1.5915365,-1.9761615,1.1034609,2.7755129881643676,0.0,-50.83534046483451,20935.05859375,-51.8580067387414,11706.54296875,-58.4042411638574,21020.5078125,350241
1.5745683,-1.942452,1.0884757,1.3964788981661056,0.0,-50.764843268705974,20935.05859375,-51.689246524975246,11663.818359375,-58.398340053705425,20977.783203125,350261
1.5575223,-1.9078121,1.0731921,2.66272677524608,0.0,-50.80458299700777,20913.6962890625,-51.90284280200114,11663.818359375,-58.59709171237572,20956.4208984375,350281
1.5425519,-1.8747149,1.0588906,2.1013575649417997,0.0,-50.92115216795186,20935.05859375,-52.223802735628354,11685.1806640625,-58.99562853617092,21020.5078125,350301
1.5300658,-1.8477368,1.0472076,2.6605150025913185,0.0,-50.80906574485038,20935.05859375,-51.91718305986545,11685.1806640625,-58.69206570028017,21020.5078125,350321
1.5199766,-1.8259597,1.0378293,2.890218279065499,0.0,-50.951122714371884,20935.05859375,-51.854102755662254,11663.818359375,-58.559592210482556,21041.8701171875,350341
1.51211,-1.8075752,1.0300632,1.3774740813138373,0.0,-50.853481596343855,20935.05859375,-51.67058785650318,11642.4560546875,-58.82379312319994,20999.1455078125,350361
1.5054326,-1.7918077,1.0234209,1.8727402702644151,0.0,-50.9279403989465,20935.05859375,-52.099957737038345,11685.1806640625,-58.00335907662792,20999.1455078125,350381
1.4988374,-1.7769538,1.0171082,2.610499536076486,0.0,-50.913279935146896,20913.6962890625,-52.02752532220593,11685.1806640625,-58.54898127092956,20999.1455078125,350401
1.4912993,-1.762229,1.0106469,0.906448385488856,0.0,-50.90960743272944,20913.6962890625,-51.85220271978288,11685.1806640625,-58.2996805371681,21020.5078125,350421
1.4809126,-1.747888,1.003755,1.3775868156079722,0.0,-50.84215804178974,20892.333984375,-51.933256290263955,11642.4560546875,-58.331646801618135,20999.1455078125,350441
1.469435,-1.7318283,0.99607295,1.507711629226892,0.0,-50.897482583931016,20913.6962890625,-51.852951608841224,11642.4560546875,-58.69122030805709,21041.8701171875,350461
1.4557724,-1.7123531,0.9867716,2.806749052035953,0.0,-50.8989696133877,20892.333984375,-51.96957548215438,11685.1806640625,-58.31546338533873,20999.1455078125,350501
1.4368714,-1.6871027,0.97436935,2.6314526267275546,0.0,-50.833183730872804,20913.6962890625,-51.90616716442384,11663.818359375,-58.729311080897475,21020.5078125,350541
1.4199581,-1.662496,0.96261907,1.8721348198859944,0.0,-50.82801860646324,20956.4208984375,-52.09099130439257,11685.1806640625,-59.15755906313664,21041.8701171875,350561
1.4072254,-1.6419615,0.95310014,2.6434869920331883,0.0,-50.80073982164642,20935.05859375,-51.9152504868606,11685.1806640625,-58.432370265708194,20999.1455078125,350581
1.3985246,-1.6236571,0.9451789,2.3615933509669023,0.0,-50.851316557159166,20913.6962890625,-51.84270194804639,11663.818359375,-58.59256293390992,21041.8701171875,350601
1.3898206,-1.6053503,0.9372673,1.3586303025184252,0.0,-50.756843947278384,20935.05859375,-51.68506347214966,11642.4560546875,-58.185937258692476,20999.1455078125,350621
1.3801078,-1.5862463,0.92887825,2.1917213355009375,0.0,-50.78632764841714,20935.05859375,-51.94223816124442,11663.818359375,-58.70506629551549,21020.5078125,350641
1.3683581,-1.5655496,0.9195476,2.2409019367327607,0.0,-50.774846728434824,20935.05859375,-51.98902991367479,11663.818359375,-58.709947147939374,20977.783203125,350661
1.3555942,-1.5440514,0.90975034,2.645005262177504,0.0,-50.83693686857302,20935.05859375,-51.90181215377129,11685.1806640625,-58.7930133119196,20977.783203125,350681
1.3429912,-1.5243771,0.90060073,2.922384106176763,0.0,-50.846935274515985,20935.05859375,-51.80870866035097,11663.818359375,-58.59041799118038,20999.1455078125,350701
1.3304688,-1.5055991,0.89180654,1.184657401887182,0.0,-50.84379043207161,20935.05859375,-51.74941557337432,11642.4560546875,-58.418812535324236,20999.1455078125,350721
1.3168674,-1.4850968,0.8822204,1.9083493137559682,0.0,-50.821610554495294,20935.05859375,-51.98579210496632,11663.818359375,-58.49128525644329,20956.4208984375,350741
1.3023359,-1.4647018,0.8724807,2.5778928326635917,0.0,-50.79929105451855,20913.6962890625,-52.0258907812879,11706.54296875,-58.53811827934247,21041.8701171875,350761
1.2897925,-1.4449568,0.8634016,2.1915598663914224,0.0,-50.856549082806225,20935.05859375,-51.764664213791036,11663.818359375,-58.38248476399734,21020.5078125,350781
1.2782182,-1.4250937,0.8544471,1.4512296035418293,0.0,-50.879823507019296,20913.6962890625,-51.84781022267744,11642.4560546875,-58.84546322229508,21041.8701171875,350821
1.2644787,-1.4017912,0.84390163,2.5442041644815037,0.0,-50.81787317660474,20913.6962890625,-51.95666905664637,11663.818359375,-58.462905967461325,21041.8701171875,350841
1.2486302,-1.3759674,0.8321024,2.872012158488659,0.0,-50.86570144426811,20935.05859375,-51.80594060212684,11685.1806640625,-58.456081997011395,21063.232421875,350861
1.2307035,-1.3476202,0.8190109,0.9289322997208488,0.0,-50.770346367631035,20913.6962890625,-51.74123145612977,11663.818359375,-58.10234575401537,20977.783203125,350881
1.2117699,-1.3184681,0.8054398,1.242186347595751,0.0,-50.73847770402304,20935.05859375,-51.923965887887455,11642.4560546875,-58.52258850772636,21063.232421875,350901
1.1958258,-1.2908063,0.79294986,2.0667856998879715,0.0,-50.76537672752829,20935.05859375,-52.15486000882847,11663.818359375,-58.944590040263314,20999.1455078125,350921
1.1819903,-1.2656615,0.78172565,1.2771239793046432,0.0,-50.69903414261914,20956.4208984375,-51.93388497147757,11685.1806640625,-58.57992442699398,20977.783203125,350941
1.1701916,-1.2421172,0.7714462,2.1569242874199324,0.0,-50.80000849527413,20935.05859375,-51.71223978217034,11663.818359375,-58.58893140926361,20999.1455078125,350961
1.1593255,-1.2184668,0.7613087,1.2047863068613107,0.0,-50.745363068560906,20935.05859375,-51.58041068324608,11642.4560546875,-58.42705972684981,20977.783203125,350981
1.1484363,-1.1948324,0.7511586,2.207463063471985,0.0,-50.841240269449,20935.05859375,-51.997503894377715,11685.1806640625,-58.142224549099836,21020.5078125,351001
1.1344789,-1.1688225,0.73955905,2.544208858838084,0.0,-50.72587899121544,20935.05859375,-51.984632848252076,11706.54296875,-58.651056027024296,20999.1455078125,351021
1.120389,-1.1409824,0.72729546,0.9054253047543839,0.0,-50.787550150028764,20913.6962890625,-51.89083336324886,11685.1806640625,-58.549754208171464,20977.783203125,351041
1.1064323,-1.1149758,0.71568775,1.509547359852589,0.0,-50.891013438749646,20913.6962890625,-51.89247547189132,11685.1806640625,-58.59944665163862,21063.232421875,351061
1.0935823,-1.0906638,0.70490175,1.3375718279552793,0.0,-50.91080287295433,20913.6962890625,-51.80836687815513,11642.4560546875,-58.78220004914872,21041.8701171875,351081
1.0817616,-1.0671419,0.69459623,2.2575247872028843,0.0,-50.86607503792213,20913.6962890625,-52.00764579016778,11685.1806640625,-58.43012052367627,21020.5078125,351101
1.0690056,-1.043739,0.6841211,2.7900421454000046,0.0,-50.840450679103604,20913.6962890625,-51.89505352117073,11685.1806640625,-58.45798178004698,20999.1455078125,351121
1.0563943,-1.0221554,0.674314,1.8570340431115662,0.0,-50.853310495602415,20913.6962890625,-51.784549804092634,11706.54296875,-58.33043892606695,20999.1455078125,351141
1.0437303,-0.9996562,0.66416204,2.448556943503382,0.0,-50.8599318023138,20935.05859375,-51.859285203803445,11642.4560546875,-58.69165033768177,20977.783203125,351161
1.0270094,-0.97395283,0.6520969,1.7095417441699108,0.0,-50.893121597116206,20892.333984375,-51.9220656993009,11663.818359375,-59.07961940809755,21041.8701171875,351181
1.0082175,-0.94571817,0.63874215,1.2574846634823662,0.0,-50.92317096983077,20935.05859375,-51.99367133675352,11685.1806640625,-58.66162861763166,21020.5078125,351201
0.9872951,-0.9140559,0.6237221,2.327774878601397,0.0,-50.7782620569659,20935.05859375,-51.79049736918735,11685.1806640625,-58.41307754648607,20999.1455078125,351221
0.96823406,-0.8812389,0.6086699,1.2434514105906405,0.0,-50.74898226341665,20935.05859375,-51.594979392152254,11663.818359375,-58.49444141422679,20999.1455078125,351241
0.9491127,-0.8474836,0.5933353,2.2947007708635963,0.0,-50.76931880129848,20913.6962890625,-51.91218498035015,11663.818359375,-58.62854619447029,20956.4208984375,351261
0.93208504,-0.8162328,0.5793178,2.342966701450801,0.0,-50.792807703898085,20935.05859375,-52.1454509558038,11663.818359375,-58.76719767251447,20977.783203125,351281
0.91618586,-0.7876155,0.56645054,1.1417477544522239,0.0,-50.73927057157631,20913.6962890625,-51.929758821918874,11685.1806640625,-58.45972241544162,20999.1455078125,351301
0.90142125,-0.76163554,0.55471736,1.89327473714592,0.0,-50.79704300434847,20935.05859375,-51.75104386709969,11642.4560546875,-58.39362988578243,20935.05859375,351321
0.8877433,-0.7373673,0.54379314,1.5094080471732565,0.0,-50.76289358338571,20935.05859375,-51.53312387361896,11621.09375,-58.54483911769751,21041.8701171875,351341
0.8730431,-0.71230435,0.53238404,1.9449099506126388,0.0,-50.831893477930656,20913.6962890625,-52.037507269856434,11663.818359375,-58.226796811093415,21020.5078125,351361
0.85643435,-0.6874671,0.5206846,2.6105094430923725,0.0,-50.82391374566286,20913.6962890625,-51.96210547162256,11685.1806640625,-58.25060542739916,21020.5078125,351381
0.84091216,-0.6643442,0.50978637,2.3284633955954397,0.0,-50.79194496026987,20913.6962890625,-51.77573662287601,11685.1806640625,-58.042127639395446,21063.232421875,351401
0.8277438,-0.64740825,0.50145847,2.069747082216113,0.0,-50.83550652612254,20913.6962890625,-51.73513690515877,11621.09375,-58.66688408355436,21041.8701171875,351441
0.8156657,-0.63218874,0.49391946,2.444048774895541,0.0,-50.844688387605146,20935.05859375,-51.97551792220351,11685.1806640625,-58.62760015761755,21063.232421875,351461
0.8037092,-0.61881596,0.48700678,2.6117831014260275,0.0,-50.8799960776037,20935.05859375,-51.880369717763635,11685.1806640625,-58.61877289130746,21063.232421875,351481
0.78876895,-0.6039686,0.47894898,1.875037612270428,0.0,-50.736883457160395,20935.05859375,-51.975712318462314,11663.818359375,-58.58531582305356,20999.1455078125,351521
0.7718602,-0.58844894,0.47022685,2.013804680900479,0.0,-50.757513997250484,20956.4208984375,-52.162439257475526,11685.1806640625,-58.95129245176236,20999.1455078125,351541
0.7569204,-0.573623,0.4621289,0.9242520929339988,0.0,-50.75644070302851,20935.05859375,-51.85605767328215,11685.1806640625,-58.496432579080235,20956.4208984375,351561
0.7439394,-0.55950016,0.45465305,2.6955830409259547,0.0,-50.80058368193086,20935.05859375,-51.72078985004583,11663.818359375,-58.703843748851654,21041.8701171875,351581
0.7318997,-0.54527116,0.4473325,1.2242017971879733,0.0,-50.795154844195906,20935.05859375,-51.55770000392222,11642.4560546875,-58.65856497052686,20999.1455078125,351601
0.72093225,-0.5327601,0.44082877,1.5996982326556854,0.0,-50.84005259244624,20913.6962890625,-51.938082439488625,11663.818359375,-58.344084827412345,21020.5078125,351621
0.70900404,-0.5203687,0.43417922,2.5939736309015404,0.0,-50.819091953202374,20913.6962890625,-51.926700998686314,11685.1806640625,-58.458170428783795,21020.5078125,351641
0.6961129,-0.50810146,0.4273809,1.0849487818092627,0.0,-50.82500354453546,20913.6962890625,-51.8659176833793,11685.1806640625,-58.42726316286884,20999.1455078125,351661
0.68117726,-0.49424717,0.41962016,2.515728212248099,0.0,-50.856307225734724,20913.6962890625,-51.755467057895615,11663.818359375,-58.52865189286575,20999.1455078125,351681
0.665215,-0.47960746,0.41137254,2.277739596273915,0.0,-50.842219489903336,20913.6962890625,-51.78563389234337,11642.4560546875,-58.87278339647922,20977.783203125,351701
0.6492448,-0.46497828,0.4031217,2.3258074358042005,0.0,-50.80753427182987,20913.6962890625,-51.94182382097942,11663.818359375,-58.30630262873515,21020.5078125,351721
0.63340735,-0.45219618,0.39549574,2.919414300915162,0.0,-50.87971679007657,20935.05859375,-51.864911691599744,11685.1806640625,-58.18185340532103,21020.5078125,351741
0.6176312,-0.44034398,0.38818341,1.2427075395835938,0.0,-50.7914890056895,20935.05859375,-51.7438909874238,11663.818359375,-58.41290579022793,21020.5078125,351761
0.6029342,-0.4302315,0.3816513,1.9438745100053036,0.0,-50.76488785840339,20935.05859375,-51.91521132795238,11663.818359375,-58.80646435364163,20977.783203125,351801
0.5883685,-0.42196247,0.3757629,0.9235956082182218,0.0,-50.779633483228615,20935.05859375,-51.87775453193229,11685.1806640625,-58.57296262252686,20977.783203125,351821
0.57576644,-0.41438943,0.37050462,2.2773279586659183,0.0,-50.76238349946688,20935.05859375,-51.74979836134111,11642.4560546875,-58.641754107190955,20977.783203125,351841
0.56608003,-0.40739018,0.3660218,1.3393480118197982,0.0,-50.717906182711886,20935.05859375,-51.585968227054735,11642.4560546875,-58.24698439772668,20999.1455078125,351861
0.5592997,-0.40093762,0.36235383,1.6185098659816288,0.0,-50.78133984622676,20935.05859375,-51.91293858359492,11685.1806640625,-58.40949347386771,20956.4208984375,351881
0.55431426,-0.39331374,0.35869768,2.4104415078842094,0.0,-50.793670013359375,20913.6962890625,-51.990516541319415,11685.1806640625,-58.350247673684905,20935.05859375,351901
0.54937726,-0.38663104,0.35536307,2.5460647568192973,0.0,-50.7691851759781,20935.05859375,-51.83070737305731,11685.1806640625,-58.25154204380343,21020.5078125,351921
0.54432684,-0.37904894,0.35170928,2.5322187321093748,0.0,-50.79055561646634,20935.05859375,-51.81411236261896,11663.818359375,-58.41333941356752,21041.8701171875,351941
0.5383953,-0.3725458,0.34821925,1.1839823777954799,0.0,-50.854655953420085,20935.05859375,-51.738005185131584,11642.4560546875,-58.60107344408888,21041.8701171875,351961
0.52960044,-0.366501,0.34425628,1.3160000656264486,0.0,-50.920403386477005,20935.05859375,-52.007578391152464,11685.1806640625,-58.18736850491823,21063.232421875,351981
0.5150843,-0.36138573,0.3393544,1.0076493410228384,0.0,-50.91810878478959,20913.6962890625,-51.776749182858666,11663.818359375,-58.07273217679159,20999.1455078125,352021
0.49866188,-0.35657352,0.33415133,2.3981583233946058,0.0,-50.836011352459956,20913.6962890625,-51.81214372652647,11663.818359375,-58.63398797463293,20999.1455078125,352041
0.48137903,-0.35284495,0.3291111,2.345243390530559,0.0,-50.86407945069226,20913.6962890625,-51.864745297022885,11642.4560546875,-58.8085103067369,20999.1455078125,352061
0.46332213,-0.35104483,0.3246257,2.8881300125130265,0.0,-50.86586068128415,20913.6962890625,-51.69168646765252,11685.1806640625,-58.17828369572361,20956.4208984375,352101
0.44526607,-0.3492229,0.32014582,1.6022806590904648,0.0,-50.76314862845432,20935.05859375,-51.6271490469512,11663.818359375,-58.46722563875904,20999.1455078125,352121
0.42635205,-0.34847087,0.31582066,2.052607224312612,0.0,-50.75442251168917,20935.05859375,-51.84679852415794,11663.818359375,-58.327336433774654,21063.232421875,352141
0.40934527,-0.34743875,0.31178686,2.6437727412843186,0.0,-50.760358443517035,20935.05859375,-52.044947073179806,11685.1806640625,-58.833934909734865,20999.1455078125,352161
0.39329052,-0.3462694,0.3079035,2.6927013848469903,0.0,-50.741712008105864,20956.4208984375,-51.929588495970755,11706.54296875,-58.45401984261946,20999.1455078125,352181
0.3763791,-0.34618616,0.3041757,2.122271600126326,0.0,-50.73145883573966,20935.05859375,-51.69308121044493,11642.4560546875,-58.338781651205466,20977.783203125,352201
0.35842413,-0.34533712,0.29996437,1.7131509588551375,0.0,-50.72283772242662,20935.05859375,-51.52062134216916,11642.4560546875,-58.624776056581624,20999.1455078125,352221
0.33951265,-0.34462938,0.2956207,1.656017849079601,0.0,-50.74278061308178,20913.6962890625,-51.84893359182459,11663.818359375,-58.021517076468314,21020.5078125,352241
0.3206042,-0.34392732,0.29126292,2.510942513356187,0.0,-50.75558638382947,20935.05859375,-51.99008872094976,11685.1806640625,-58.313442428038755,20977.783203125,352261
0.29883972,-0.34364793,0.28644648,0.9452016431389736,0.0,-50.87310406293014,20935.05859375,-51.955560641297005,11706.54296875,-58.44719871700231,21020.5078125,352281
0.27707675,-0.34335363,0.2816241,1.5280907901160734,0.0,-50.73400210933612,20913.6962890625,-51.78452260967027,11663.818359375,-58.795868702319545,21041.8701171875,352301
0.25722218,-0.34277523,0.27709037,1.2223119444891197,0.0,-50.801695609419006,20913.6962890625,-51.71603703037551,11642.4560546875,-58.87001504546721,21041.8701171875,352321
0.24231629,-0.34330875,0.27395308,1.1805896304968542,0.0,-50.78692850704917,20913.6962890625,-51.951659323396846,11685.1806640625,-58.29994846809997,21020.5078125,352341
0.22921845,-0.34263408,0.27081254,2.66100001719636,0.0,-50.79922738812876,20913.6962890625,-51.844992135909266,11663.818359375,-58.26713153820314,20956.4208984375,352361
0.21707016,-0.3418183,0.26783246,1.9643575385878533,0.0,-50.83297966816435,20913.6962890625,-51.64452303617897,11685.1806640625,-58.26181124840861,21041.8701171875,352381
0.20216168,-0.34237713,0.26471198,2.106211814123483,0.0,-50.85134484508722,20935.05859375,-51.764775625634485,11663.818359375,-58.484277882717734,21063.232421875,352401
0.18621412,-0.34218436,0.26108256,1.8188322656612155,0.0,-50.726446629037795,20935.05859375,-51.960682932259616,11663.818359375,-58.78497965601784,20999.1455078125,352421
0.16653913,-0.34348157,0.25722587,0.9434686159668566,0.0,-50.74376796321056,20935.05859375,-51.97144745732396,11685.1806640625,-58.29546797185756,20977.783203125,352441
0.14306241,-0.3454107,0.2527363,2.8726320773900675,0.0,-50.69273057808562,20913.6962890625,-51.73335540512856,11663.818359375,-58.47815956507568,21020.5078125,352461
0.12244703,-0.3469112,0.2486864,1.5284734865882774,0.0,-50.77194159132524,20935.05859375,-51.56273947900688,11642.4560546875,-58.51205322224491,20999.1455078125,352481
0.107539006,-0.34751233,0.2455716,2.0161179917573495,0.0,-50.773888968805245,20935.05859375,-51.947682084593694,11663.818359375,-58.077279443694756,20956.4208984375,352501
0.094532266,-0.34781453,0.24277122,2.3597068635180865,0.0,-50.78698519846056,20935.05859375,-52.1099942450538,11685.1806640625,-58.72794851120352,20935.05859375,352521
0.08256958,-0.34886423,0.24046923,2.6768514960151184,0.0,-50.78232841330213,20935.05859375,-51.99655760723287,11685.1806640625,-58.460785513354274,20977.783203125,352541
0.06679407,-0.35051683,0.23758541,1.9289144242149443,0.0,-50.86375034099668,20956.4208984375,-51.78703787305966,11663.818359375,-58.662164623019244,21020.5078125,352561
0.048263296,-0.35354644,0.23455173,1.7124023235386585,0.0,-50.775001108116804,20935.05859375,-51.62031377587262,11621.09375,-58.61109469168596,20999.1455078125,352581
0.029731907,-0.35657978,0.23152553,1.8363472651914017,0.0,-50.77269081868409,20935.05859375,-51.89055562917663,11663.818359375,-58.242818484258095,20999.1455078125,352601
0.010345126,-0.36068293,0.2286758,2.91813663732642,0.0,-50.81740176592767,20913.6962890625,-51.89745893720306,11685.1806640625,-58.46088696852992,20999.1455078125,352621
-0.0072315335,-0.36356893,0.22578989,0.9856385176923653,0.0,-50.80777025145622,20913.6962890625,-51.937020454710954,11706.54296875,-58.42124138024236,21041.8701171875,352641
-0.024705129,-0.36737886,0.22320013,1.5095449192968475,0.0,-50.79121983716184,20913.6962890625,-51.77177494404424,11663.818359375,-58.441174553002355,21041.8701171875,352661
-0.041131947,-0.37194195,0.22108474,2.4978507663825,0.0,-50.77701242976451,20913.6962890625,-51.66535068172016,11642.4560546875,-58.40067947714971,21020.5078125,352681
-0.05660623,-0.37635466,0.21912344,1.0626831314533232,0.0,-50.80065661768759,20913.6962890625,-52.00973024739723,11685.1806640625,-58.24959338609192,21020.5078125,352701
-0.07112427,-0.3806207,0.21729589,2.6439310763029833,0.0,-50.81732880037088,20913.6962890625,-51.85823831667611,11663.818359375,-58.157397593163594,20999.1455078125,352721
-0.08479238,-0.38381177,0.21532102,1.6203757810578803,0.0,-50.81420801027821,20935.05859375,-51.900279283723094,11685.1806640625,-58.24719746259862,20977.783203125,352741
-0.100369416,-0.3873034,0.21306738,1.2045386557104591,0.0,-50.975180975516906,20935.05859375,-51.81924317269698,11642.4560546875,-58.46797581958593,20977.783203125,352761
-0.1178496,-0.39109987,0.21050239,2.7916242779241784,0.0,-50.865014516383546,20935.05859375,-52.01829336094322,11706.54296875,-58.45909307694771,20999.1455078125,352781
-0.13713247,-0.39611962,0.20792653,0.9234662805688372,0.0,-50.811166275740554,20935.05859375,-52.00735684570649,11685.1806640625,-58.820960998512916,20999.1455078125,352801
-0.15546712,-0.40097663,0.20551164,2.463242860664829,0.0,-50.74383430506617,20935.05859375,-51.78902987674938,11663.818359375,-58.778177665150686,20999.1455078125,352821
-0.1727527,-0.40659457,0.20355788,1.3396046463449462,0.0,-50.73921030295419,20935.05859375,-51.60219651453755,11642.4560546875,-58.44061048944293,20999.1455078125,352841
-0.1900355,-0.41221488,0.20158656,1.318785215285044,0.0,-50.81853804676793,20935.05859375,-51.889599170514515,11663.818359375,-58.31461682269554,20999.1455078125,352861
-0.2073201,-0.4178329,0.19962439,2.376800445127737,0.0,-50.77765177441691,20935.05859375,-52.058524368791,11685.1806640625,-58.16361958419652,20999.1455078125,352881
-0.22661343,-0.42282432,0.19707191,1.199942610877438,0.0,-50.744178762895054,20935.05859375,-52.106454108547624,11706.54296875,-58.91573847974043,21105.95703125,352901
-0.24780254,-0.4281423,0.19419464,2.312706038988885,0.0,-50.80585538330637,20935.05859375,-51.84115174682002,11663.818359375,-58.90483667775092,21020.5078125,352921
-0.27175125,-0.4348496,0.19121574,2.43165746461145,0.0,-50.85219225879466,20935.05859375,-51.72695181169643,11621.09375,-58.6063408022737,21020.5078125,352941
-0.30341175,-0.44190586,0.18675527,1.8726867635954545,0.0,-50.874160600459646,20913.6962890625,-52.03891951130391,11663.818359375,-58.27882625737998,21020.5078125,352961
-0.34749645,-0.45103192,0.18077955,2.8864084527972427,0.0,-50.85184789928691,20913.6962890625,-51.88092885514916,11685.1806640625,-58.40322944802057,20935.05859375,352981
-0.4211973,-0.46593538,0.1721608,1.3776522519626442,0.0,-50.868360403063775,20913.6962890625,-51.848763407844984,11663.818359375,-58.646592356179255,21063.232421875,353021
-0.49580818,-0.48111477,0.1632392,2.8410668526291345,0.0,-50.86978878915745,20935.05859375,-51.93789519647386,11663.818359375,-58.7836676330687,21105.95703125,353041
-0.5551366,-0.49309638,0.15549606,0.9235485633637687,0.0,-50.77474575954544,20935.05859375,-52.05991011038186,11685.1806640625,-58.35436291809244,20999.1455078125,353061
-0.5933538,-0.50179905,0.15010568,2.578241454667621,0.0,-50.89629255524575,20913.6962890625,-51.82112585642879,11663.818359375,-58.4743000101484,20999.1455078125,353081
-0.61085206,-0.50503904,0.1471209,1.8573710982057032,0.0,-50.76688956553272,20913.6962890625,-51.671671768548386,11663.818359375,-58.326268573784304,21020.5078125,353101
-0.6179341,-0.50635827,0.14588979,1.2238989327873286,0.0,-50.78984928204758,20935.05859375,-51.84082407406794,11642.4560546875,-58.27988577122678,20977.783203125,353121
-0.62028617,-0.5067972,0.14547543,1.8008149885081306,0.0,-50.69584642600344,20935.05859375,-52.04110917060853,11663.818359375,-58.362549584979206,20999.1455078125,353141
-0.622751,-0.50632215,0.14473516,1.0032518788705922,0.0,-50.81898050662366,20935.05859375,-52.066086944253065,11685.1806640625,-58.54031739427599,20977.783203125,353161
-0.6251041,-0.50675756,0.1443233,2.3278809635081736,0.0,-50.70966750450066,20935.05859375,-51.77532337053795,11663.818359375,-58.67821978734891,20977.783203125,353181
-0.63029563,-0.5077226,0.14342506,1.3776268555739004,0.0,-50.74133594212362,20935.05859375,-51.57624905930177,11663.818359375,-58.43291167367656,20999.1455078125,353201
-0.640221,-0.5095688,0.14173384,1.1843178467067754,0.0,-50.78296819410611,20913.6962890625,-51.911934063800864,11685.1806640625,-58.162499611113134,20999.1455078125,353221
-0.66093683,-0.5105999,0.13746749,2.9184794361290396,0.0,-50.74590517699324,20935.05859375,-52.033588202072366,11685.1806640625,-58.413932229233,20999.1455078125,353241
-0.6904514,-0.51141435,0.13134542,1.3545127728571602,0.0,-50.823028255165276,20935.05859375,-52.07117966236926,11706.54296875,-58.53695973527497,20935.05859375,353261
-0.7210556,-0.51153314,0.12485436,2.61492987430152,0.0,-50.854145619400626,20913.6962890625,-51.797488582648974,11642.4560546875,-58.53767621763279,21020.5078125,353301
-0.75743186,-0.5125819,0.11787829,2.5939805100402613,0.0,-50.88167909653328,20913.6962890625,-51.93871675224749,11685.1806640625,-58.43639529029484,21020.5078125,353341
-0.79199284,-0.51246905,0.110675916,2.4293809391850636,0.0,-50.916596340859954,20935.05859375,-51.92907782050361,11706.54296875,-58.23497268085635,20956.4208984375,353361
-0.81677866,-0.5124785,0.1053553,1.4345615476223703,0.0,-50.84043327042609,20935.05859375,-51.823545124373624,11663.818359375,-58.5026398105755,21020.5078125,353381
-0.83372504,-0.5128925,0.10181277,2.8418365797740526,0.0,-50.866058989484316,20935.05859375,-51.96554557908377,11642.4560546875,-58.560551227247295,21020.5078125,353401
-0.84757674,-0.51460034,0.099340186,1.043053757789568,0.0,-50.73970063559402,20935.05859375,-52.09404358767746,11685.1806640625,-58.698927156421036,21020.5078125,353421
-0.86249614,-0.51557416,0.09637778,2.2059357150649657,0.0,-50.77612732920982,20935.05859375,-51.885516627045085,11685.1806640625,-58.70235449051041,20956.4208984375,353441
-0.8822895,-0.5165188,0.092408754,1.839506219740866,0.0,-50.8148275144769,20935.05859375,-51.76797533165333,11685.1806640625,-58.68997242449778,20999.1455078125,353461
-0.9060083,-0.5172763,0.08758071,1.0085034700041942,0.0,-50.765423581017295,20935.05859375,-51.80075565454536,11642.4560546875,-58.541786568731304,20935.05859375,353481
-0.92972445,-0.518058,0.08274366,1.8721351897115057,0.0,-50.75205189805331,20935.05859375,-52.12557730098541,11663.818359375,-58.305004275786956,20977.783203125,353501
-0.95141906,-0.51941687,0.07852486,1.391357295190172,0.0,-50.80358694290965,20935.05859375,-52.16731793682542,11685.1806640625,-58.949537708732464,20977.783203125,353521
-0.9721642,-0.52061003,0.07444763,1.7096715043906605,0.0,-50.82495830175007,20935.05859375,-51.93195290396656,11685.1806640625,-58.54872469686554,20999.1455078125,353541
-0.9969494,-0.5207498,0.069126025,0.9467158475816095,0.0,-50.8891229066962,20913.6962890625,-51.92911459149002,11663.818359375,-58.66445086184455,21020.5078125,353581
-1.027555,-0.5211472,0.06265266,2.1028768323029468,0.0,-50.85143069613775,20913.6962890625,-52.00165581262162,11706.54296875,-58.64836812065103,21041.8701171875,353621
-1.0561374,-0.52212185,0.05680355,0.9274739948149973,0.0,-50.8182604553121,20913.6962890625,-51.866494394401776,11685.1806640625,-58.31272744697145,21063.232421875,353641
-1.0806767,-0.52418286,0.052223135,2.8747076313801143,0.0,-50.9760428001594,20913.6962890625,-51.988997855312476,11663.818359375,-58.63497166994635,21020.5078125,353661
-1.1014159,-0.5255357,0.048165478,2.0673795262926293,0.0,-50.90058188992687,20935.05859375,-52.2110668749461,11663.818359375,-59.056793026746774,21063.232421875,353681
-1.1191875,-0.5272393,0.044898026,1.852980691043373,0.0,-50.935096158126214,20935.05859375,-52.09243787067261,11685.1806640625,-58.628839833560455,21020.5078125,353701
-1.1351918,-0.5276765,0.041550692,2.7925339863114145,0.0,-50.858727120180546,20935.05859375,-51.91015648795133,11685.1806640625,-58.472939476775096,20999.1455078125,353721
-1.1501139,-0.52884364,0.038673438,1.2435575325536374,0.0,-50.8825167539311,20913.6962890625,-51.71227036771208,11663.818359375,-58.60828872784208,21041.8701171875,353741
-1.1700442,-0.5291624,0.034457464,2.5809137597679017,0.0,-50.86316227723398,20935.05859375,-52.00486670134335,11663.818359375,-58.27615894827861,20956.4208984375,353761
-1.1975777,-0.5310166,0.029281858,2.13625211438858,0.0,-50.80952844500831,20935.05859375,-52.15288529280218,11685.1806640625,-58.58823765092804,20977.783203125,353781
-1.2288986,-0.5336947,0.023582427,2.4958575467565685,0.0,-50.90616526349714,20935.05859375,-52.010728723483865,11685.1806640625,-58.5297442147332,21020.5078125,353801
-1.2591205,-0.5371554,0.018318266,2.9057953478530663,0.0,-50.848056383000426,20935.05859375,-51.73720708587345,11642.4560546875,-58.820991513376796,21020.5078125,353821
-1.2874417,-0.54027426,0.013312422,1.243121819275026,0.0,-50.84036974839811,20913.6962890625,-51.69507785580315,11621.09375,-58.5918671589386,20999.1455078125,353841
-1.311968,-0.5426553,0.008818113,2.206631341800379,0.0,-50.83522561624168,20913.6962890625,-52.12363938466453,11663.818359375,-58.332009298469984,21041.8701171875,353861
-1.3316144,-0.5449867,0.0053191376,2.3937489095419413,0.0,-50.88957539232729,20913.6962890625,-52.04666118020746,11706.54296875,-58.33104690891089,21020.5078125,353881
-1.3465261,-0.546338,0.0024686065,0.8865901129547938,0.0,-50.815706938827326,20913.6962890625,-51.967389503251226,11706.54296875,-58.63835298972723,21105.95703125,353901
-1.3594015,-0.5481981,2.286369E-4,1.1854031590529166,0.0,-50.85359900625206,20913.6962890625,-51.959290160830406,11663.818359375,-58.726336661390235,21020.5078125,353921
-1.372427,-0.549152,-0.0023275723,1.9095702065369062,0.0,-50.858171618659604,20913.6962890625,-52.01014875958818,11663.818359375,-58.846808404832785,20999.1455078125,353941
-1.3863945,-0.5503228,-0.005028991,1.334360468853529,0.0,-50.901981585726084,20935.05859375,-52.073864217181196,11685.1806640625,-58.626921300789334,21020.5078125,353961
-1.4021041,-0.55281526,-0.007657341,2.326919342980697,0.0,-50.858028264425286,20935.05859375,-51.91693234678287,11685.1806640625,-58.84907003350047,21020.5078125,353981
-1.417809,-0.55532837,-0.010294788,1.0087387781523287,0.0,-50.77814945569852,20935.05859375,-51.773000787106305,11642.4560546875,-58.40526435872232,20999.1455078125,354001
-1.4335048,-0.55786586,-0.012962344,1.4893873054599602,0.0,-50.830094166033604,20935.05859375,-51.95157402719222,11663.818359375,-58.4316623281369,20977.783203125,354021
-1.4481062,-0.5611053,-0.01515507,2.394060981584618,0.0,-50.7409924537958,20935.05859375,-52.0778174151924,11685.1806640625,-58.59913760069588,20977.783203125,354041
-1.4628584,-0.5634437,-0.017676234,0.9442688891986157,0.0,-50.9027838845563,20935.05859375,-52.09862212960069,11685.1806640625,-58.45489195980542,20977.783203125,354061
-1.478397,-0.5669171,-0.020010732,1.8030078104348348,0.0,-50.8467971357554,20935.05859375,-51.861205079297875,11685.1806640625,-58.840603147797985,21020.5078125,354081
-1.4939406,-0.5703872,-0.022316413,1.5468258786434983,0.0,-50.81113224900505,20913.6962890625,-51.74535440265498,11642.4560546875,-58.56302762264483,21063.232421875,354101
-1.5142238,-0.5748661,-0.025209056,1.543439062453364,0.0,-50.89839762617444,20913.6962890625,-52.110008054233205,11663.818359375,-57.995242301658664,20999.1455078125,354121
-1.5392231,-0.5804054,-0.02877196,2.6433720298162857,0.0,-50.92366855716337,20935.05859375,-51.98463838715761,11706.54296875,-58.43105224856734,20999.1455078125,354141
-1.5634195,-0.5848881,-0.032542903,0.9661619416716415,0.0,-50.99582060484415,20913.6962890625,-51.91356573007716,11706.54296875,-58.461255633218926,21020.5078125,354161
-1.583823,-0.58858764,-0.035829067,1.262872498913403,0.0,-50.9101237650239,20913.6962890625,-51.91745535517949,11642.4560546875,-58.57100777829872,20977.783203125,354181
-1.5966802,-0.5906028,-0.038038403,2.103686663736815,0.0,-50.915390183729386,20935.05859375,-52.062346855150075,11642.4560546875,-58.91273532254676,21041.8701171875,354201
-1.6057695,-0.59176457,-0.03969364,1.1410967020803344,0.0,-50.8842982550468,20892.333984375,-52.11910977654463,11706.54296875,-58.48051857462701,21020.5078125,354221
-1.6158006,-0.5931505,-0.04147984,2.377589690684841,0.0,-50.88191327351714,20935.05859375,-51.93474831059941,11685.1806640625,-58.675449736117415,21041.8701171875,354241
-1.6288188,-0.5942927,-0.043996014,1.3199939024762477,0.0,-50.80886960335516,20935.05859375,-51.73131263421999,11642.4560546875,-58.38784311141245,20977.783203125,354261
-1.6437213,-0.5958869,-0.046768233,1.4523896504419855,0.0,-50.844549705666495,20935.05859375,-52.04687207273328,11642.4560546875,-58.26181092972583,20977.783203125,354281
-1.6612877,-0.59905225,-0.049588405,2.3602064192948577,0.0,-50.891816544291686,20935.05859375,-52.155332399378295,11685.1806640625,-58.723616014787424,20935.05859375,354301
-1.6790065,-0.60136265,-0.052768447,2.561476562469205,0.0,-50.87985452542896,20935.05859375,-52.16496307184877,11706.54296875,-58.44034791677348,20999.1455078125,354321
-1.6976621,-0.60393333,-0.056075964,1.6574127974987796,0.0,-50.886889749452536,20913.6962890625,-51.94980795724711,11663.818359375,-58.67022843234575,21041.8701171875,354341
-1.7144341,-0.60608274,-0.059111927,1.242877571131002,0.0,-50.99241334819121,20935.05859375,-51.73224928106827,11599.7314453125,-58.534263563021796,20999.1455078125,354361
-1.7330861,-0.6087113,-0.062394835,1.7279634858603958,0.0,-50.927437467643585,20913.6962890625,-52.11527212925752,11663.818359375,-58.12112990227863,21020.5078125,354381
-1.7507993,-0.6111374,-0.06551961,2.659876393673822,0.0,-50.959622933623656,20913.6962890625,-51.98065708902597,11685.1806640625,-58.3728783858933,21020.5078125,354401
-1.7666289,-0.613136,-0.06838392,0.9666708378726439,0.0,-50.9884939737855,20913.6962890625,-51.95875726291581,11685.1806640625,-58.44261580518764,21041.8701171875,354421
-1.7824581,-0.6151554,-0.0712354,1.2628387588424936,0.0,-50.88864204041879,20935.05859375,-51.878698220889746,11663.818359375,-58.82850534520458,21020.5078125,354441
-1.8001709,-0.6176443,-0.0743126,1.7288215302681236,0.0,-50.88806083855598,20935.05859375,-51.96853751646966,11642.4560546875,-59.08705309095686,21041.8701171875,354461
-1.8195868,-0.62152535,-0.077273786,2.610495739105886,0.0,-50.869332274517106,20913.6962890625,-52.056712401809406,11685.1806640625,-58.48073372877927,20999.1455078125,354481
-1.8380423,-0.6252402,-0.08015779,2.292753653012107,0.0,-50.91172351396067,20935.05859375,-51.92782848903883,11663.818359375,-58.555849462302106,20999.1455078125,354501
-1.8534878,-0.6292013,-0.08232664,1.0672074063039403,0.0,-50.84863879748734,20935.05859375,-51.79111587828497,11663.818359375,-58.60907502753791,21020.5078125,354521
-1.8664905,-0.6306743,-0.084749706,2.5801949795196393,0.0,-50.854223673241556,20935.05859375,-52.08442137499242,11663.818359375,-58.58701253604554,20977.783203125,354541
-1.8781788,-0.63372475,-0.08637172,2.427467248067907,0.0,-50.88221980897168,20935.05859375,-52.22959868517064,11685.1806640625,-58.930698363123,20956.4208984375,354561
-1.8917363,-0.6372954,-0.08821408,1.7119153208475744,0.0,-50.886671426390876,20935.05859375,-51.91051026374794,11663.818359375,-58.94080529397095,21020.5078125,354601
-1.9090341,-0.6418711,-0.090547,1.2044059445553619,0.0,-50.91696065857566,20935.05859375,-51.72268564039284,11621.09375,-58.638274127244415,20999.1455078125,354621
-1.9306288,-0.6494957,-0.092753984,2.1205859683114516,0.0,-50.85184328383629,20913.6962890625,-52.067293304058815,11642.4560546875,-58.24276980670544,20977.783203125,354641
-1.9536841,-0.659461,-0.094547555,2.342908381614342,0.0,-50.882788999897166,20913.6962890625,-52.09300678480154,11685.1806640625,-58.27602355278074,21020.5078125,354661
-1.9785975,-0.66996837,-0.09652613,0.9269383556492274,0.0,-50.935607865745276,20913.6962890625,-51.832977723718166,11685.1806640625,-58.254008954174985,21020.5078125,354681
-2.003093,-0.68230945,-0.09783707,1.2047928503798941,0.0,-50.923924783210424,20935.05859375,-51.88226841075648,11621.09375,-58.42897432135213,21041.8701171875,354701
-2.025912,-0.69326484,-0.099220276,1.656412902735687,0.0,-50.831896429164765,20935.05859375,-51.942990489131525,11642.4560546875,-58.83028574607229,21020.5078125,354721
-2.0485268,-0.7051267,-0.100216046,1.8169893327289166,0.0,-50.852509838439765,20935.05859375,-52.01577063416983,11685.1806640625,-58.41608601305446,20999.1455078125,354741
-2.0711339,-0.7170056,-0.10118479,2.759175479371361,0.0,-50.83685693233234,20935.05859375,-51.91562490867849,11685.1806640625,-58.43919117104511,20999.1455078125,354761
-2.0925958,-0.72953784,-0.10166697,1.3962820562414435,0.0,-50.86015000258443,20935.05859375,-51.75902466742017,11663.818359375,-58.46159842139309,21020.5078125,354781
-2.1121733,-0.74158144,-0.10194214,2.5984008306585333,0.0,-50.83554020663716,20935.05859375,-51.89250060124507,11642.4560546875,-58.56007976271144,20999.1455078125,354801
-2.1302772,-0.7513484,-0.10266541,2.1191415239801965,0.0,-50.855404706123295,20935.05859375,-52.177610239887684,11663.818359375,-58.86916518795861,20999.1455078125,354821
-2.146303,-0.76149935,-0.10281446,1.3919317334165358,0.0,-50.896168513847755,20935.05859375,-51.85993711200703,11685.1806640625,-58.54339046378698,20977.783203125,354841
-2.1651385,-0.7724149,-0.10326696,1.7290303781237255,0.0,-50.88264779828413,20935.05859375,-51.84107585821095,11663.818359375,-58.93311785877501,20977.783203125,354861
-2.1846833,-0.78451127,-0.10354694,1.2044030070224019,0.0,-50.840129383860514,20935.05859375,-51.68238184481267,11642.4560546875,-58.66849034652737,21041.8701171875,354881
-2.2040107,-0.7975166,-0.10348347,2.327123395098713,0.0,-50.8149529442861,20913.6962890625,-52.126699968288115,11663.818359375,-58.20974436244032,20999.1455078125,354901
-2.2231324,-0.81141114,-0.10304955,2.3936075084263706,0.0,-50.886855333310635,20913.6962890625,-52.039524371454185,11685.1806640625,-58.35930248727117,21020.5078125,354921
-2.244123,-0.82582414,-0.10285806,0.9474640137843139,0.0,-50.91017480147467,20913.6962890625,-51.87786734980948,11685.1806640625,-58.46075508526573,21020.5078125,354941
-2.2660434,-0.84050333,-0.10279713,2.9066631283064743,0.0,-50.90399820218561,20913.6962890625,-51.92779540552257,11663.818359375,-58.377909356091635,21063.232421875,354961
-2.2886903,-0.8563353,-0.10253102,1.7843226601512558,0.0,-50.901290663939406,20935.05859375,-51.86518206017395,11642.4560546875,-58.62172210902667,21041.8701171875,354981
-2.310606,-0.87102187,-0.10249327,2.6269763280443117,0.0,-50.90467503802337,20913.6962890625,-51.98539297981198,11727.9052734375,-58.38903780556744,21020.5078125,355001
-2.3313665,-0.8863613,-0.10206532,2.661761465335652,0.0,-50.8461286184142,20913.6962890625,-51.88426940298909,11685.1806640625,-58.46989366382086,21020.5078125,355021
-2.3513973,-0.9005532,-0.10186977,1.3394135212580895,0.0,-50.838223929624974,20913.6962890625,-51.69504548161082,11663.818359375,-58.51077768780003,20999.1455078125,355041
-2.36956,-0.9142255,-0.10145017,1.3769178212123858,0.0,-50.83884259135204,20935.05859375,-51.87457764463979,11642.4560546875,-58.36229626307089,20956.4208984375,355061
-2.3884594,-0.92903745,-0.10081183,1.7276006670129043,0.0,-50.85050124547193,20935.05859375,-52.0612979597141,11663.818359375,-58.545565310740606,20956.4208984375,355081
-2.4066188,-0.94271576,-0.10044372,2.9050874026834665,0.0,-50.87514595857598,20935.05859375,-51.78153495252337,11642.4560546875,-58.71408877517696,20999.1455078125,355121
-2.4240508,-0.9552423,-0.10026485,1.2627754700507383,0.0,-50.87025179791339,20935.05859375,-51.71348963136345,11599.7314453125,-58.531074544799424,21020.5078125,355141
-2.44241,-0.96803844,-0.10020453,2.0151908351212358,0.0,-50.87891226674791,20935.05859375,-52.08937916977383,11685.1806640625,-57.89602284113655,21020.5078125,355161
-2.4607737,-0.98082787,-0.10012881,2.6599751616529064,0.0,-50.880439385532114,20935.05859375,-51.96350538004118,11663.818359375,-58.37814685188115,20977.783203125,355181
-2.4798617,-0.99477196,-0.09982692,0.9666671422993136,0.0,-50.82389905686928,20935.05859375,-51.8742098300889,11663.818359375,-58.294262653103,21020.5078125,355201
-2.49989,-1.0089672,-0.099625394,1.2242592187622676,0.0,-50.80437964276388,20913.6962890625,-51.91176409042434,11642.4560546875,-58.61021720773968,21041.8701171875,355221
-2.5215783,-1.0245754,-0.0993143,1.7662402990093393,0.0,-50.87084478583116,20913.6962890625,-51.869281965591234,11642.4560546875,-58.87214558402664,21020.5078125,355241
-2.5430565,-1.0410782,-0.09865307,2.1187055811860844,0.0,-50.857858150970394,20913.6962890625,-51.95795936988662,11663.818359375,-58.408108657412726,21020.5078125,355261
-2.5652647,-1.0587299,-0.09780211,2.2761728740108125,0.0,-50.82029361472401,20913.6962890625,-52.01373567457084,11685.1806640625,-58.192642038585085,20999.1455078125,355281
-2.586548,-1.07611,-0.09682899,0.9286610044092248,0.0,-50.805953461420216,20935.05859375,-51.78010071429209,11685.1806640625,-58.53123559285953,21084.5947265625,355301
-2.6080463,-1.0925887,-0.096214436,2.8100866700485754,0.0,-50.789313084211976,20913.6962890625,-51.86321386069935,11663.818359375,-58.7425543585195,20977.783203125,355321
-2.6276934,-1.1085281,-0.095371716,1.7086581148212185,0.0,-50.801521981935764,20935.05859375,-52.14504201297743,11685.1806640625,-58.78926603728755,20999.1455078125,355341
-2.647562,-1.1235523,-0.09483065,2.5945863622548018,0.0,-50.76672611420424,20935.05859375,-51.97327696498428,11685.1806640625,-58.318533029616034,20956.4208984375,355361
-2.670037,-1.1402327,-0.09433594,1.6572402205465675,0.0,-50.84589673695635,20935.05859375,-51.83799053428907,11663.818359375,-58.44855987260829,20999.1455078125,355381
-2.693459,-1.1571531,-0.09398695,1.2047095573133335,0.0,-50.85032937592035,20935.05859375,-51.74203267852049,11642.4560546875,-58.79672836518105,21063.232421875,355401
-2.716477,-1.1758597,-0.09299615,2.3106130876005877,0.0,-50.80895210964621,20935.05859375,-51.98896267420658,11663.818359375,-58.28462800077993,20999.1455078125,355421
-2.7387533,-1.1934311,-0.092275344,2.659816318422398,0.0,-50.8822514375955,20892.333984375,-51.97073569150524,11685.1806640625,-58.188434863110984,20956.4208984375,355441
-2.7603045,-1.2098435,-0.091752484,1.9815975997099946,0.0,-50.848316321897315,20913.6962890625,-51.83755359850066,11663.818359375,-58.4246071482158,21020.5078125,355461
-2.7816482,-1.2271569,-0.09091799,1.1853736853748016,0.0,-50.84207660829831,20913.6962890625,-51.9200031628431,11663.818359375,-58.451396107803575,21020.5078125,355481
-2.8041317,-1.243829,-0.090554014,1.0447823784025296,0.0,-50.97918772386738,20913.6962890625,-51.984482091529486,11685.1806640625,-58.83279799516689,21084.5947265625,355501
-2.8247623,-1.2599689,-0.08994719,2.6761667649896523,0.0,-50.89484487453794,20935.05859375,-51.880253449349716,11685.1806640625,-58.70037791717991,20999.1455078125,355521
-2.8435304,-1.2755909,-0.08910823,2.1217718274357162,0.0,-50.88866608752079,20935.05859375,-51.79914804291455,11685.1806640625,-58.375779993820494,20956.4208984375,355541
-2.8604288,-1.2907053,-0.08805388,0.9490093594822008,0.0,-50.75590103058082,20956.4208984375,-51.719350160726655,11663.818359375,-58.500317689249535,21041.8701171875,355561
-2.8766038,-1.3046585,-0.08721306,2.8887741811722667,0.0,-50.86989565995804,20956.4208984375,-52.0335715888143,11663.818359375,-58.46583080619783,20999.1455078125,355581
-2.8909223,-1.3180891,-0.086126044,2.577467672463802,0.0,-50.805486571818825,20935.05859375,-52.11955668004825,11685.1806640625,-58.88397335430631,20999.1455078125,355601
-2.9061835,-1.331765,-0.08516652,1.9795658543595815,0.0,-50.89349599425192,20935.05859375,-51.940487514589044,11685.1806640625,-58.73256429543691,20999.1455078125,355621
-2.922191,-1.3465781,-0.08399447,2.6641830181496995,0.0,-50.90949152606383,20935.05859375,-51.81214014220305,11663.818359375,-58.6110296963788,21063.232421875,355641
-2.9398766,-1.3627832,-0.082722045,1.4514390006326865,0.0,-50.811195147479545,20935.05859375,-51.86142258158699,11642.4560546875,-58.191003530581625,21020.5078125,355661
-2.9597907,-1.382409,-0.08076994,2.7580419847939526,0.0,-50.79683233855803,20935.05859375,-52.09184450471724,11685.1806640625,-58.28688170571538,20977.783203125,355681
-2.9819474,-1.4054401,-0.078116015,2.5282424589886983,0.0,-50.91990262166175,20913.6962890625,-52.01945413586438,11706.54296875,-58.58649173635493,20999.1455078125,355701
-3.0063503,-1.4318842,-0.07483947,1.5648328500323347,0.0,-50.838406686425486,20913.6962890625,-51.94557211988617,11685.1806640625,-58.54443626042201,21020.5078125,355721
-3.032456,-1.4596984,-0.071473956,2.8420245745186703,0.0,-50.89425769337893,20913.6962890625,-51.95059531836008,11663.818359375,-58.690145031010786,21084.5947265625,355741
-3.058591,-1.4874843,-0.06810169,1.0437780050890302,0.0,-50.884850909857,20935.05859375,-52.139084324826335,11685.1806640625,-58.77508554837554,21041.8701171875,355761
-3.082116,-1.5136375,-0.06478919,2.6600268205538136,0.0,-50.84873504557734,20935.05859375,-51.86375350924539,11685.1806640625,-58.63230339229844,20999.1455078125,355781
-3.104723,-1.5395218,-0.06131236,2.1915859156401236,0.0,-50.81659344769339,20935.05859375,-51.721632430331326,11663.818359375,-58.35797869954809,20977.783203125,355801
-3.1252902,-1.5657881,-0.057256043,1.008566292084557,0.0,-50.86130649334337,20935.05859375,-51.77371958332013,11642.4560546875,-58.53491804523362,20999.1455078125,355821
-3.1443744,-1.5897747,-0.05369342,2.014963423707496,0.0,-50.80590609490137,20913.6962890625,-52.0524300381751,11685.1806640625,-58.314688772414485,20956.4208984375,355841
-3.161794,-1.6123656,-0.050255835,1.4291490608250257,0.0,-50.87821729539876,20935.05859375,-52.145810814556484,11706.54296875,-58.876518212478274,20977.783203125,355861
-3.1794345,-1.6340328,-0.047140684,1.6741886466763907,0.0,-50.87645241718079,20935.05859375,-51.79887517713993,11663.818359375,-58.49637962058402,20977.783203125,355881
-3.1969051,-1.6565819,-0.04368748,1.2049850388087928,0.0,-50.907658180250046,20913.6962890625,-51.884560893608615,11642.4560546875,-58.56439705771619,21020.5078125,355901
-3.2147746,-1.6820482,-0.039361704,0.9469564468756865,0.0,-50.93883362766236,20913.6962890625,-51.8777009660711,11621.09375,-58.854877067890605,21041.8701171875,355921
-3.2339923,-1.710668,-0.034284603,2.5941264008481397,0.0,-50.88119475610044,20913.6962890625,-52.028767468002634,11685.1806640625,-58.507848055111815,21041.8701171875,355941
-3.2523108,-1.7390068,-0.028999198,2.3442807509422945,0.0,-50.89125133272013,20935.05859375,-51.92906610804252,11685.1806640625,-58.1556707636353,21063.232421875,355961
-3.2715628,-1.7675993,-0.023898603,1.1262891335647423,0.0,-50.87915149317241,20935.05859375,-51.72909019006468,11685.1806640625,-58.57236824486991,20956.4208984375,355981
-3.289894,-1.7959411,-0.018674687,1.4523652579775037,0.0,-50.79644888174866,20956.4208984375,-51.97197629631133,11685.1806640625,-58.805246078980375,21105.95703125,356001
-3.3012722,-1.8149359,-0.0149956215,2.4111191930287545,0.0,-50.86287762142093,20935.05859375,-52.11290281382004,11663.818359375,-58.92297171473299,21020.5078125,356021
-3.306248,-1.8218828,-0.013824442,1.8725090103610111,0.0,-50.777673071533805,20935.05859375,-51.87905427628992,11663.818359375,-58.5454240274065,20999.1455078125,356041
-3.309997,-1.8275652,-0.012795997,1.2624051729428711,0.0,-50.895471931588915,20913.6962890625,-51.649028983040786,11621.09375,-58.41526795536855,21020.5078125,356081
-3.3200793,-1.8433717,-0.0098795565,2.36140959662265,0.0,-50.806842330155675,20913.6962890625,-52.06507014323258,11685.1806640625,-58.68870291250762,21020.5078125,356101
-3.3347323,-1.870731,-0.004225029,2.0134684503185287,0.0,-50.959832830716685,20913.6962890625,-51.99857087935089,11685.1806640625,-58.32088917376269,20999.1455078125,356121
-3.349808,-1.9009969,0.002359365,1.928051620096036,0.0,-50.837948157458115,20913.6962890625,-52.02589039307965,11685.1806640625,-58.51747924677875,21020.5078125,356141
-3.3641279,-1.9301298,0.008723235,2.906789774232246,0.0,-51.03936903088304,20913.6962890625,-51.77488494133652,11663.818359375,-58.73068855646239,21041.8701171875,356161
-3.3775082,-1.9590352,0.01517684,1.162503789741442,0.0,-50.99148129319267,20935.05859375,-51.94704653140113,11642.4560546875,-58.853177497529046,21041.8701171875,356181
-3.3895507,-1.9800154,0.019377526,2.013420549815521,0.0,-50.88972431477543,20935.05859375,-51.98803368795721,11685.1806640625,-58.411535476916995,21041.8701171875,356201
-3.3981714,-1.9935174,0.021880595,2.3787651216845864,0.0,-50.801224136857286,20935.05859375,-51.81123582234732,11685.1806640625,-58.38672662152721,20999.1455078125,356221
-3.4016676,-1.9981703,0.02262669,1.32049232425996,0.0,-50.80340795980321,20935.05859375,-51.682436995871655,11663.818359375,-58.371859344160804,20999.1455078125,356241
-3.4030416,-1.9985116,0.022433877,1.6180624235677608,0.0,-50.82330073253879,20935.05859375,-51.80675410876464,11663.818359375,-58.57466107494922,20999.1455078125,356301
-3.4048474,-2.0017922,0.023101231,2.858550117351049,0.0,-50.848965716781215,20935.05859375,-51.77142109771899,11663.818359375,-58.4539178096513,21020.5078125,356321
-3.407242,-2.007104,0.024307782,1.338583204204493,0.0,-50.88270114033052,20935.05859375,-51.71424666324201,11621.09375,-58.53735573008797,21041.8701171875,356341
-3.409638,-2.012416,0.025510142,2.4954965245503953,0.0,-50.85930744835049,20913.6962890625,-52.05873876603413,11663.818359375,-57.95546111487646,21020.5078125,356361
-3.4137354,-2.0190964,0.026760273,2.3259536864731043,0.0,-50.83657811313397,20913.6962890625,-52.052748316698455,11685.1806640625,-58.35495838070117,21041.8701171875,356381
-3.4217277,-2.036169,0.030531505,1.145435811243236,0.0,-51.04076726815171,20935.05859375,-51.859071444403455,11685.1806640625,-58.4751378624139,21041.8701171875,356401
-3.4324603,-2.0595496,0.03579504,2.8743154768152723,0.0,-50.868005270034644,20935.05859375,-51.969078466089165,11642.4560546875,-58.61161588793054,21020.5078125,356421
-3.4443946,-2.0869858,0.04212723,2.1552405568967785,0.0,-50.878532182366754,20935.05859375,-52.05599286549135,11663.818359375,-59.02717530120843,21020.5078125,356441
-3.4584925,-2.1186874,0.049436323,2.7091392670722354,0.0,-50.78090503606124,20935.05859375,-51.88480511451853,11685.1806640625,-58.59627342703364,20999.1455078125,356461
-3.4775412,-2.160939,0.059226073,2.0163248142945656,0.0,-50.845078062100015,20956.4208984375,-51.75189872754885,11663.818359375,-58.55591318807399,20977.783203125,356481
-3.5049987,-2.217185,0.07223876,1.1855392367765807,0.0,-50.95241043367005,20935.05859375,-51.62499322391813,11663.818359375,-58.42173507248489,20956.4208984375,356501
-3.5350225,-2.2815046,0.087262474,1.8552460424940458,0.0,-50.81842891024653,20935.05859375,-51.992096361157216,11663.818359375,-58.43581325794439,20999.1455078125,356521
-3.5625746,-2.3489974,0.10374854,2.257003619834475,0.0,-50.85709366358731,20935.05859375,-52.01490643554989,11706.54296875,-58.52775147425288,20956.4208984375,356541
-3.587947,-2.4178808,0.12102552,2.1560217363351075,0.0,-50.880036219521045,20913.6962890625,-51.857043865646034,11685.1806640625,-58.42578636420497,21020.5078125,356561
-3.6104884,-2.4861414,0.13857967,2.9066746792258162,0.0,-50.88646947160528,20913.6962890625,-51.99991972263463,11642.4560546875,-58.73126686043435,21020.5078125,356581
-3.6301908,-2.5537577,0.15650721,1.3751569963712207,0.0,-50.81490384969471,20913.6962890625,-51.90315315631282,11621.09375,-58.72992462580136,21041.8701171875,356601
-3.6472082,-2.6198199,0.17450468,2.6105533012203113,0.0,-50.942232873261034,20913.6962890625,-52.0108459390174,11685.1806640625,-58.50521244627465,20977.783203125,356621
-3.6631453,-2.6809394,0.19107887,2.579033617171047,0.0,-50.86197273044712,20935.05859375,-51.84824940300403,11685.1806640625,-58.35874821855641,20977.783203125,356641
-3.6761577,-2.7366743,0.20647684,1.3965605627725393,0.0,-50.7787571232743,20935.05859375,-51.71956357370637,11663.818359375,-58.341978566015705,20999.1455078125,356661
-3.6886325,-2.7847404,0.21946108,1.507972107463078,0.0,-50.826686495448996,20935.05859375,-51.91729294545084,11663.818359375,-58.60517227884707,20977.783203125,356681
-3.6995928,-2.8249166,0.23020697,2.066333588951095,0.0,-50.82499603210785,20956.4208984375,-52.051821591043215,11685.1806640625,-59.07475929168244,21041.8701171875,356701
-3.7082446,-2.856103,0.23844887,2.5617003641386438,0.0,-50.751655792571995,20935.05859375,-51.94529538412047,11685.1806640625,-58.6796925861659,20977.783203125,356721
-3.715375,-2.879396,0.24446693,2.8904123883179302,0.0,-50.86634441749976,20935.05859375,-51.79191490795762,11663.818359375,-58.80681361222467,20999.1455078125,356741
-3.7239487,-2.9001825,0.24936518,1.3008661445610539,0.0,-50.840357351336294,20935.05859375,-51.70674985034745,11642.4560546875,-58.692613343056266,21020.5078125,356761
-3.7319198,-2.918937,0.25373363,2.257795052083355,0.0,-50.89057129038743,20913.6962890625,-51.993942185912246,11685.1806640625,-58.39336544287461,20999.1455078125,356781
-3.7408655,-2.9378881,0.2579784,2.610657013888513,0.0,-50.98519985175595,20935.05859375,-51.89987095828448,11685.1806640625,-58.25235935806144,21020.5078125,356801
-3.7506294,-2.9579358,0.26244354,1.7845878741736074,0.0,-50.84398926612097,20913.6962890625,-51.865918715198084,11685.1806640625,-58.535682564684556,21020.5078125,356821
-3.7615204,-2.9829164,0.2683206,2.8586437459116247,0.0,-50.93631535016147,20935.05859375,-51.99157083952937,11642.4560546875,-58.6982296002304,21020.5078125,356841
-3.7737064,-3.0119262,0.27525425,1.6910876807897546,0.0,-50.934302172231874,20935.05859375,-52.10343627488085,11642.4560546875,-58.85709269535474,21020.5078125,356861
-3.7871823,-3.0449572,0.28328928,1.410264645023308,0.0,-50.87679354462851,20935.05859375,-51.97321081332128,11685.1806640625,-58.518080913957206,20977.783203125,356881
-3.8018076,-3.082918,0.2927231,2.7929334581572016,0.0,-50.77439002332156,20935.05859375,-51.872576137577084,11663.818359375,-58.483457901294884,20977.783203125,356901
-3.8171027,-3.1228864,0.30268204,1.2048970508976704,0.0,-50.82585326309899,20935.05859375,-51.61485493945219,11642.4560546875,-58.53515005783529,21020.5078125,356921
-3.8324203,-3.1628509,0.31262225,2.3109150665874463,0.0,-50.808912262960924,20913.6962890625,-52.082695215559596,11663.818359375,-58.45501351057046,20977.783203125,356941
-3.846961,-3.2016938,0.3223774,2.610494116327693,0.0,-50.899957705939556,20913.6962890625,-52.0535333218905,11685.1806640625,-58.76611801132136,20977.783203125,356961
-3.8599486,-3.2383106,0.33169648,2.224964064372984,0.0,-50.955651064593056,20913.6962890625,-51.976080934708506,11685.1806640625,-58.3207839762298,20999.1455078125,356981
-3.8732538,-3.2731183,0.34031913,2.8908236570292543,0.0,-51.038780885549485,20913.6962890625,-52.059730223823664,11663.818359375,-58.79869043815421,21041.8701171875,357001
-3.8828976,-3.3005714,0.3472251,1.6007146099313305,0.0,-51.09277496427371,20935.05859375,-52.00887305681523,11642.4560546875,-58.85012522703746,21084.5947265625,357021
-3.890114,-3.3190525,0.3516737,2.5445208639441645,0.0,-51.07986165128974,20913.6962890625,-52.17883768939213,11685.1806640625,-58.574680523169604,21084.5947265625,357041
-3.895399,-3.3314722,0.35457182,2.3269283817679103,0.0,-51.09855505901463,20913.6962890625,-52.02947553966574,11685.1806640625,-58.40871503342036,21020.5078125,357061
-3.9000423,-3.3418694,0.35695818,1.5279488244760622,0.0,-50.980073816586355,20913.6962890625,-51.80923938814287,11685.1806640625,-58.407389882193364,20999.1455078125,357081
-3.9062839,-3.3544867,0.3597235,2.7778198917111747,0.0,-50.984098347983526,20913.6962890625,-52.07659402261771,11663.818359375,-58.91814603673309,21020.5078125,357101
-3.91239,-3.3679993,0.36284408,1.4493751376318051,0.0,-50.890480859879894,20913.6962890625,-52.20147937491048,11663.818359375,-59.0533943129071,20977.783203125,357121
-3.9206147,-3.3866377,0.36723822,1.6895866845377032,0.0,-50.982159863900485,20935.05859375,-52.03855731715314,11685.1806640625,-58.57386521709428,20977.783203125,357141
-3.9298866,-3.4111013,0.37336525,1.910940459127918,0.0,-50.93973382251921,20913.6962890625,-51.88168220265875,11663.818359375,-58.71955023728226,20999.1455078125,357161
-3.9422607,-3.4408662,0.380671,0.9492170883014146,0.0,-50.96459359785118,20935.05859375,-51.69263446447104,11642.4560546875,-58.583055933710135,20956.4208984375,357181
-3.956955,-3.4748287,0.38890782,2.5956172550469203,0.0,-50.926204307536494,20935.05859375,-52.12104038601773,11663.818359375,-58.47443998026179,20956.4208984375,357201
-3.971829,-3.5078952,0.39669618,2.5443390355634876,0.0,-50.951722655351574,20935.05859375,-52.17326245387753,11685.1806640625,-58.73664639004894,20999.1455078125,357221
-3.983357,-3.537466,0.4039587,1.393068140041184,0.0,-50.93588487885506,20935.05859375,-52.04661402915949,11706.54296875,-58.4288160204124,20999.1455078125,357241
-3.9926267,-3.5628088,0.41032085,2.8907902546016655,0.0,-50.97018552258974,20935.05859375,-51.9425700465264,11685.1806640625,-58.474754458377205,20999.1455078125,357261
-3.999493,-3.5848362,0.41610637,1.2613396343786552,0.0,-51.004041748676926,20913.6962890625,-51.76942971666922,11642.4560546875,-58.887497724632496,21020.5078125,357281
-4.0053077,-3.6010273,0.42017224,1.835893012888612,0.0,-50.99990375966959,20913.6962890625,-52.21750185315527,11663.818359375,-58.57558203729234,21020.5078125,357301
-4.0089774,-3.6120913,0.42301285,2.594954487147279,0.0,-51.08528725744516,20913.6962890625,-52.01311242890927,11685.1806640625,-58.49746997270891,21020.5078125,357321
-4.0115843,-3.6173174,0.42415163,1.6022764672387417,0.0,-51.08368208527462,20913.6962890625,-51.83528462988498,11663.818359375,-58.51609128964653,21020.5078125,357341
-4.011771,-3.6192286,0.4247427,1.2615297807360915,0.0,-51.03981418625572,20956.4208984375,-52.15003428642116,11663.818359375,-58.55909501391413,20999.1455078125,357361
-4.0130396,-3.6204286,0.424854,1.8353308662314736,0.0,-51.053015441332164,20935.05859375,-52.27644600044479,11706.54296875,-58.88038840143554,21020.5078125,357381
-4.014423,-3.6207147,0.42463818,1.2048964368557722,0.0,-51.069926741286324,20935.05859375,-51.789385690378296,11642.4560546875,-58.765294376045915,20999.1455078125,357441
-4.014748,-3.6217177,0.42489815,1.8362593895033577,0.0,-51.03475479213535,20935.05859375,-52.16436341182822,11685.1806640625,-58.44701183063997,20999.1455078125,357461
-4.015074,-3.6227205,0.42515808,2.610525532734704,0.0,-51.11020654902558,20913.6962890625,-52.11052314199223,11706.54296875,-58.38885205640902,20999.1455078125,357481
-4.0164804,-3.6230097,0.4249411,0.9471672915410189,0.0,-51.06987331223869,20913.6962890625,-51.945725825203795,11685.1806640625,-58.80537503508194,20999.1455078125,357501
-4.0166717,-3.6249204,0.42553246,1.4721061968471165,0.0,-51.10620814630796,20935.05859375,-51.87045388231505,11663.818359375,-58.72466973711074,21063.232421875,357521
-4.019718,-3.633952,0.42787686,1.92730922219843,0.0,-50.920988993208795,20913.6962890625,-52.0181063559163,11642.4560546875,-58.88291184376749,21041.8701171875,357541
-4.0237484,-3.649718,0.43225202,1.218819412976961,0.0,-50.90612762279093,20913.6962890625,-52.03610759485925,11706.54296875,-58.46675468407673,21020.5078125,357561
-4.02823,-3.6693065,0.43778807,2.5298415630011224,0.0,-50.925847173056994,20935.05859375,-51.8761113617132,11685.1806640625,-58.19227044770603,20977.783203125,357581
-4.0321817,-3.6859758,0.44246948,1.4905498660813636,0.0,-50.85787475049748,20935.05859375,-51.79059759352774,11685.1806640625,-58.392309512225594,20977.783203125,357601
-4.034632,-3.6995444,0.44644228,1.2236771659621533,0.0,-50.908420329537485,20935.05859375,-51.92840826330486,11663.818359375,-58.48158312239356,20956.4208984375,357621
-4.0360894,-3.7063751,0.4483893,2.7098247104304236,0.0,-50.833257169509636,20935.05859375,-52.14976961764903,11663.818359375,-58.63991204623883,20956.4208984375,357641
-4.037113,-3.7093813,0.4491615,0.9641168519020706,0.0,-50.96433803774475,20935.05859375,-52.09248999110837,11663.818359375,-58.42752290599388,20977.783203125,357661
-4.0379086,-3.7104728,0.44935006,1.9827715945804605,0.0,-50.969444039715626,20935.05859375,-51.721841293963195,11642.4560546875,-58.80212797493993,20977.783203125,357701
-4.0392957,-3.710745,0.44914287,2.39493651390774,0.0,-50.96532600779936,20913.6962890625,-52.15567429220789,11706.54296875,-58.338094600868274,21020.5078125,357761
-4.0400915,-3.7118351,0.4493381,2.547198835796899,0.0,-51.03436702068217,20935.05859375,-52.00030068329571,11642.4560546875,-58.96960824688137,21063.232421875,357801
-4.0414805,-3.712106,0.44913656,1.8570704028413378,0.0,-50.963109404176265,20935.05859375,-51.81638976551998,11663.818359375,-58.21384236745932,21041.8701171875,357861
-4.0428686,-3.7123778,0.44893417,1.1800926244269252,0.0,-50.99094667573688,20935.05859375,-52.47762418259717,11706.54296875,-58.88973514589864,21020.5078125,357921
-4.044256,-3.7126503,0.44872895,1.0060055801875825,0.0,-51.06897489811834,20913.6962890625,-52.20843026181775,11663.818359375,-58.200057583544584,20999.1455078125,357981
-4.045644,-3.7129228,0.44852278,1.6760847384036168,0.0,-51.173668192348444,20913.6962890625,-52.08526590431839,11642.4560546875,-59.022919870824424,21020.5078125,358041
-4.0470314,-3.7131953,0.44831774,2.4779162183986005,0.0,-51.17460264503433,20913.6962890625,-52.20343894896431,11685.1806640625,-58.89125337276578,20999.1455078125,358101
-4.048419,-3.7134671,0.448114,1.7102594845830967,0.0,-51.23007820951912,20935.05859375,-52.41033081172959,11663.818359375,-58.72230827170168,20977.783203125,358161
-4.0498075,-3.7137384,0.4479127,1.5467255703328708,0.0,-51.34967262430628,20935.05859375,-52.135163167457144,11663.818359375,-58.52454239800669,21020.5078125,358221
-4.0511966,-3.7140098,0.4477129,2.644345668665488,0.0,-51.37666801046387,20913.6962890625,-52.4368793907739,11706.54296875,-58.75790939903227,21020.5078125,358281
-4.0525856,-3.7142818,0.44751388,1.7647462795494608,0.0,-51.399201548422596,20913.6962890625,-52.39762028544273,11642.4560546875,-59.1367824211764,21041.8701171875,358341
-4.053974,-3.7145545,0.44731492,1.377487027862453,0.0,-51.34670126286104,20913.6962890625,-52.2664229117533,11663.818359375,-58.549236371740754,20977.783203125,358401
-4.055363,-3.714827,0.44711682,1.6545469863866167,0.0,-51.387997142263515,20935.05859375,-52.30098233189322,11663.818359375,-59.14915019528855,20999.1455078125,358461
-4.056752,-3.7150996,0.44691834,1.908051314239574,0.0,-51.39542630241315,20913.6962890625,-52.58643018314123,11685.1806640625,-58.642631123785065,20977.783203125,358521
-4.058141,-3.7153716,0.4467205,2.82665820497823,0.0,-51.45436842263808,20956.4208984375,-52.29915181245876,11663.818359375,-58.941714059310144,21063.232421875,358581
-4.0595303,-3.715644,0.4465221,2.6776137981271537,0.0,-51.487434700027144,20913.6962890625,-52.430626737829385,11685.1806640625,-58.619284052186025,21020.5078125,358641
-4.0609193,-3.7159162,0.44632578,1.9434808735753415,0.0,-51.41059536907704,20935.05859375,-52.67498025051413,11685.1806640625,-59.386936955633864,20999.1455078125,358701
-4.0623083,-3.7161887,0.4461285,1.2818417651754763,0.0,-51.43459154039702,20913.6962890625,-52.279711701561084,11599.7314453125,-58.96171503357105,20999.1455078125,358761
-4.0636973,-3.716461,0.44593176,1.025766960472444,0.0,-51.5019576545228,20935.05859375,-52.48159803274569,11685.1806640625,-58.794565040989475,21063.232421875,358821
-4.0650864,-3.7167327,0.4457347,1.4482250273008848,0.0,-51.55376295551881,20913.6962890625,-52.58991211987982,11685.1806640625,-58.87142633095336,20999.1455078125,358881
-4.0664754,-3.7170043,0.44553846,2.1925413065455808,0.0,-51.57055925089495,20935.05859375,-52.55307847957958,11642.4560546875,-59.04309416822598,21041.8701171875,358941
-4.0678644,-3.7172754,0.445341,2.727969016825864,0.0,-51.43103221856272,20935.05859375,-52.43329760975503,11642.4560546875,-59.11040414645765,20956.4208984375,359001
-4.0692534,-3.717547,0.44514206,2.822363637924183,0.0,-51.51742117395487,20913.6962890625,-52.534941698408744,11663.818359375,-58.64646201646706,20999.1455078125,359061
-4.0706425,-3.7178178,0.44494465,2.46343376652778,0.0,-51.542454030721174,20935.05859375,-52.60285197312513,11621.09375,-59.35345751918958,21020.5078125,359121
-4.0720315,-3.7180889,0.44474712,1.6393573689121712,0.0,-51.50296117723224,20935.05859375,-52.22309934917795,11642.4560546875,-58.97322002326297,20956.4208984375,359181
-4.0734205,-3.71836,0.44454852,2.644024618443762,0.0,-51.51031875930671,20956.4208984375,-52.628413418990824,11706.54296875,-58.781722021400924,20977.783203125,359241
-4.0748096,-3.7186315,0.44434857,1.0844705165982258,0.0,-51.52513583588883,20913.6962890625,-52.70044486363246,11663.818359375,-58.61409868663108,20999.1455078125,359301
-4.0761986,-3.7189028,0.44414914,1.87551236256574,0.0,-51.64970344828091,20935.05859375,-52.44641014972266,11663.818359375,-59.388141962881164,21020.5078125,359361
-4.0775876,-3.7191734,0.44395077,2.676448444369796,0.0,-51.56434629097368,20913.6962890625,-52.44491263592144,11685.1806640625,-58.855342154395636,21041.8701171875,359421
-4.0789766,-3.7194436,0.44375235,1.6726220132326297,0.0,-51.50333756092436,20956.4208984375,-52.745640139050785,11663.818359375,-59.28738503046699,20977.783203125,359481
-4.0803657,-3.7197127,0.44355458,1.4719061942764378,0.0,-51.5190411248685,20935.05859375,-52.250609766518544,11642.4560546875,-59.1633801500527,20977.783203125,359541
-4.0817547,-3.7199814,0.44335702,1.3539116872402497,0.0,-51.483739002598185,20935.05859375,-52.67252863206043,11685.1806640625,-58.974833995598445,21020.5078125,359601
-4.0831437,-3.7202506,0.44315803,1.0246172944881413,0.0,-51.5253737696693,20913.6962890625,-52.70513742528629,11663.818359375,-58.503002659597385,20956.4208984375,359661
-4.0845327,-3.7205203,0.4429579,1.4719143113362179,0.0,-51.52605977296485,20913.6962890625,-52.494115767040185,11642.4560546875,-58.97984215122492,21020.5078125,359721
-4.085922,-3.72079,0.44275734,2.4291746361430406,0.0,-51.51772789358244,20935.05859375,-52.44102034123042,11663.818359375,-59.00988587712396,20977.783203125,359781
-4.087311,-3.7210598,0.4425563,2.8551315280004106,0.0,-51.477791803776576,20935.05859375,-52.69485330202721,11685.1806640625,-58.85460476197476,20999.1455078125,359841
-4.0887,-3.7213295,0.44235614,2.5819068661988824,0.0,-51.56522880579527,20935.05859375,-52.356562560515684,11642.4560546875,-58.84135597778698,21084.5947265625,359901
-4.090089,-3.7215989,0.4421558,1.7289525123428027,0.0,-51.54680111617896,20935.05859375,-52.54255163676799,11706.54296875,-58.88348343355852,21041.8701171875,359961
-4.091478,-3.721868,0.4419557,1.0432307048782967,0.0,-51.53080832353362,20935.05859375,-52.73777064450421,11685.1806640625,-58.85430336444905,20999.1455078125,360021
-4.092867,-3.7221375,0.44175565,1.1847073811105198,0.0,-51.50601872343766,20956.4208984375,-52.530394036953815,11663.818359375,-58.91036674377809,20956.4208984375,360081
-4.094256,-3.722407,0.44155487,2.2776572261795707,0.0,-51.53244009147485,20935.05859375,-52.41544710218242,11663.818359375,-59.186418988780616,21020.5078125,360141
-4.095645,-3.7226772,0.44135377,2.3769540347562885,0.0,-51.542386999539,20913.6962890625,-52.65825240127362,11706.54296875,-58.61196779123557,21020.5078125,360201
-4.097034,-3.7229476,0.44115257,1.261823015637125,0.0,-51.514476730474925,20913.6962890625,-52.46854981793932,11642.4560546875,-58.855234923492674,21020.5078125,360261
-4.098422,-3.7232187,0.44095066,2.4471371709433036,0.0,-51.52907539884439,20935.05859375,-52.38433179652834,11685.1806640625,-58.83125629559019,20999.1455078125,360321
-4.09981,-3.7234898,0.44074926,1.6901244707049414,0.0,-51.548800975657684,20956.4208984375,-52.82617964733184,11685.1806640625,-59.27412998433443,20977.783203125,360381
