3.8329744,-2.053442,0.5716591,1.3192481622564742,0.0,-50.77263549620122,20935.05859375,-51.73452771600225,11663.818359375,-58.28923341033792,21041.8701171875,146413
3.8311558,-2.05413,0.5714873,1.7646575891624907,0.0,-50.75438026513082,20935.05859375,-51.967073816868705,11663.818359375,-58.487284399735664,20977.783203125,149453
3.827519,-2.055505,0.571134,1.5620570183409823,0.0,-50.839454288872396,20935.05859375,-51.77234053035539,11663.818359375,-58.91914897565768,20935.05859375,149493
3.8211396,-2.0578783,0.5705432,0.9690563139012134,0.0,-50.796955518131995,20913.6962890625,-51.532095010379,11642.4560546875,-58.404253855682995,21020.5078125,149513
3.8126473,-2.0600538,0.56942064,2.7439224811742866,0.0,-50.814140161269975,20913.6962890625,-51.831952209535004,11685.1806640625,-58.441671811799424,20999.1455078125,149533
3.807182,-2.0620854,0.5688766,1.7988738374030646,0.0,-50.89093347843024,20913.6962890625,-51.83302825513457,11685.1806640625,-58.24093132181551,20999.1455078125,149553
3.804451,-2.0631034,0.5685976,1.996681611461482,0.0,-50.83451521399283,20913.6962890625,-51.98985887964885,11706.54296875,-58.52536570400634,21020.5078125,149573
3.8026302,-2.0637817,0.56840944,1.8177642303123238,0.0,-50.85435458093329,20935.05859375,-51.715306953691915,11685.1806640625,-58.466206405255214,21020.5078125,149653
3.8008087,-2.0644574,0.56822133,1.2432829875870057,0.0,-50.78487092130487,20935.05859375,-51.60678923184083,11663.818359375,-58.511860901270396,21020.5078125,149673
3.7980735,-2.0654657,0.5679454,2.9220990671225167,0.0,-50.787243885315256,20956.4208984375,-51.816696058693694,11685.1806640625,-58.48969741293623,20977.783203125,149693
3.7935128,-2.0671394,0.5674834,1.1612317597712114,0.0,-50.721567534320215,20935.05859375,-52.009107506547736,11685.1806640625,-58.71489793213152,21041.8701171875,149713
3.7871249,-2.0694723,0.5668288,2.171486553997139,0.0,-50.749821002760015,20935.05859375,-51.86190919107601,11706.54296875,-58.363826313501484,21020.5078125,149733
3.7765067,-2.0713465,0.56515205,1.2042384330608549,0.0,-50.79217822143126,20935.05859375,-51.76527427043958,11642.4560546875,-58.5615773593591,20999.1455078125,149753
3.75679,-2.0734758,0.56175196,1.2618478087751992,0.0,-50.792656065165644,20935.05859375,-51.743550321437056,11642.4560546875,-58.60889102612853,21041.8701171875,149773
3.7181334,-2.0706542,0.5529721,2.9033119126063047,0.0,-50.95648694280078,20935.05859375,-51.93429122094369,11642.4560546875,-58.26995486906404,21020.5078125,149793
3.653776,-2.0641842,0.53820336,1.2768564554694324,0.0,-51.03771322080773,20913.6962890625,-51.82309663931848,11685.1806640625,-58.38245449238094,21041.8701171875,149813
3.5626743,-2.0540793,0.5180801,1.3758358627378044,0.0,-51.067763154953525,20913.6962890625,-51.69051950739208,11685.1806640625,-58.37454879819738,21063.232421875,149833
3.4724977,-2.0436385,0.49800894,2.3474867109302178,0.0,-51.08675421521401,20913.6962890625,-51.79296023821913,11663.818359375,-58.636815447883244,21020.5078125,149853
3.402964,-2.0334551,0.4821053,1.0443089398110001,0.0,-51.0445695004931,20913.6962890625,-52.0879015662404,11642.4560546875,-58.96866768064041,21020.5078125,149873
3.3528569,-2.026204,0.47043073,2.527952348210825,0.0,-51.102082281832004,20935.05859375,-51.75813905073852,11685.1806640625,-58.69293944920561,21041.8701171875,149893
3.3178823,-2.0215075,0.4622228,1.2424024525069266,0.0,-50.954018635059,20935.05859375,-51.54574000671896,11663.818359375,-58.59205815041215,20999.1455078125,149913
3.292173,-2.0204043,0.45689133,1.3581095857695584,0.0,-50.85622739034328,20935.05859375,-51.688958610682164,11663.818359375,-58.43075393842944,20935.05859375,149933
3.2706978,-2.0198164,0.45247215,2.2584909077686306,0.0,-50.86496201886674,20935.05859375,-51.918002158801485,11685.1806640625,-58.57439457979819,20956.4208984375,149953
3.2525265,-2.0200577,0.44891214,1.0627260702793997,0.0,-50.89044142524177,20935.05859375,-51.97898751601854,11685.1806640625,-58.75601503073699,20999.1455078125,149973
3.2376506,-2.0211267,0.44624102,2.889544086415747,0.0,-50.85733369582363,20935.05859375,-51.713688904366066,11642.4560546875,-58.78207777125684,20977.783203125,149993
3.2248826,-2.022451,0.44405395,1.1855732631560965,0.0,-50.94327280463905,20913.6962890625,-51.59769678093455,11642.4560546875,-58.550074341556154,20999.1455078125,150013
3.2093422,-2.024674,0.44160658,1.9985002684762587,0.0,-50.891667637462234,20935.05859375,-51.855467017358876,11642.4560546875,-58.371500954594886,20999.1455078125,150033
3.188408,-2.025768,0.43774217,2.5610230180034375,0.0,-50.90179035818255,20913.6962890625,-51.81272801374828,11685.1806640625,-58.636010650860484,21020.5078125,150053
3.162079,-2.0257642,0.43246046,1.045472932691291,0.0,-51.08466268599259,20913.6962890625,-51.81125527097491,11706.54296875,-58.42186055800204,20977.783203125,150073
3.1329741,-2.0266664,0.42695078,2.8586190061967427,0.0,-51.05645603621148,20935.05859375,-51.727295670425434,11663.818359375,-58.68852244995188,20977.783203125,150093
3.1069129,-2.0275013,0.42194858,1.7658006348947441,0.0,-50.98581650532096,20913.6962890625,-51.77147412272643,11663.818359375,-58.9258774461652,20977.783203125,150113
3.0890253,-2.0285518,0.41857558,1.9604402297309886,0.0,-50.93305068359031,20913.6962890625,-52.00130944436533,11706.54296875,-58.38551657448551,21020.5078125,150133
3.081135,-2.0292222,0.41713703,2.2415020612404266,0.0,-51.02195732068562,20935.05859375,-51.761359442776154,11685.1806640625,-58.33688594264753,21020.5078125,150153
3.0762715,-2.029872,0.41630554,1.3578774372882032,0.0,-50.983983093430936,20935.05859375,-51.59563485155249,11663.818359375,-58.276810461245255,20999.1455078125,150173
3.0739126,-2.0287273,0.41544175,1.3962508717096311,0.0,-50.89272066953649,20935.05859375,-51.756978673544026,11642.4560546875,-58.39661694801079,20935.05859375,150193
3.0712907,-2.0267074,0.41424605,2.494823825086519,0.0,-50.94870129197411,20956.4208984375,-52.08315638803242,11685.1806640625,-58.52839584622199,20913.6962890625,150213
3.0689278,-2.02557,0.41338396,1.745013588286234,0.0,-50.96087800946371,20956.4208984375,-51.85969452575803,11685.1806640625,-58.40715571152808,20999.1455078125,150233
3.0674832,-2.0241225,0.4126215,1.5833003161484807,0.0,-50.97624299181203,20956.4208984375,-51.71182117336748,11663.818359375,-58.16163158325227,20999.1455078125,150253
3.0660372,-2.0226767,0.41185904,0.9689661211013112,0.0,-50.98473016028059,20956.4208984375,-51.448493183452406,11663.818359375,-58.63129863775103,21063.232421875,150273
3.0645883,-2.0212336,0.41109684,2.188774925607554,0.0,-50.9792611625042,20935.05859375,-51.85650623686108,11685.1806640625,-58.42905411909777,20977.783203125,150293
3.0622177,-2.0201106,0.41023663,1.541651043446533,0.0,-50.948892787064594,20913.6962890625,-51.954258655557624,11706.54296875,-58.444053022878755,20977.783203125,150313
3.0583863,-2.01756,0.40861502,1.635857003963369,0.0,-50.981658654829786,20913.6962890625,-51.9091374814488,11685.1806640625,-58.18210323555491,20999.1455078125,150333
3.0548222,-2.0158918,0.40732652,2.810532371560555,0.0,-51.00468589315639,20913.6962890625,-51.640532118924355,11663.818359375,-58.7546560633843,21041.8701171875,150353
3.052174,-2.0139039,0.40613547,0.9879031481985312,0.0,-50.96260112703657,20913.6962890625,-51.68222624879327,11642.4560546875,-58.57914017189198,21084.5947265625,150373
3.050069,-2.0136673,0.40560997,2.6603700104739367,0.0,-50.99623737943173,20913.6962890625,-51.88083260473913,11685.1806640625,-58.054984266685125,21020.5078125,150393
3.0482347,-2.0143063,0.4054174,2.1726410469917052,0.0,-50.94457797908754,20913.6962890625,-51.800633445573084,11685.1806640625,-58.38051842442986,21063.232421875,150413
3.0436454,-2.0158954,0.40494195,1.3008004125623671,0.0,-50.94581445814821,20935.05859375,-51.64951386360396,11663.818359375,-58.152939019395774,21041.8701171875,150433
3.034454,-2.0190444,0.40401426,1.6385088193223882,0.0,-50.929479824018784,20935.05859375,-51.87523079745232,11663.818359375,-58.23107571065335,20956.4208984375,150453
3.0004387,-2.0274732,0.40013838,1.0237728442366891,0.0,-50.91097633625693,20935.05859375,-52.073347820774465,11685.1806640625,-59.001460365704865,21020.5078125,150473
2.9274132,-2.038744,0.3924259,2.6273824137190505,0.0,-50.93218258534261,20935.05859375,-51.85223697171486,11663.818359375,-58.59813946201789,21020.5078125,150493
2.8356369,-2.0553827,0.38326222,1.3767667619544421,0.0,-50.99628537799504,20935.05859375,-51.84235490423986,11663.818359375,-58.58615854478343,20977.783203125,150513
2.761463,-2.0728533,0.37733188,1.4151955658798312,0.0,-51.19578288936577,20935.05859375,-51.88797795063819,11642.4560546875,-58.490467155960424,20977.783203125,150533
2.710984,-2.0875695,0.37323064,2.3267092123110826,0.0,-51.17596714962566,20935.05859375,-52.170757049754414,11663.818359375,-58.4947873747445,21020.5078125,150553
2.6793067,-2.0970507,0.37026632,1.063192492605817,0.0,-51.281246574247774,20913.6962890625,-52.23730059301869,11685.1806640625,-58.90319877736053,20956.4208984375,150573
2.6556852,-2.1028483,0.36751336,2.5643091850572794,0.0,-51.22319028640254,20913.6962890625,-51.93749209891948,11663.818359375,-58.884863427507035,21020.5078125,150593
2.6376204,-2.1068206,0.3651526,2.1582863381920707,0.0,-51.238590665879585,20913.6962890625,-52.060450369309024,11642.4560546875,-58.70849351339192,21041.8701171875,150613
2.6262844,-2.1095564,0.3636921,2.0512986119578844,0.0,-51.30246490759952,20913.6962890625,-52.216351972401924,11642.4560546875,-59.17977446845921,21020.5078125,150633
2.6179724,-2.1122627,0.36282837,2.870358193625152,0.0,-51.193511265011054,20913.6962890625,-52.097619997100566,11706.54296875,-58.83460237874321,21020.5078125,150653
2.6133542,-2.1137624,0.3623414,1.1432740728652362,0.0,-51.277951405375184,20935.05859375,-52.146945436069025,11706.54296875,-58.560671814388634,21020.5078125,150673
2.608734,-2.1152544,0.36185062,1.2433104469109113,0.0,-51.28019908171719,20935.05859375,-51.952431453662044,11663.818359375,-58.19065752876324,20999.1455078125,150693
2.6034365,-2.1179216,0.36158755,2.5808414930051575,0.0,-51.296534863766425,20956.4208984375,-52.238838423592114,11706.54296875,-58.610774035076574,20977.783203125,150713
2.599062,-2.1202888,0.36142105,0.9636363072954074,0.0,-51.16505167717419,20956.4208984375,-52.34714992982621,11685.1806640625,-58.85622859210689,20999.1455078125,150733
2.5953631,-2.1214728,0.36102328,2.791794917402259,0.0,-51.17148861903952,20935.05859375,-52.0340631012468,11663.818359375,-58.81705676844028,21020.5078125,150753
2.5928364,-2.123245,0.36105466,1.262489834747199,0.0,-51.14651638834019,20956.4208984375,-51.92427297220288,11642.4560546875,-58.510904680831494,20977.783203125,150773
2.590988,-2.123839,0.3608529,2.377636584828364,0.0,-51.254381821975095,20913.6962890625,-52.35895882808176,11727.9052734375,-58.913736321134,21020.5078125,150833
2.5877116,-2.122984,0.35989437,2.7454215861885825,0.0,-51.21559954287105,20935.05859375,-52.14637806006881,11663.818359375,-58.90451811951535,20999.1455078125,150853
2.581149,-2.1213105,0.35797948,1.7670309339757808,0.0,-51.343220271920316,20913.6962890625,-52.11248452373896,11642.4560546875,-58.4454877261222,20999.1455078125,150873
2.5736575,-2.119976,0.3559759,2.4280224418673324,0.0,-51.33194253604225,20913.6962890625,-52.448857400958104,11663.818359375,-58.51363981387806,20977.783203125,150893
2.5679946,-2.118033,0.3541843,2.7253347389420868,0.0,-51.371079809441405,20935.05859375,-52.18963352374202,11685.1806640625,-58.48846072445796,21020.5078125,150913
2.5635154,-2.1166558,0.3528224,1.5638292178060123,0.0,-51.33532881378347,20935.05859375,-52.02750333301442,11663.818359375,-58.59443256232051,20977.783203125,150933
2.5614092,-2.116406,0.35230836,2.4487477245403557,0.0,-51.321082209817924,20935.05859375,-52.127759088558605,11642.4560546875,-58.601511455560996,20999.1455078125,150953
2.5602224,-2.115842,0.35188603,2.1556828987746908,0.0,-51.354691608001495,20956.4208984375,-52.39217313686425,11663.818359375,-58.754163495069704,20977.783203125,150973
2.5556269,-2.1174176,0.35142493,0.9688126151451202,0.0,-51.436007378132985,20935.05859375,-52.19534914760445,11642.4560546875,-58.632160414510615,20977.783203125,151193
2.5298207,-2.12297,0.34893405,2.76127267835592,0.0,-51.520253697885785,20935.05859375,-52.60998057043301,11663.818359375,-59.2071490349478,20956.4208984375,151213
2.4824533,-2.1347609,0.34519267,1.709266849406463,0.0,-51.600871264391266,20935.05859375,-53.03279190297747,11663.818359375,-59.242074488288026,20999.1455078125,151233
2.4297216,-2.1522965,0.34258676,2.444341704284993,0.0,-51.79594252165921,20935.05859375,-53.281376055273135,11663.818359375,-59.402457652963825,20956.4208984375,151253
2.3879738,-2.1721783,0.3419795,2.612769335401164,0.0,-51.90594586933916,20935.05859375,-53.01346836372649,11663.818359375,-59.60534030690929,21020.5078125,151273
2.3576238,-2.1892796,0.34197938,1.0677183371493364,0.0,-51.97730453621479,20935.05859375,-52.98024571503298,11642.4560546875,-59.59366422747052,20999.1455078125,151293
2.3350358,-2.2018287,0.34175047,2.710128802111339,0.0,-52.07976399591595,20935.05859375,-53.58674764594417,11706.54296875,-59.528292821768446,20956.4208984375,151313
2.3121696,-2.213489,0.34115204,2.5115766947526903,0.0,-52.344852383906954,20913.6962890625,-53.65429008157971,11685.1806640625,-59.72390510236874,20977.783203125,151333
2.2850702,-2.2246325,0.33954492,1.655492646794747,0.0,-52.471469898058096,20913.6962890625,-54.325937344180666,11706.54296875,-59.682057410875906,20999.1455078125,151353
2.2542868,-2.237033,0.33764684,1.3769350554231568,0.0,-52.80490848487571,20913.6962890625,-54.29539550359785,11663.818359375,-60.142862050025826,21041.8701171875,151373
2.2207363,-2.2503672,0.33553672,1.1635741798896917,0.0,-52.80146341090618,20913.6962890625,-54.421284024311795,11642.4560546875,-60.733124944201464,20977.783203125,151393
2.186268,-2.2640157,0.33330253,2.394174679540955,0.0,-52.975547755994334,20913.6962890625,-54.98962466131368,11706.54296875,-60.60849398343273,20999.1455078125,151413
2.1527019,-2.2773092,0.3311879,1.8376315389675002,0.0,-53.16217257226124,20935.05859375,-54.982792687406146,11663.818359375,-60.868081436959926,20999.1455078125,151433
2.1172981,-2.2912307,0.328854,1.5085884510678134,0.0,-53.43310306968752,20935.05859375,-55.26173697876449,11663.818359375,-61.04574080509639,20956.4208984375,151453
2.0823066,-2.3031461,0.3258324,1.8023046615572302,0.0,-53.7090298389456,20935.05859375,-55.81369788927765,11642.4560546875,-61.54319218112416,20977.783203125,151473
2.0482495,-2.3147984,0.3229311,1.392749558726065,0.0,-53.880438341328556,20935.05859375,-56.46640882717033,11685.1806640625,-62.01530141962901,20977.783203125,151493
2.0142093,-2.3264878,0.31998235,2.327391637366584,0.0,-54.30154801591115,20935.05859375,-56.414989707436305,11685.1806640625,-62.12861495323614,20999.1455078125,151513
1.9841437,-2.337806,0.31747854,2.0872566004533146,0.0,-54.3177071940641,20935.05859375,-56.50257507129824,11663.818359375,-61.646753438692244,20892.333984375,151533
1.9617283,-2.3474977,0.31580907,1.747919306179044,0.0,-54.43473699249797,20913.6962890625,-56.51728412149829,11621.09375,-61.97694543664489,20977.783203125,151553
1.9482381,-2.3531551,0.3146737,2.59546070199081,0.0,-54.38860188637729,20913.6962890625,-56.91175998413871,11706.54296875,-62.24476633709877,20999.1455078125,151573
1.94209,-2.3562694,0.31430957,2.224481978412156,0.0,-54.406119698372,20935.05859375,-56.837980145958376,11706.54296875,-62.076367556194405,20977.783203125,151593
1.9396102,-2.3581066,0.31434262,2.1913523894594227,0.0,-54.449094580994135,20935.05859375,-56.645888902203716,11685.1806640625,-61.855692661679726,21105.95703125,151613
1.9377775,-2.358748,0.31414282,1.9811226651266245,0.0,-54.54110385087954,20892.333984375,-56.668304117773296,11621.09375,-62.42968743426937,21020.5078125,151633
1.933841,-2.3591607,0.31341484,1.413714090027364,0.0,-54.41122833683134,20913.6962890625,-56.55063491899598,11685.1806640625,-62.26037266685835,20956.4208984375,151693
1.9271545,-2.3605456,0.31241354,1.5829085522926165,0.0,-54.640646995158036,20935.05859375,-56.85711022116914,11663.818359375,-62.669067048567,20999.1455078125,151713
1.9161497,-2.3643994,0.31131187,2.3282086107403166,0.0,-54.67917484784074,20913.6962890625,-57.591458201133605,11685.1806640625,-62.948885391886115,20999.1455078125,151733
1.8938425,-2.3711812,0.30885646,1.4116401988711686,0.0,-54.94078469582885,20935.05859375,-58.31038936853836,11685.1806640625,-63.47276661485318,20935.05859375,151753
1.8577363,-2.382775,0.30542862,2.5131380536113324,0.0,-55.37989829697018,20935.05859375,-58.112312921520285,11685.1806640625,-63.59170242133204,21020.5078125,151773
1.8058844,-2.3995998,0.30136225,1.784095325817344,0.0,-55.696588338329036,20913.6962890625,-58.15762064248239,11621.09375,-63.903960495204345,21020.5078125,151793
1.7508634,-2.419343,0.29773888,1.9100550217795997,0.0,-55.921043543761854,20913.6962890625,-59.002691433479114,11642.4560546875,-63.93004705623828,20999.1455078125,151813
1.704603,-2.4409566,0.29604462,2.2416741295662157,0.0,-56.09642727261643,20913.6962890625,-59.250784426383596,11663.818359375,-63.96019405251824,20956.4208984375,151833
1.6669408,-2.460669,0.29506037,1.4122111671555961,0.0,-56.27904805156688,20956.4208984375,-59.46210762970084,11685.1806640625,-64.20314346251372,21041.8701171875,151853
1.6366981,-2.4779518,0.29454055,2.3965583071152503,0.0,-56.52663359118751,20935.05859375,-59.35741479301601,11685.1806640625,-64.37277130929546,21020.5078125,151873
1.6148111,-2.4924974,0.29452875,1.9098285283958072,0.0,-56.503820495432564,20956.4208984375,-59.672284987107346,11642.4560546875,-64.6592727223778,20999.1455078125,151893
1.595964,-2.5069633,0.29516432,1.6363618967167226,0.0,-56.641995897872334,20956.4208984375,-60.140539824554374,11642.4560546875,-65.20672830446355,21041.8701171875,151913
1.5774722,-2.5193481,0.2952633,2.412169997872966,0.0,-56.783830536833264,20935.05859375,-59.81328703023297,11642.4560546875,-65.21729101229467,21063.232421875,151933
1.5580498,-2.5320356,0.29531458,1.4887427822925483,0.0,-56.77368439782495,20935.05859375,-59.79171235201339,11642.4560546875,-64.70065279157228,21020.5078125,151953
1.535286,-2.5438824,0.2945146,1.856286396430966,0.0,-56.76853239090885,20913.6962890625,-59.92591045359848,11642.4560546875,-64.90452875663678,20913.6962890625,151973
1.5119462,-2.5539305,0.29308572,2.1555256460983765,0.0,-56.934786527832216,20977.783203125,-60.356333063397,11685.1806640625,-64.82329022827982,20956.4208984375,151993
1.4879459,-2.5651352,0.29188555,1.6363425696819762,0.0,-56.804823967258926,20935.05859375,-60.51872763452944,11642.4560546875,-64.88946786056268,21020.5078125,152013
1.465488,-2.5747685,0.2904685,2.446927669577254,0.0,-56.956849308204305,20913.6962890625,-60.28682455819574,11642.4560546875,-65.1073216048617,20999.1455078125,152033
1.4434073,-2.5822995,0.28836817,1.7839310338930228,0.0,-57.05104930168292,20849.609375,-60.182899229930975,11663.818359375,-65.2827320111279,21127.3193359375,152053
1.4228978,-2.5882926,0.28603524,2.1901225122422296,0.0,-56.92660041296992,20913.6962890625,-60.55167394774663,11663.818359375,-65.15074654878833,21041.8701171875,152073
1.4042268,-2.5936382,0.2838444,2.1030941712290234,0.0,-57.331401045483176,20892.333984375,-60.510192955776496,11685.1806640625,-64.95993581145719,21041.8701171875,152093
1.3862171,-2.5977862,0.28136736,1.6741603687411153,0.0,-56.89610397327637,20977.783203125,-60.380332091830944,11642.4560546875,-65.14815995434854,20977.783203125,152113
1.3693868,-2.6024873,0.27931166,1.7476791525466993,0.0,-57.16345194446806,20935.05859375,-60.63303460304568,11642.4560546875,-65.8645191709781,21170.0439453125,152133
1.353215,-2.6059844,0.2769988,1.562779404969197,0.0,-57.047407694513346,20977.783203125,-60.69803467804402,11621.09375,-65.3873824585463,20956.4208984375,152153
1.3382225,-2.6100464,0.27511805,2.2587165329674876,0.0,-57.22644300127348,20935.05859375,-60.54859774131393,11727.9052734375,-65.44183034642874,20999.1455078125,152173
1.3229636,-2.613209,0.27291945,1.9272737740549426,0.0,-57.216988619333804,20913.6962890625,-60.57805553992552,11706.54296875,-64.97520940207166,20935.05859375,152193
1.3125733,-2.6157098,0.27150434,1.747793671165644,0.0,-57.12636946587486,20913.6962890625,-60.38081623406435,11642.4560546875,-64.9376048793986,21041.8701171875,152213
1.3070488,-2.6175554,0.27089846,2.42952608306669,0.0,-57.223606270185876,20913.6962890625,-60.759850199984484,11663.818359375,-64.95905897508703,20977.783203125,152233
1.3042862,-2.6184769,0.27059406,1.5249642984824012,0.0,-57.264307723310985,20913.6962890625,-61.037854206545575,11727.9052734375,-65.22187696771591,20999.1455078125,152253
1.3021878,-2.6182077,0.27005827,2.1733752057220563,0.0,-57.252039636243325,20956.4208984375,-60.44681907984231,11663.818359375,-65.5152320793351,21063.232421875,152273
1.2994232,-2.6191227,0.26975343,1.729547423381468,0.0,-57.146168679927236,20892.333984375,-60.35269811697308,11663.818359375,-65.23856552201772,20913.6962890625,152293
1.296657,-2.6200342,0.2694524,1.9450584969492524,0.0,-57.27646012387616,20892.333984375,-60.38613462565188,11663.818359375,-64.9244388330578,20956.4208984375,152313
1.2938905,-2.6209445,0.26915047,2.4456369032129235,0.0,-57.23253129394593,20913.6962890625,-60.41455110124076,11706.54296875,-65.62860664722496,21020.5078125,152333
1.2932216,-2.6221294,0.2693822,2.050781772889911,0.0,-57.21458918759648,20892.333984375,-60.62517806594619,11663.818359375,-65.54187934307242,20999.1455078125,152353
1.291377,-2.6227348,0.26918006,1.8198072541468218,0.0,-57.065980947433914,20892.333984375,-60.518096122808544,11599.7314453125,-65.45791171249901,20999.1455078125,152393
1.2895324,-2.62334,0.26897526,2.412371553456193,0.0,-57.224539344097174,20935.05859375,-60.425659652277226,11663.818359375,-65.26717596683065,21020.5078125,152433
1.2876883,-2.6239457,0.2687695,1.838134292671558,0.0,-57.14564849610515,20913.6962890625,-60.61252139124478,11621.09375,-65.10624897161097,20892.333984375,152473
1.2828231,-2.624597,0.26794964,1.619394649902499,0.0,-57.14868734123804,20956.4208984375,-60.022065978139274,11706.54296875,-64.99558688445948,20977.783203125,152713
1.2691426,-2.6262405,0.2656208,1.9094731116385506,0.0,-57.10923424910246,20935.05859375,-60.81763900836237,11642.4560546875,-65.36937071124368,21041.8701171875,152733
1.2450726,-2.6304083,0.2618971,1.6362895136683118,0.0,-57.33966240601446,20935.05859375,-61.010992133497155,11685.1806640625,-65.14732373550613,20892.333984375,152753
1.2203789,-2.6359003,0.25835148,2.050804664647228,0.0,-57.29041661711534,20935.05859375,-60.780130209890615,11663.818359375,-65.93035637212043,21020.5078125,152773
1.2038176,-2.6415272,0.25670904,1.7476284630698926,0.0,-57.300056208145584,20935.05859375,-60.548675440279126,11642.4560546875,-65.91278684220016,20956.4208984375,152793
1.195267,-2.643453,0.25557366,1.544935483267674,0.0,-57.31249314823821,20935.05859375,-60.49870323167995,11621.09375,-65.57931343719368,20913.6962890625,152813
1.1897436,-2.6453197,0.25502542,2.4289434616758507,0.0,-57.268734743464016,20913.6962890625,-60.72849329635616,11663.818359375,-65.1746167105709,20977.783203125,152833
1.1860626,-2.6465645,0.25464994,1.581061593245237,0.0,-57.310631123685226,20935.05859375,-60.86072031341924,11663.818359375,-65.06474663676292,20999.1455078125,152853
1.182383,-2.6478102,0.2542636,1.8020468327521943,0.0,-57.27382234014754,20935.05859375,-60.228095202590126,11642.4560546875,-65.51822718630606,20999.1455078125,152873
1.179885,-2.6496227,0.25430298,2.051968070010889,0.0,-57.386696945284406,20935.05859375,-60.75434905850075,11663.818359375,-65.61624652215357,20892.333984375,152893
1.1771245,-2.6505535,0.2540101,2.120671261217665,0.0,-57.291915485600185,20956.4208984375,-60.87038088625795,11685.1806640625,-65.65307579716726,20870.9716796875,152913
1.1727829,-2.6529808,0.2538492,2.137918574635991,0.0,-57.32933518837758,20913.6962890625,-60.57517995247015,11685.1806640625,-65.37483026454304,20935.05859375,152933
1.1580487,-2.6579416,0.252381,1.802138970590956,0.0,-57.43990621093326,20935.05859375,-60.63927298486778,11642.4560546875,-65.6861028432469,20956.4208984375,152973
1.1354083,-2.6635904,0.24955335,2.068322766229744,0.0,-57.39087283476351,20956.4208984375,-61.15929837884689,11642.4560546875,-65.70216685931544,20999.1455078125,152993
1.1088842,-2.6697092,0.24575502,2.172552321635935,0.0,-57.28095407979285,20913.6962890625,-61.07644583141201,11621.09375,-65.81185144486763,20913.6962890625,153013
1.082544,-2.6766741,0.24287255,1.5449145631906303,0.0,-57.20839940200368,20956.4208984375,-60.317474903084246,11642.4560546875,-65.81301554253427,20999.1455078125,153053
1.0610813,-2.683016,0.24087316,1.9443439350936127,0.0,-57.17347808580834,20913.6962890625,-60.651373872064404,11621.09375,-65.45138498423371,20999.1455078125,153093
1.0378292,-2.690087,0.23849612,1.9978246084905078,0.0,-57.195322745518254,20935.05859375,-60.76094350392083,11663.818359375,-65.40197434523378,21041.8701171875,153113
1.0146512,-2.6972606,0.23573284,1.7295003442459098,0.0,-57.10333909082644,20935.05859375,-60.57071263863144,11642.4560546875,-64.86801072100754,21170.0439453125,153133
0.9930138,-2.702913,0.23297668,1.8562256704698226,0.0,-57.06025587786374,20935.05859375,-60.040691438994116,11578.369140625,-65.3739894781599,21084.5947265625,153153
0.9741307,-2.7076266,0.23051667,2.1900379978340063,0.0,-57.02389522969735,20913.6962890625,-60.77017313000554,11663.818359375,-64.88078150856711,21063.232421875,153173
0.95587397,-2.711107,0.22786495,2.068002082693809,0.0,-56.900368537241576,20913.6962890625,-60.17736991766708,11685.1806640625,-64.9548882945556,20999.1455078125,153193
0.9385446,-2.7142942,0.2252683,1.674594380948515,0.0,-56.87825996732185,20935.05859375,-59.9157197158279,11685.1806640625,-65.00347177546135,20999.1455078125,153213
0.9203015,-2.7178113,0.22257175,2.4639185384146547,0.0,-56.723439702282725,20935.05859375,-59.90644484344099,11621.09375,-64.55903257958332,20913.6962890625,153233
0.90179,-2.720466,0.21950579,1.5441191317694063,0.0,-56.58541893963368,20956.4208984375,-60.069055351084124,11663.818359375,-65.23465345295446,20935.05859375,153253
0.88207,-2.722536,0.21608818,2.275944436418581,0.0,-56.41939293808405,20935.05859375,-59.72905486260516,11685.1806640625,-64.44979748354514,20870.9716796875,153273
0.86022615,-2.7243516,0.21222949,2.0335689307310827,0.0,-56.38871513010404,20913.6962890625,-59.5047951037366,11642.4560546875,-64.61199952475903,21041.8701171875,153293
0.83811283,-2.7252674,0.20800051,1.7114504905560226,0.0,-56.293897008461414,20935.05859375,-59.15670479579241,11621.09375,-64.9345497090207,20999.1455078125,153313
0.816016,-2.7261922,0.20368782,2.051182560934379,0.0,-56.21341720821886,20935.05859375,-59.23003642438269,11663.818359375,-64.23080750757896,20999.1455078125,153333
0.7939236,-2.7271056,0.1993503,1.4495755655792852,0.0,-56.2532044926084,20935.05859375,-59.432017137776626,11706.54296875,-64.05714551060751,20935.05859375,153353
0.77090037,-2.7283063,0.19498248,1.9272545565859713,0.0,-55.940098104810836,20913.6962890625,-58.8999272572222,11685.1806640625,-64.08774777108094,21041.8701171875,153373
0.74878305,-2.7291512,0.1907595,1.892424016698922,0.0,-55.87595945734264,20977.783203125,-58.495025367372186,11642.4560546875,-63.700646966523074,21127.3193359375,153393
0.7287814,-2.7302487,0.1870108,1.6001347170571778,0.0,-55.73244897218615,20935.05859375,-58.592613978884465,11621.09375,-63.0163510081842,20913.6962890625,153413
0.709713,-2.7310321,0.18327521,2.3950453952490207,0.0,-55.51539731283217,20913.6962890625,-58.365012419451354,11663.818359375,-63.14303685179262,21105.95703125,153433
0.6906497,-2.731805,0.1795115,1.3746405675346771,0.0,-55.53872232788332,20892.333984375,-58.05297593501272,11685.1806640625,-63.49173602226,20913.6962890625,153453
0.6652522,-2.731841,0.17426875,1.5814966694342594,0.0,-55.02675218176081,20935.05859375,-57.78292041533746,11621.09375,-63.226502674260765,21041.8701171875,153493
0.6417082,-2.73127,0.1691281,2.3101363599734888,0.0,-55.067724268891595,20956.4208984375,-57.88005990801441,11685.1806640625,-62.80977688213294,21063.232421875,153513
0.61751187,-2.7318864,0.16424897,2.032884886577696,0.0,-54.628222489359636,20935.05859375,-57.168285524526,11685.1806640625,-62.51862289391148,21084.5947265625,153533
0.5939529,-2.7312818,0.15918137,1.3951800600284756,0.0,-54.50224987224958,20935.05859375,-56.70634038437538,11642.4560546875,-62.27696795286277,20977.783203125,153553
0.5706678,-2.7315247,0.15442492,1.8019043541967117,0.0,-54.35618725851736,20956.4208984375,-56.954956245356,11663.818359375,-62.52018857806482,20999.1455078125,153573
0.55040807,-2.731695,0.15027522,2.2756414302803574,0.0,-54.165549837494765,20935.05859375,-56.73749350981207,11663.818359375,-62.35908827170421,20999.1455078125,153593
0.5286875,-2.7304158,0.14539433,1.9797705770894567,0.0,-54.09225262532105,20977.783203125,-55.8190432695059,11663.818359375,-61.87948862345345,20956.4208984375,153613
0.5048572,-2.728891,0.14001271,1.5827135030555894,0.0,-53.849443471972975,20913.6962890625,-55.70902264769684,11642.4560546875,-61.577681407387,21041.8701171875,153633
0.4801002,-2.727685,0.13457403,1.7298674409134331,0.0,-53.63475405119104,20913.6962890625,-55.25427169028093,11663.818359375,-61.501271999326555,21041.8701171875,153653
0.45296964,-2.725376,0.12827227,2.6610042199016775,0.0,-53.64944503966876,20913.6962890625,-55.31480558125179,11706.54296875,-60.98821803995684,20999.1455078125,153673
0.4263861,-2.724803,0.122599065,2.2413123146740204,0.0,-53.45774801828917,20935.05859375,-55.25903084835881,11706.54296875,-60.99023938972766,20999.1455078125,153693
0.4016416,-2.7235699,0.11710979,1.619542918500725,0.0,-53.181226569813134,20913.6962890625,-54.77553635304854,11663.818359375,-60.63604260512441,20977.783203125,153713
0.37543994,-2.7208843,0.11088158,1.5453883320931117,0.0,-52.995898678047936,20892.333984375,-54.56114933201742,11642.4560546875,-60.862798334526225,21020.5078125,153733
0.34924802,-2.7182057,0.10460943,2.2242592099440754,0.0,-52.95303663208618,20913.6962890625,-54.70535526746897,11663.818359375,-60.78900514172574,20956.4208984375,153753
0.32423776,-2.7160792,0.09878615,2.7098151517611164,0.0,-52.85460936777437,20935.05859375,-54.06503548811148,11663.818359375,-60.527956054298116,20977.783203125,153773
0.30463347,-2.7150018,0.0943866,1.820481831278781,0.0,-52.771176099759735,20935.05859375,-54.071148639956625,11663.818359375,-60.157897719480424,20935.05859375,153793
0.2934601,-2.7149231,0.09200909,2.1556130765239594,0.0,-52.65498219436634,20913.6962890625,-54.23985699733849,11663.818359375,-60.295855098267914,20977.783203125,153833
0.28649428,-2.7153468,0.0906733,1.1613589440052055,0.0,-52.643499812813445,20956.4208984375,-54.345061504300105,11685.1806640625,-60.64829106044169,20935.05859375,153853
0.2804491,-2.7154555,0.089429535,2.5966258714499713,0.0,-52.696146702217334,20935.05859375,-54.02892888490223,11663.818359375,-60.693907768513895,20935.05859375,153873
0.27768832,-2.7163873,0.089141294,1.4149023568475314,0.0,-52.72167411755005,20913.6962890625,-53.88911097823915,11642.4560546875,-60.27065212893491,21041.8701171875,153893
0.27400565,-2.717625,0.088757284,1.8559231957210613,0.0,-52.747626327568014,20913.6962890625,-54.24798183074642,11621.09375,-59.95789860896643,20977.783203125,153913
0.27032292,-2.718861,0.08836958,2.61121265963181,0.0,-52.689599270454785,20913.6962890625,-54.08568796030025,11663.818359375,-59.9363688788229,20999.1455078125,153933
0.2673009,-2.7189074,0.08774429,1.1237266649673852,0.0,-52.57485866436308,20956.4208984375,-53.97091457185108,11685.1806640625,-60.05593406505058,21020.5078125,153953
0.26033458,-2.719308,0.08640396,2.6475001202436994,0.0,-52.60452775684997,20935.05859375,-53.921930201462985,11642.4560546875,-59.971387474160665,20999.1455078125,153973
0.24823523,-2.7194984,0.08395822,1.8556984196532853,0.0,-52.35195653697177,20913.6962890625,-53.588155756361964,11621.09375,-60.0386455919364,20956.4208984375,153993
0.23797584,-2.719089,0.08170516,1.4486900665570104,0.0,-52.09677637846593,20935.05859375,-53.61856503179931,11706.54296875,-59.685506769046874,20977.783203125,154013
0.2328413,-2.7188888,0.08060011,2.206818138818947,0.0,-52.04355441416521,20935.05859375,-53.115943581185796,11685.1806640625,-59.59514484204395,20999.1455078125,154033
0.22256543,-2.7184992,0.078419864,1.376945198305657,0.0,-51.7661132651174,20935.05859375,-52.75139684358223,11663.818359375,-59.27570204765228,21020.5078125,154053
0.19713789,-2.718415,0.07332554,1.693118556344671,0.0,-51.68062457948398,20935.05859375,-52.87797657026408,11663.818359375,-59.163582243816315,20999.1455078125,154073
0.16327752,-2.7173476,0.06620679,1.9255262069553831,0.0,-51.62855714397105,20935.05859375,-52.85236559145965,11663.818359375,-59.24707465470816,20977.783203125,154093
0.13272299,-2.7170928,0.059966974,1.2970280905938756,0.0,-51.577787608291416,20935.05859375,-52.81790662007528,11663.818359375,-59.12969619629706,20999.1455078125,154113
0.107971475,-2.715833,0.054515634,2.8419001327589073,0.0,-51.63600716448664,20935.05859375,-52.65559211748629,11642.4560546875,-59.29418443324715,21063.232421875,154133
0.09349686,-2.714948,0.051244553,1.4713913260299183,0.0,-51.54626777690802,20892.333984375,-52.50969571694181,11642.4560546875,-59.038221058399294,21020.5078125,154153
0.085607804,-2.7156906,0.04983522,2.189257288561967,0.0,-51.62417206561646,20913.6962890625,-52.765168306017486,11706.54296875,-58.87991346365641,21020.5078125,154173
0.083503954,-2.7154362,0.04931374,1.6377647834309272,0.0,-51.59736414923134,20935.05859375,-52.5428766418053,11685.1806640625,-58.93826506572145,20999.1455078125,154213
0.081664264,-2.716061,0.049125668,2.80998342252232,0.0,-51.48084246890544,20935.05859375,-52.82596908027273,11685.1806640625,-59.157598029474514,20999.1455078125,154233
0.07404587,-2.7177112,0.048048288,1.5792610557411417,0.0,-51.44408784599889,20956.4208984375,-52.595488088887244,11663.818359375,-59.00869625208188,20999.1455078125,154273
0.0594448,-2.71981,0.045744598,2.6622492856509252,0.0,-51.35815681079161,20935.05859375,-52.35198815453642,11663.818359375,-59.55703506487068,20977.783203125,154293
0.038789235,-2.7220552,0.042250667,1.300960393785249,0.0,-51.3266458587845,20913.6962890625,-51.9863809481745,11621.09375,-59.00563277593902,20999.1455078125,154313
0.017588692,-2.7225366,0.03811939,2.7596042624104964,0.0,-51.26900806087584,20935.05859375,-52.43627958077176,11663.818359375,-58.718390230248374,20999.1455078125,154333
-0.0036173053,-2.7230003,0.034014158,1.7445744189005694,0.0,-51.281621452024986,20913.6962890625,-52.42021838533938,11685.1806640625,-58.721359740689174,20999.1455078125,154353
-0.018483134,-2.7242267,0.03135454,1.4506934763302475,0.0,-51.228997579170695,20892.333984375,-52.38370033856335,11663.818359375,-58.43438128957814,20956.4208984375,154373
-0.02545394,-2.724681,0.030055251,2.7295857030659176,0.0,-51.34340473022032,20913.6962890625,-52.341322452612516,11663.818359375,-58.90305592196331,21020.5078125,154393
-0.02847988,-2.724749,0.02945126,1.9272722570038558,0.0,-51.285660373284585,20913.6962890625,-52.414328104822445,11642.4560546875,-59.49094626972767,21041.8701171875,154413
-0.030586187,-2.7245026,0.028935922,2.6435539295504413,0.0,-51.2783801511421,20935.05859375,-52.42643811005004,11685.1806640625,-58.722626729456444,20999.1455078125,154433
-0.03334438,-2.725447,0.028664093,2.446301481674005,0.0,-51.28695830707115,20935.05859375,-52.232953231972914,11663.818359375,-58.78678140024149,20935.05859375,154533
-0.038869835,-2.7273111,0.028128535,1.1844532565906318,0.0,-51.28560439242614,20913.6962890625,-52.078041392721644,11642.4560546875,-58.90963186129679,21084.5947265625,154573
-0.04531866,-2.7294765,0.027495857,2.5941499849813217,0.0,-51.279201216282246,20892.333984375,-52.327101536835585,11685.1806640625,-58.749183590552185,21020.5078125,154593
-0.05176929,-2.7316346,0.026857177,1.1234022568131017,0.0,-51.19463420983856,20913.6962890625,-52.347807803760475,11706.54296875,-58.744781654662816,21041.8701171875,154613
-0.056375887,-2.7331767,0.026392823,2.2614478915508336,0.0,-51.36986531165142,20956.4208984375,-52.19494169902327,11663.818359375,-58.74218362976683,20999.1455078125,154633
-0.06005753,-2.734422,0.02602397,2.069508382850017,0.0,-51.23426571211126,20913.6962890625,-52.261205435686236,11642.4560546875,-58.63793010128173,20977.783203125,154653
-0.07108539,-2.7382157,0.024944328,2.594235340565962,0.0,-51.113526858202576,20935.05859375,-52.38304259753586,11685.1806640625,-58.480454941541424,20977.783203125,154673
-0.093945414,-2.743205,0.021816608,2.8389748949630795,0.0,-51.05377471447788,20913.6962890625,-52.09260792960373,11685.1806640625,-58.69258289186358,21041.8701171875,154693
-0.116540976,-2.7490678,0.019066505,1.583569006502485,0.0,-51.05301096074152,20935.05859375,-52.02041379017095,11642.4560546875,-58.56572100784143,20977.783203125,154733
-0.13664971,-2.7531,0.01623122,1.9960315253337244,0.0,-50.962400113077535,20935.05859375,-52.292406805565754,11685.1806640625,-58.65511367872116,20956.4208984375,154753
-0.15649879,-2.7579925,0.013787137,2.3770139772222514,0.0,-51.039700469895024,20935.05859375,-52.35714964783027,11706.54296875,-58.40626823649538,20977.783203125,154773
-0.17819108,-2.7635083,0.011190062,2.8100707740820816,0.0,-50.979506674203805,20913.6962890625,-51.994548847619,11642.4560546875,-58.677226570437824,21020.5078125,154793
-0.19960941,-2.7699008,0.008897252,0.9683372024581837,0.0,-50.90642642976186,20913.6962890625,-51.869076422521374,11621.09375,-58.686789339768666,21020.5078125,154813
-0.22012332,-2.7759376,0.006721069,1.1453143120267082,0.0,-50.95023989203648,20913.6962890625,-51.815262470292936,11706.54296875,-58.07831641519236,20977.783203125,154873
-0.24063055,-2.7819893,0.004523474,1.3394487444849155,0.0,-50.85295206590699,20913.6962890625,-51.92303012174574,11642.4560546875,-58.567412912283096,20977.783203125,154893
-0.26206124,-2.788354,0.0022689456,2.478567906998654,0.0,-50.808599594269445,20935.05859375,-52.28322304503722,11685.1806640625,-58.91118325310768,20999.1455078125,154913
-0.28348923,-2.794725,7.2196126E-6,2.594814532288524,0.0,-50.80752505888395,20935.05859375,-52.091262838852835,11685.1806640625,-58.56255794616881,20977.783203125,154933
-0.30583873,-2.8014023,-0.002348038,2.0349452431623547,0.0,-50.82571613382197,20935.05859375,-52.08381940569833,11663.818359375,-58.24815952997342,20977.783203125,154953
-0.32911286,-2.8083787,-0.004789229,1.1854206018521287,0.0,-50.861179323868015,20935.05859375,-51.692166333269,11642.4560546875,-58.354330840283744,20999.1455078125,154973
-0.3523853,-2.8153577,-0.0072386777,2.903751866366544,0.0,-50.87894254014788,20935.05859375,-52.110151169002464,11685.1806640625,-58.29250480799619,20999.1455078125,154993
-0.37538671,-2.823223,-0.009343115,2.627011569613143,0.0,-50.89430137587015,20935.05859375,-52.12055801437866,11706.54296875,-58.394295571425374,20977.783203125,155013
-0.40022132,-2.831734,-0.011631563,2.068919942372764,0.0,-50.865451164389135,20935.05859375,-51.6645684147166,11685.1806640625,-58.23900830698595,20999.1455078125,155033
-0.42661706,-2.841792,-0.013672836,2.626982175784485,0.0,-50.80979061736044,20935.05859375,-51.8562807021818,11685.1806640625,-58.406392634925275,20999.1455078125,155093
-0.45089442,-2.852116,-0.015177593,1.800450491757537,0.0,-50.77716363752855,20935.05859375,-51.81316823323722,11663.818359375,-58.23633469048709,20935.05859375,155113
-0.47489512,-2.8633265,-0.016314182,1.262581541751662,0.0,-50.77557018044026,20935.05859375,-51.65058269650047,11663.818359375,-58.11008048778105,20999.1455078125,155133
-0.49769476,-2.8751097,-0.017034892,2.1036995530146028,0.0,-50.719455238565246,20935.05859375,-52.00530088194297,11663.818359375,-58.1235980900247,20935.05859375,155153
-0.51956517,-2.8865943,-0.017660318,2.6926234414925885,0.0,-50.716012778936374,20935.05859375,-52.13251236800646,11685.1806640625,-58.8592544009074,21020.5078125,155173
-0.5417144,-2.897204,-0.018545138,2.775100573539915,0.0,-50.83081508415263,20935.05859375,-51.970145127155874,11685.1806640625,-58.951541113620245,21020.5078125,155193
-0.5647779,-2.908144,-0.019496668,1.2046670519300793,0.0,-51.081876257014116,20935.05859375,-51.85969639149871,11663.818359375,-58.57026682742185,21020.5078125,155213
-0.5859933,-2.9184616,-0.020342015,1.3764900325561658,0.0,-50.74245473479187,20935.05859375,-51.70204216320905,11621.09375,-58.27836260976066,21041.8701171875,155233
-0.60684466,-2.926708,-0.021785835,2.8062979643679604,0.0,-50.75870155311641,20913.6962890625,-52.00477572038092,11706.54296875,-58.208577906700725,21020.5078125,155253
-0.6279662,-2.9340925,-0.023592072,1.9967423600569998,0.0,-50.77922158681085,20913.6962890625,-51.909927243935776,11706.54296875,-58.40254646217527,20999.1455078125,155273
-0.6481769,-2.9411397,-0.02529925,2.498555298542383,0.0,-50.79141768699788,20913.6962890625,-51.731074255379056,11663.818359375,-58.52881141251591,21020.5078125,155293
-0.66867167,-2.9472883,-0.027338415,1.8749146719266756,0.0,-50.86300621681801,20935.05859375,-51.88515166029823,11663.818359375,-58.55687164008878,20999.1455078125,155313
-0.69064045,-2.9519904,-0.030121967,2.709298007970726,0.0,-50.78283273688378,20935.05859375,-52.15677003413319,11685.1806640625,-58.77871316092658,21020.5078125,155333
-0.7098507,-2.9557245,-0.032695718,2.119351813088979,0.0,-50.715794773453204,20935.05859375,-51.87148034887222,11663.818359375,-58.497940592501394,20999.1455078125,155353
-0.7281419,-2.959124,-0.03521139,0.928472456388259,0.0,-50.68731344085449,20935.05859375,-51.84465910390753,11663.818359375,-58.55783838969061,20999.1455078125,155373
-0.74459213,-2.9618778,-0.03759351,1.7662883122766284,0.0,-50.69378696520258,20935.05859375,-51.94942740471877,11663.818359375,-58.31624230477621,20956.4208984375,155393
-0.76104605,-2.9646187,-0.039965212,1.7809059087681196,0.0,-50.72942108897869,20935.05859375,-52.04838526029107,11663.818359375,-58.48014447520141,20999.1455078125,155413
-0.7753901,-2.967592,-0.041848663,1.3543114906115057,0.0,-50.774757986344525,20935.05859375,-52.07598569636105,11727.9052734375,-58.41620871967465,20999.1455078125,155433
-0.79093295,-2.9699502,-0.044148706,1.1265851569076517,0.0,-50.786054230867855,20913.6962890625,-51.7189345523787,11621.09375,-58.33437431675054,21041.8701171875,155473
-0.8083231,-2.9729075,-0.046607662,2.4946825987217296,0.0,-50.783890741380695,20913.6962890625,-52.07175579572826,11685.1806640625,-58.10886355702298,21105.95703125,155493
-0.8275651,-2.9764478,-0.049218386,2.3603873801253967,0.0,-50.79685275207421,20913.6962890625,-51.927361826182796,11685.1806640625,-58.09260678357962,20956.4208984375,155513
-0.8465509,-2.980837,-0.051480107,1.1059349908914018,0.0,-50.75463464486231,20913.6962890625,-51.75105099190187,11685.1806640625,-58.39940548095307,20999.1455078125,155533
-0.8676505,-2.9849513,-0.054218702,1.4901548224100107,0.0,-50.74325589694524,20913.6962890625,-51.96989917983555,11663.818359375,-58.4747872846874,20956.4208984375,155553
-0.8903427,-2.9905393,-0.056735408,1.044053108571818,0.0,-50.706188878880994,20935.05859375,-52.249618591363415,11685.1806640625,-58.889730661978064,21020.5078125,155573
-0.91422385,-2.995543,-0.059665933,2.5777294003324642,0.0,-50.70696954134951,20935.05859375,-51.93734699174825,11685.1806640625,-58.407805734394316,21020.5078125,155593
-0.93877256,-3.0016923,-0.062367566,1.5828415138748555,0.0,-50.7358385852597,20935.05859375,-51.78732928665702,11663.818359375,-58.393915541325,21020.5078125,155613
-0.96451086,-3.0072398,-0.06549249,1.45313321212194,0.0,-50.759553972692686,20935.05859375,-51.67727926516271,11663.818359375,-58.256574832595405,20977.783203125,155633
-0.99025166,-3.0127668,-0.06863354,2.275980453836367,0.0,-50.69719311877337,20935.05859375,-52.023097765503266,11685.1806640625,-58.48894980520142,20999.1455078125,155653
-1.0159925,-3.0182712,-0.071813315,0.9437266325986505,0.0,-50.84069413818705,20913.6962890625,-52.178902901507215,11706.54296875,-58.48287529168074,21063.232421875,155673
-1.0408171,-3.0234113,-0.074949555,2.5304700238372546,0.0,-50.78648127272192,20935.05859375,-51.838661601148516,11642.4560546875,-58.39439335798901,21063.232421875,155693
-1.0643024,-3.0261245,-0.078634165,2.158305166620352,0.0,-50.89140736798393,20913.6962890625,-51.82924870710831,11685.1806640625,-58.43609519128441,21020.5078125,155713
-1.0840737,-3.027596,-0.08206579,1.412853280835971,0.0,-50.94826032105506,20913.6962890625,-51.91812645233732,11642.4560546875,-58.63355330155543,21063.232421875,155733
-1.1008126,-3.0290146,-0.08495264,2.676215328842884,0.0,-50.94217797981223,20935.05859375,-51.946734487754824,11663.818359375,-58.374492938929905,21020.5078125,155753
-1.1163856,-3.0309675,-0.08742251,1.0268665192766484,0.0,-51.667708349017964,20913.6962890625,-51.89252703941677,11685.1806640625,-58.61970501851734,20977.783203125,155773
-1.1317217,-3.0337546,-0.0895912,2.498984689549066,0.0,-51.434914411632626,20935.05859375,-52.17143440284165,11642.4560546875,-58.352709356218725,20977.783203125,155793
-1.1412544,-3.0356815,-0.09086552,2.0336820185137663,0.0,-50.883075526078336,20935.05859375,-52.07454272990457,11642.4560546875,-58.31874651129526,20977.783203125,155813
-1.1498628,-3.037286,-0.092063054,1.909038739094412,0.0,-50.831730459074684,20935.05859375,-51.76107907662616,11663.818359375,-58.57284223181627,21063.232421875,155853
-1.1673113,-3.0395699,-0.09480867,0.929181512729964,0.0,-50.773636509361744,20935.05859375,-51.59587602925362,11642.4560546875,-58.35335510762058,21020.5078125,155873
-1.1863931,-3.0432777,-0.09744962,1.8205574325820504,0.0,-50.73662884778028,20913.6962890625,-51.9426168387767,11663.818359375,-58.07771560023083,20977.783203125,155893
-1.2129445,-3.0491934,-0.10071449,1.1815017931358653,0.0,-50.71477446894448,20935.05859375,-52.013426353186,11706.54296875,-58.29028930315563,21020.5078125,155933
-1.2448577,-3.0576718,-0.104149036,2.9224197565481704,0.0,-50.85262368688062,20913.6962890625,-51.86732129435435,11685.1806640625,-58.80414547669715,21020.5078125,155953
-1.2769897,-3.0652938,-0.10794749,1.0074863823974625,0.0,-50.79671271049388,20935.05859375,-51.88320744327428,11642.4560546875,-58.709948441945244,21020.5078125,155973
-1.3063252,-3.0720658,-0.1115256,2.6271933491678108,0.0,-50.892949680817345,20913.6962890625,-52.07450064196636,11685.1806640625,-58.34429653241969,21020.5078125,155993
-1.3361213,-3.0809088,-0.1145963,2.0320456986063014,0.0,-50.7945718752709,20913.6962890625,-51.95226845445699,11706.54296875,-58.410856073752555,21020.5078125,156013
-1.3670738,-3.089162,-0.118080035,1.164896424274203,0.0,-50.856565636868226,20935.05859375,-52.103015988515196,11706.54296875,-58.72457767164278,21020.5078125,156033
-1.3996489,-3.0988836,-0.12143518,2.92219218258151,0.0,-50.95934925911657,20935.05859375,-51.98782940990233,11642.4560546875,-58.82929915538626,20999.1455078125,156053
-1.4322071,-3.1086595,-0.124796905,1.3164448462463205,0.0,-50.81354665112169,20935.05859375,-52.23632289631732,11663.818359375,-58.668945029802295,20977.783203125,156073
-1.4666111,-3.119039,-0.1283609,2.594148440559535,0.0,-50.85093651470318,20935.05859375,-52.05506099427162,11685.1806640625,-58.56585716612443,20977.783203125,156093
-1.5014814,-3.1276317,-0.13261756,1.4898874316889694,0.0,-50.78722037528113,20892.333984375,-51.827180287116846,11663.818359375,-58.40859902922499,20999.1455078125,156113
-1.5345076,-3.1356318,-0.13661474,1.3200128197011582,0.0,-50.829704656036014,20956.4208984375,-51.73492261897107,11642.4560546875,-58.29573535335826,20956.4208984375,156133
-1.5693994,-3.1441958,-0.14075105,2.241547942770674,0.0,-50.82222359590369,20935.05859375,-52.17217862877922,11685.1806640625,-58.14841359855551,20956.4208984375,156153
-1.6038275,-3.1545315,-0.14420831,1.2382599202321323,0.0,-50.84577333759701,20935.05859375,-52.134213759172425,11706.54296875,-58.531898933991535,20999.1455078125,156173
-1.6382636,-3.1648424,-0.14766093,2.329348212540003,0.0,-50.85003404787663,20913.6962890625,-51.865583536568806,11663.818359375,-58.318304371756014,21105.95703125,156193
-1.6722258,-3.1769407,-0.15050453,2.4148752466073637,0.0,-50.89619118618742,20935.05859375,-51.89539490690382,11642.4560546875,-58.287205331614025,21020.5078125,156213
-1.703616,-3.1873324,-0.1534705,0.9661705373365872,0.0,-50.91534496065292,20913.6962890625,-52.08716940823554,11642.4560546875,-58.76009691243567,21105.95703125,156233
-1.7329222,-3.1980376,-0.15587746,2.902235244430913,0.0,-50.831579834058346,20913.6962890625,-51.91270626050256,11685.1806640625,-58.2901953917367,20956.4208984375,156253
-1.7566354,-3.2070806,-0.15779078,1.8579616907780518,0.0,-50.67742762708859,20935.05859375,-51.78320984023598,11663.818359375,-58.18981737087782,20999.1455078125,156293
-1.7757004,-3.2147205,-0.15922298,2.727889304674159,0.0,-50.76751700841903,20935.05859375,-52.089463319113506,11642.4560546875,-58.24794778739033,20999.1455078125,156313
-1.7929147,-3.221785,-0.16042775,2.6927210991053547,0.0,-50.749325107206,20935.05859375,-52.187985583489294,11663.818359375,-58.687857505886086,20977.783203125,156333
-1.8112941,-3.2282279,-0.1620625,2.085877542732599,0.0,-50.77387597585425,20913.6962890625,-51.91309658009935,11663.818359375,-58.71540088872324,20999.1455078125,156353
-1.8275852,-3.2349951,-0.16317865,1.2239840988326884,0.0,-50.81947308614538,20935.05859375,-51.79454250751063,11642.4560546875,-58.356219113509404,20977.783203125,156373
-1.8448148,-3.242023,-0.16437943,1.6564024433124855,0.0,-50.823644531089904,20913.6962890625,-51.97825037334759,11663.818359375,-58.262730766188014,20977.783203125,156393
-1.8632094,-3.2484221,-0.16601476,2.626757076749453,0.0,-50.85026963507036,20913.6962890625,-52.016254285378196,11706.54296875,-58.293874519746545,21020.5078125,156413
-1.881377,-3.2557027,-0.16734551,0.9652642455348877,0.0,-50.857031312173966,20913.6962890625,-52.06522864209095,11706.54296875,-58.31609039909735,20999.1455078125,156433
-1.8972037,-3.2603722,-0.16907917,2.8266149143776307,0.0,-50.932306193751565,20913.6962890625,-51.95140421157219,11685.1806640625,-58.91287708758593,21020.5078125,156453
-1.9100178,-3.2650883,-0.1701801,1.6753558744559016,0.0,-50.87300392948671,20913.6962890625,-51.9059491628861,11642.4560546875,-58.61544313131258,21020.5078125,156473
-1.9221312,-3.2686195,-0.17151538,1.8350352119738156,0.0,-50.791714141913076,20913.6962890625,-52.104290420192086,11685.1806640625,-58.173178955499196,20977.783203125,156493
-1.9333156,-3.2718623,-0.17276591,2.676712951650504,0.0,-50.85322685231098,20935.05859375,-51.88621515165721,11663.818359375,-58.41478918047962,21020.5078125,156513
-1.9428592,-3.2736554,-0.17415026,1.357887105977313,0.0,-50.84126554103179,20935.05859375,-51.69055851970445,11663.818359375,-58.281179566190495,20999.1455078125,156533
-1.9521874,-3.2763262,-0.17520285,2.761268316777824,0.0,-50.81382746577795,20935.05859375,-51.92533519410223,11599.7314453125,-58.51441999032862,20999.1455078125,156553
-1.960802,-3.2778304,-0.1764826,1.8175386318731732,0.0,-50.89895426075556,20935.05859375,-52.136449375821144,11663.818359375,-58.59096214863189,20956.4208984375,156573
-1.9682685,-3.2799528,-0.17732571,2.5776346765780893,0.0,-50.895635725438346,20913.6962890625,-51.964202622081956,11685.1806640625,-58.52007707415264,20977.783203125,156593
-1.976671,-3.282335,-0.1782653,1.471229746463033,0.0,-50.97279542215879,20935.05859375,-51.895846388683836,11663.818359375,-58.764978800897545,20977.783203125,156613
-1.9888116,-3.2857716,-0.1796002,1.0282041745457131,0.0,-51.02261039199482,20913.6962890625,-51.76231422405047,11642.4560546875,-58.67997047666107,20999.1455078125,156633
-2.002818,-3.2897344,-0.18116297,2.377130368294964,0.0,-50.95192325456522,20913.6962890625,-52.10251858280883,11706.54296875,-58.30453057437059,21041.8701171875,156653
-2.0147393,-3.2940652,-0.1821961,2.3595927706259494,0.0,-50.95453943219294,20913.6962890625,-51.93510464361932,11685.1806640625,-58.460250577232664,21020.5078125,156673
-2.0257263,-3.2981327,-0.18312547,1.2045356866493653,0.0,-50.844025059032106,20913.6962890625,-51.97180527896309,11663.818359375,-58.72154954486799,20999.1455078125,156693
-2.0329742,-3.3011487,-0.18366402,1.281929217492363,0.0,-50.849736680640795,20935.05859375,-51.94268815167898,11663.818359375,-59.12874674720576,21020.5078125,156713
-2.0367053,-3.3022106,-0.18410233,1.0444207069720728,0.0,-50.77809046277104,20956.4208984375,-52.1774438365218,11663.818359375,-58.8298557485616,21105.95703125,156733
-2.0383556,-3.303634,-0.18398878,2.3769149989824307,0.0,-50.85642397411856,20935.05859375,-51.94176487738491,11685.1806640625,-58.60968084004605,20999.1455078125,156753
-2.0418708,-3.3055897,-0.18409285,2.9032247506713045,0.0,-50.84029702836263,20913.6962890625,-52.044681971581106,11685.1806640625,-58.77431767035594,20956.4208984375,156813
-2.049616,-3.3106627,-0.18402529,2.6435121698379316,0.0,-50.758461054651995,20913.6962890625,-52.15735984953191,11685.1806640625,-58.71866351887489,20999.1455078125,156833
-2.0625153,-3.3191326,-0.18388493,2.3113163479372716,0.0,-50.884165104847845,20935.05859375,-51.881401674524895,11663.818359375,-58.36986417924432,21041.8701171875,156853
-2.0770466,-3.329049,-0.1835864,1.2048469008285154,0.0,-50.91908391549906,20913.6962890625,-51.95822143434806,11663.818359375,-58.297935650627146,21020.5078125,156873
-2.0889993,-3.337271,-0.18335506,1.1434273422791046,0.0,-50.88044451503108,20913.6962890625,-52.12578418192092,11642.4560546875,-58.57325355490025,21063.232421875,156893
-2.0939271,-3.3415673,-0.18300271,2.6599355233216535,0.0,-50.91070003045873,20913.6962890625,-52.04368292033695,11663.818359375,-58.72044039284397,21020.5078125,156913
-2.092065,-3.341023,-0.18278687,1.2432090087186785,0.0,-50.85644065487941,20935.05859375,-51.84494918421287,11642.4560546875,-58.29781346112111,21041.8701171875,157033
