0.037513614,4.772247,-2.6625423,1.508350055392865,0.0,-51.13541168866112,20935.05859375,-52.06196552865502,11663.818359375,-58.3070970855534,20977.783203125,121613
0.03914544,4.7753043,-2.6631532,2.593962225396209,0.0,-51.07070298544925,20913.6962890625,-52.12145198653911,11706.54296875,-58.14554211146633,20935.05859375,122093
0.039482433,4.7786784,-2.664094,2.344225599797767,0.0,-51.025890169523436,20935.05859375,-51.919632113576625,11663.818359375,-58.423610858587296,20999.1455078125,122113
0.03982547,4.7820525,-2.6650336,1.2241869549694115,0.0,-51.07616373054755,20956.4208984375,-51.657106558790325,11663.818359375,-58.409550835161895,20956.4208984375,122133
0.041071467,4.78382,-2.6653256,2.7935697176105285,0.0,-50.98467161227827,20956.4208984375,-52.00549690843459,11642.4560546875,-58.16258649944988,20977.783203125,122153
0.0414705,4.7851033,-2.6656318,2.2933135418031143,0.0,-51.03945493500349,20913.6962890625,-52.24270208791231,11642.4560546875,-58.882482970441856,20999.1455078125,122413
0.04236372,4.783496,-2.664977,2.7415843655342327,0.0,-51.06624914973156,20935.05859375,-52.21227282454375,11706.54296875,-58.24482986569561,20977.783203125,122433
0.043660223,4.783171,-2.6646326,1.710288520549275,0.0,-51.021233843233524,20913.6962890625,-51.935293101824115,11685.1806640625,-58.26036186711101,21020.5078125,122453
0.044956554,4.7828474,-2.6642864,1.3203727199681947,0.0,-50.97660406442614,20935.05859375,-51.79091581453895,11642.4560546875,-58.32961918076414,21020.5078125,122473
0.047102116,4.7830057,-2.6639187,1.1852142909144885,0.0,-51.06150713980257,20935.05859375,-51.95625891307942,11663.818359375,-58.580858025942334,20999.1455078125,122553
0.048398826,4.7826867,-2.6635697,0.9642513294181763,0.0,-51.06537147301702,20935.05859375,-52.26635838936551,11685.1806640625,-58.51330473217905,20956.4208984375,122853
0.05014435,4.7815657,-2.6628919,2.191759745702299,0.0,-51.097725268097165,20935.05859375,-51.90035193268567,11642.4560546875,-58.537482216233926,20999.1455078125,122893
0.051441286,4.7812467,-2.6625435,1.6207377819983793,0.0,-51.02735865663179,20935.05859375,-51.760926472147055,11642.4560546875,-58.43614192000409,20999.1455078125,122913
0.052737955,4.780927,-2.6621945,2.5293668285009168,0.0,-51.06466220293977,20935.05859375,-52.289057502503425,11663.818359375,-57.832182544633035,20999.1455078125,122933
0.054882668,4.7810893,-2.6618247,2.494459085694782,0.0,-51.10316408844518,20913.6962890625,-52.03395267282475,11663.818359375,-57.85012993666035,21020.5078125,122953
0.057923064,4.7796445,-2.6607993,1.3947312718116855,0.0,-51.144073989981905,20870.9716796875,-51.82575922579212,11685.1806640625,-58.1931600390994,20999.1455078125,122973
0.0631069,4.778354,-2.6594043,2.8907642572220227,0.0,-51.07843038251847,20935.05859375,-51.91407591536795,11642.4560546875,-58.43456872574741,20999.1455078125,122993
0.067842916,4.7778635,-2.6583347,1.3932819735183901,0.0,-51.05841013057892,20935.05859375,-52.12677003752238,11642.4560546875,-58.664162610902615,20999.1455078125,123013
0.0730227,4.776565,-2.6569326,2.659888671774025,0.0,-51.044852668958505,20956.4208984375,-52.26926542583839,11685.1806640625,-58.61231094892404,20999.1455078125,123033
0.07731143,4.7768717,-2.6561813,2.8720740822609696,0.0,-50.96918655230921,20935.05859375,-51.863141662954284,11685.1806640625,-58.90892892880041,20999.1455078125,123053
0.08204301,4.77637,-2.6550975,1.2046575688435126,0.0,-51.04305854405523,20913.6962890625,-51.82869311783443,11642.4560546875,-58.126960864787954,20999.1455078125,123073
0.08677314,4.7758636,-2.6540096,1.7671222351965281,0.0,-51.081303191861394,20935.05859375,-51.77998036270162,11642.4560546875,-58.56766187717916,21041.8701171875,123093
0.09276387,4.777109,-2.6531951,2.6438047814902825,0.0,-51.05686658138974,20913.6962890625,-52.25935314601634,11706.54296875,-58.43693713619217,21020.5078125,123113
0.10348118,4.777835,-2.6512756,1.218995199681043,0.0,-51.05495709569163,20913.6962890625,-52.00282618313123,11706.54296875,-58.274120168551526,21020.5078125,123133
0.11889366,4.780117,-2.6488528,2.1224210776373162,0.0,-51.046195737272875,20913.6962890625,-51.85195629950434,11685.1806640625,-58.24653661833371,21084.5947265625,123153
0.13815671,4.783471,-2.6459818,1.4908069150153935,0.0,-50.98023403385831,20913.6962890625,-51.91351330765993,11642.4560546875,-58.43248094407622,20999.1455078125,123173
0.15957162,4.786926,-2.6427386,0.9448671662248577,0.0,-51.03066283160254,20935.05859375,-52.260544413619215,11663.818359375,-58.80894371184961,21041.8701171875,123193
0.18827969,4.7892303,-2.6376445,2.4947009097658333,0.0,-51.06750473572131,20935.05859375,-52.0443782222933,11685.1806640625,-58.498940502568914,20999.1455078125,123213
0.23065443,4.7930226,-2.6300287,1.5075747869640266,0.0,-50.97066113120618,20935.05859375,-51.99506234532683,11685.1806640625,-58.759659264336804,21020.5078125,123233
0.27954417,4.795191,-2.6209323,1.0088438812927434,0.0,-51.13553978071189,20935.05859375,-51.82377912621901,11642.4560546875,-58.42473639316697,20999.1455078125,123253
0.32452872,4.7985396,-2.6128325,2.2941923606413037,0.0,-51.030008384088525,20935.05859375,-52.00662934151241,11663.818359375,-58.1341440709697,20977.783203125,123273
0.36480033,4.802388,-2.6059377,2.643502283636752,0.0,-50.983454809900415,20913.6962890625,-52.01119676027456,11685.1806640625,-58.19467902592578,21020.5078125,123293
0.3990541,4.8070445,-2.6005476,1.9080837982865564,0.0,-50.991430032682025,20913.6962890625,-52.09876341524732,11706.54296875,-58.47337281985779,21020.5078125,123313
0.42777288,4.809598,-2.5956357,1.1854755300537818,0.0,-51.01345795199542,20956.4208984375,-51.81236086664195,11663.818359375,-58.67598117336356,21063.232421875,123333
0.4530691,4.8122454,-2.591508,1.9104519538490732,0.0,-50.975166335934304,20935.05859375,-52.12578233256953,11663.818359375,-58.383841959520595,20913.6962890625,123353
0.4710971,4.8138623,-2.5885694,1.5605289556278672,0.0,-50.97825902254062,20935.05859375,-52.28240305143209,11685.1806640625,-58.700651005383804,20999.1455078125,123373
0.4839784,4.8146877,-2.586366,2.2062331572254106,0.0,-50.954564720233044,20935.05859375,-51.96470839670098,11685.1806640625,-58.52651560620657,20999.1455078125,123393
0.49342063,4.815693,-2.5848715,1.2235889252565808,0.0,-50.92374469571146,20935.05859375,-51.86189655704571,11663.818359375,-58.10961971256633,20999.1455078125,123413
0.5020074,4.816208,-2.5833855,1.7115646792620431,0.0,-50.99473755567172,20913.6962890625,-51.9653596000195,11642.4560546875,-58.241631917320056,20956.4208984375,123433
0.511875,4.818444,-2.5821757,2.871541589728159,0.0,-50.8766181850128,20935.05859375,-52.197215851631654,11685.1806640625,-58.08677073366371,20999.1455078125,123453
0.5208868,4.8201995,-2.5809774,2.3770184900770928,0.0,-51.02146710699974,20913.6962890625,-52.158763424776524,11685.1806640625,-58.06139853742937,20999.1455078125,123473
0.5286133,4.822288,-2.5801325,1.981009919179655,0.0,-50.99684302778,20913.6962890625,-51.91723479090126,11706.54296875,-58.34718449959023,21020.5078125,123493
0.5359097,4.823103,-2.5789714,1.4338843328469748,0.0,-50.98825991923192,20935.05859375,-52.053568500590345,11663.818359375,-58.52842416724996,20999.1455078125,123513
0.5410606,4.8237996,-2.5781918,2.4126284664601263,0.0,-50.97678721112874,20935.05859375,-51.94467307797379,11663.818359375,-58.73202422103787,20999.1455078125,123533
0.54320717,4.823915,-2.577815,2.3765357408189565,0.0,-50.951338827920445,20935.05859375,-52.239505939713254,11685.1806640625,-58.586418803977296,21020.5078125,123553
0.54449487,4.8235674,-2.5774598,1.7101326809432569,0.0,-50.929529602013226,20935.05859375,-51.943211174169896,11706.54296875,-58.55335143861464,21041.8701171875,123573
0.5483585,4.824603,-2.5770264,2.32899214575108,0.0,-50.96599947432925,20935.05859375,-51.992416989968305,11642.4560546875,-58.13656800820624,21020.5078125,123613
0.55737346,4.8263073,-2.5757782,2.6434928928324237,0.0,-51.012305066095024,20935.05859375,-52.06718616378667,11685.1806640625,-58.06670634918288,20999.1455078125,123633
0.5732582,4.829597,-2.5736506,1.944163087577362,0.0,-51.067273547183234,20913.6962890625,-52.224647091359756,11727.9052734375,-58.351667021740695,21020.5078125,123653
0.59171045,4.8321595,-2.5707767,2.8585601133177265,0.0,-50.99450942796091,20913.6962890625,-51.93076389605491,11663.818359375,-58.43167891477461,21041.8701171875,123673
0.6131655,4.8352885,-2.5674691,1.8562478734918826,0.0,-50.99797836445734,20913.6962890625,-52.034380741158415,11663.818359375,-58.75243446785604,21063.232421875,123693
0.6337561,4.837966,-2.564175,2.6606041503866225,0.0,-50.92057291567126,20935.05859375,-52.28544346286368,11663.818359375,-58.65969053712674,20999.1455078125,123713
0.65691274,4.8399086,-2.5601375,2.887289388872822,0.0,-50.902541612498695,20935.05859375,-51.95740712656124,11685.1806640625,-58.59588970327123,21020.5078125,123733
0.68090945,4.840206,-2.5554168,1.3001101723306527,0.0,-50.9216242834185,20935.05859375,-51.89192084683931,11663.818359375,-58.32834951874354,20977.783203125,123753
0.70576006,4.840958,-2.5506244,1.5839730986820673,0.0,-50.90499775855096,20935.05859375,-51.788406544498294,11642.4560546875,-58.345152022204076,20977.783203125,123773
0.7327556,4.8417926,-2.545439,2.7425679404888625,0.0,-50.94595251352117,20935.05859375,-52.13897277235635,11685.1806640625,-58.2696698482981,20999.1455078125,123793
0.762749,4.8432302,-2.5397952,2.427517301839407,0.0,-51.0480965510121,20935.05859375,-52.207084923327116,11685.1806640625,-58.520400016445336,21020.5078125,123813
0.7983092,4.8466663,-2.533536,2.0690933165658834,0.0,-51.01563105493937,20913.6962890625,-52.033405437986005,11685.1806640625,-58.09883379010614,20977.783203125,123833
0.8338816,4.850051,-2.5273185,2.5323179836743708,0.0,-51.075387881984106,20935.05859375,-52.15722643464055,11663.818359375,-58.53758266920448,21063.232421875,123853
0.8677376,4.8524866,-2.5211859,2.378382269944198,0.0,-50.92712223104027,20935.05859375,-52.06037590191872,11642.4560546875,-58.91268687136278,21020.5078125,123873
0.89900917,4.8535376,-2.51515,2.610466084975354,0.0,-51.08775053033254,20935.05859375,-52.08114595268547,11685.1806640625,-58.37010318023858,20977.783203125,123893
0.93242466,4.854679,-2.5087168,2.0332851978779583,0.0,-50.91021075518596,20913.6962890625,-51.972895565529704,11663.818359375,-58.54187378858009,20999.1455078125,123913
0.9701072,4.8539276,-2.5008638,1.2628607499587516,0.0,-50.94626393693582,20935.05859375,-51.70056019235013,11663.818359375,-58.78699972781703,20956.4208984375,123933
1.0095004,4.8540683,-2.4928808,2.793068706986526,0.0,-51.089564407436654,20935.05859375,-52.12967913945501,11663.818359375,-58.23960034820271,20999.1455078125,123953
1.0428807,4.8529954,-2.4857702,1.8891704443267052,0.0,-50.96409911433328,20935.05859375,-52.144805349750634,11685.1806640625,-58.292941730419244,20999.1455078125,123973
1.0664546,4.8538647,-2.4813182,2.067901072893002,0.0,-51.015827448133216,20913.6962890625,-52.07037425794749,11706.54296875,-58.54968939770629,21041.8701171875,123993
1.0827826,4.856056,-2.4787211,2.9065812471010406,0.0,-50.907437907379204,20913.6962890625,-51.95158453543073,11685.1806640625,-58.66427655705809,21063.232421875,124013
1.0987115,4.8590016,-2.4764254,1.4336561186353256,0.0,-50.916756520884654,20913.6962890625,-51.98559145298789,11642.4560546875,-58.3413479422251,20999.1455078125,124033
1.1171826,4.8611693,-2.473354,2.644142286042832,0.0,-50.919663271831794,20935.05859375,-52.30622369232667,11621.09375,-58.42245268138478,21041.8701171875,124053
1.1441561,4.8614798,-2.4679987,2.7739431487329775,0.0,-50.96933423318674,20935.05859375,-51.98816770561812,11685.1806640625,-58.42944943407904,21020.5078125,124073
1.1780057,4.8633327,-2.461632,1.3193147153351306,0.0,-50.990439090484394,20935.05859375,-51.829756585233675,11685.1806640625,-58.28153529740385,20999.1455078125,124093
1.2173774,4.8649535,-2.453889,2.4148679395376655,0.0,-50.897217205410755,20956.4208984375,-51.80376467625787,11642.4560546875,-58.31760228792674,20999.1455078125,124113
1.2559699,4.8681703,-2.4469452,2.4955708207309963,0.0,-50.95681053313858,20935.05859375,-52.18737791476788,11685.1806640625,-58.45754989992547,20999.1455078125,124133
1.2958149,4.871036,-2.4395304,1.0231358355200069,0.0,-50.95469067193846,20935.05859375,-52.194547200839985,11706.54296875,-58.911427449750555,21041.8701171875,124153
1.3373944,4.8747683,-2.4320047,2.743445509469863,0.0,-50.90356313489944,20913.6962890625,-51.962194123117875,11706.54296875,-58.36588110233216,20999.1455078125,124173
1.3811224,4.8785343,-2.4240892,2.0183709183036465,0.0,-50.95480020980781,20913.6962890625,-51.95514434206547,11642.4560546875,-58.43469750769142,21041.8701171875,124193
1.4239218,4.8797197,-2.4156065,2.2756572981396146,0.0,-50.900033757205776,20913.6962890625,-52.14930819906003,11663.818359375,-58.21053292980186,21084.5947265625,124213
1.4667286,4.880819,-2.4071493,2.90241967019442,0.0,-50.97166020223247,20913.6962890625,-52.00944282824505,11685.1806640625,-58.371411101306514,21020.5078125,124233
1.5039259,4.8799877,-2.399357,1.431513651430728,0.0,-51.02869600409005,20935.05859375,-51.91124073621979,11685.1806640625,-58.26014749670203,21020.5078125,124253
1.5291511,4.8791904,-2.39407,1.5467882536008375,0.0,-50.950822243703584,20935.05859375,-51.781333496618345,11663.818359375,-58.22366393729023,20977.783203125,124273
1.544634,4.8806453,-2.3914652,2.792720162425561,0.0,-50.949167903525144,20956.4208984375,-52.15468834896885,11685.1806640625,-58.44298132512328,20999.1455078125,124293
1.555447,4.8828325,-2.3900058,2.6763699373162595,0.0,-50.985144198457164,20935.05859375,-52.306498559893825,11685.1806640625,-58.73422482852046,20999.1455078125,124313
1.5684003,4.885045,-2.3881233,2.136889378335192,0.0,-51.02126868793011,20935.05859375,-52.13757794575548,11706.54296875,-58.755760816435306,20892.333984375,124333
1.5906773,4.8857417,-2.3838115,1.242725140903738,0.0,-50.96680103461129,20935.05859375,-51.95844084057413,11663.818359375,-58.81765099441344,21020.5078125,124353
1.618887,4.8852825,-2.3779252,1.7120905373988888,0.0,-50.91640597991828,20913.6962890625,-51.730654763963074,11663.818359375,-58.56692750536877,21063.232421875,124373
1.6492472,4.88485,-2.3716624,2.595290773186992,0.0,-50.944437951607576,20913.6962890625,-51.99784479724812,11663.818359375,-58.17969562415328,21084.5947265625,124393
1.6783414,4.8847947,-2.365775,2.4274820457485045,0.0,-50.86263391028024,20935.05859375,-51.865173280047536,11685.1806640625,-58.37893002255684,20999.1455078125,124413
1.7061633,4.885116,-2.3602283,1.3762568360204062,0.0,-50.93722080458329,20913.6962890625,-51.78808873906648,11663.818359375,-58.05859846169408,20999.1455078125,124433
1.7344717,4.8866763,-2.3549557,2.9064589279092328,0.0,-50.87884736391156,20935.05859375,-51.86968501575609,11642.4560546875,-58.26111985757231,20956.4208984375,124453
1.762279,4.88695,-2.3493342,1.375001029555779,0.0,-50.842585899100825,20935.05859375,-52.055923406846134,11663.818359375,-58.44377986881757,20977.783203125,124473
1.787569,4.8879747,-2.344506,1.6159099725098394,0.0,-50.74745863537102,20913.6962890625,-52.11952032225429,11706.54296875,-58.60975316216812,20999.1455078125,124493
1.8077078,4.8884773,-2.3406055,2.711829746027981,0.0,-50.80890963650846,20956.4208984375,-51.84136692746471,11642.4560546875,-58.73221693194243,20956.4208984375,124513
1.8244448,4.8893433,-2.3374977,1.2243146819592352,0.0,-50.87966102498637,20935.05859375,-51.64647291778487,11642.4560546875,-58.37163500685487,20999.1455078125,124533
1.840298,4.889773,-2.3344162,2.3287162856232166,0.0,-50.84512277911167,20913.6962890625,-51.8822751780544,11642.4560546875,-57.9548102183808,21020.5078125,124553
1.8561518,4.8901706,-2.3313332,2.2399010690653216,0.0,-50.92384209061299,20913.6962890625,-51.858096212233704,11685.1806640625,-58.193677010086475,21041.8701171875,124573
1.8728867,4.890963,-2.328194,0.946562518581227,0.0,-50.9005258515983,20913.6962890625,-51.81429995580706,11685.1806640625,-58.17978073398868,21020.5078125,124593
1.8905059,4.8921423,-2.325009,2.6641630657281916,0.0,-50.8330640303656,20913.6962890625,-51.73956698899409,11663.818359375,-58.42452882103905,20977.783203125,124613
1.912399,4.8932915,-2.3209333,1.7476241956217273,0.0,-50.99596641045441,20935.05859375,-51.91034096372061,11663.818359375,-58.18809487750393,21020.5078125,124633
1.9367964,4.8935423,-2.3160467,2.7740865675068016,0.0,-50.86330164928809,20913.6962890625,-52.10882844331718,11685.1806640625,-58.644278826018194,21020.5078125,124653
1.9608352,4.8945403,-2.31154,2.887040665244769,0.0,-50.78436078347443,20956.4208984375,-51.95918771129263,11685.1806640625,-58.614785310727086,20999.1455078125,124673
1.985398,4.8967505,-2.3073413,1.281670330958772,0.0,-50.769095036036106,20956.4208984375,-51.6654857345126,11663.818359375,-58.20829667483962,20956.4208984375,124693
2.0087008,4.8993716,-2.3034697,1.4905613848265409,0.0,-50.81248318473298,20935.05859375,-51.56372982157776,11663.818359375,-58.54488756834759,21063.232421875,124713
2.0311294,4.901537,-2.2996902,2.871817465650902,0.0,-50.88915966365363,20935.05859375,-51.97097266809649,11663.818359375,-58.27793243226252,20999.1455078125,124733
2.0540757,4.904956,-2.2961745,0.9643555874149166,0.0,-50.868421856620394,20913.6962890625,-52.000576283654524,11706.54296875,-58.56422985792819,20956.4208984375,124753
2.080402,4.9079356,-2.2917974,2.2260381660717217,0.0,-50.82174529578169,20913.6962890625,-51.804753688616586,11663.818359375,-58.279325770553704,20977.783203125,124773
2.1037004,4.9105067,-2.2878675,1.3012193039720947,0.0,-50.8257145683006,20935.05859375,-51.858566991061494,11663.818359375,-58.501941739704705,20999.1455078125,124793
2.1257412,4.9135137,-2.2842782,0.926277543623691,0.0,-50.81649299249486,20913.6962890625,-51.99340891011083,11663.818359375,-58.82358862066731,21020.5078125,124813
2.1493838,4.9152627,-2.279915,2.6269827613500296,0.0,-50.8724370584533,20935.05859375,-52.030610961808605,11685.1806640625,-58.30250475139674,20935.05859375,124833
2.1751673,4.9169874,-2.2751343,2.2414404617697468,0.0,-50.85129094289403,20935.05859375,-51.778748193809434,11663.818359375,-58.679721933148706,21020.5078125,124853
2.2027187,4.919533,-2.270222,1.185137071264674,0.0,-50.786202101050435,20935.05859375,-51.55606199770975,11642.4560546875,-58.571023120282,21020.5078125,124873
2.2327626,4.9212317,-2.2644973,1.857341886462614,0.0,-50.85017044694987,20935.05859375,-51.91926298179668,11642.4560546875,-58.436054225910894,20977.783203125,124893
2.264213,4.92461,-2.2590072,2.659916482666908,0.0,-50.84715816812536,20935.05859375,-52.05025211114483,11663.818359375,-58.42511813057834,20977.783203125,124913
2.2974374,4.9287705,-2.2533994,2.2067805180601074,0.0,-50.84242111141242,20913.6962890625,-51.90869369035022,11685.1806640625,-58.33887985390205,20977.783203125,124933
2.3303027,4.933775,-2.24816,1.20382979575053,0.0,-50.978010878407225,20935.05859375,-51.74310408861648,11663.818359375,-58.908030348174655,21041.8701171875,124953
2.3653064,4.9387655,-2.2425027,1.1461721279194694,0.0,-50.92468330820422,20935.05859375,-51.716996411545466,11642.4560546875,-58.44230614404453,20999.1455078125,124973
2.3987176,4.944965,-2.2376459,1.9080361338988518,0.0,-50.91053961706181,20913.6962890625,-51.950736715778056,11663.818359375,-58.24032509922914,21041.8701171875,124993
2.4337597,4.9498143,-2.2321048,2.510923563704617,0.0,-50.887163962999374,20913.6962890625,-51.884171380158826,11685.1806640625,-58.79115507508967,21020.5078125,125013
2.465412,4.9551744,-2.2274146,1.5082509111428584,0.0,-50.89845998872313,20913.6962890625,-51.67957342650186,11685.1806640625,-58.47946726618452,20999.1455078125,125033
2.4983137,4.9600215,-2.2222583,2.3133124865943304,0.0,-50.95311526222198,20935.05859375,-51.80760747856389,11685.1806640625,-58.480719631655795,20999.1455078125,125053
2.531735,4.9660544,-2.217262,2.310441332518892,0.0,-50.90817034053944,20956.4208984375,-52.032523225307685,11685.1806640625,-58.447145431206465,20956.4208984375,125073
2.566023,4.9725394,-2.212131,0.9635800054255474,0.0,-50.98980355587557,20935.05859375,-52.13675523726462,11685.1806640625,-58.81198845385205,21041.8701171875,125093
2.6032968,4.979473,-2.206353,2.775137163324181,0.0,-50.937749061047384,20935.05859375,-52.02339075945581,11685.1806640625,-58.562960569889874,20977.783203125,125113
2.6388392,4.98552,-2.2008793,1.2046993020858456,0.0,-50.99689885413943,20935.05859375,-51.901981087863234,11663.818359375,-58.553856356855654,21020.5078125,125133
2.6713626,4.991265,-2.1960073,1.0865108094794438,0.0,-51.06270728982074,20913.6962890625,-51.94163875652763,11599.7314453125,-58.877495646300595,21020.5078125,125153
2.699992,4.996217,-2.1917741,2.870759679134773,0.0,-51.19399355582806,20935.05859375,-52.2620920088727,11685.1806640625,-58.424404638143216,20999.1455078125,125173
2.726492,5.001218,-2.1880527,2.2060672001350015,0.0,-51.17890648413611,20913.6962890625,-52.00018310096128,11685.1806640625,-58.359869776355254,21020.5078125,125193
2.7487075,5.00632,-2.1851962,1.2809473602858916,0.0,-51.14903225492234,20913.6962890625,-51.92817790295639,11685.1806640625,-58.52920021610076,20999.1455078125,125213
2.7721598,5.0110245,-2.1819038,1.6388276390948289,0.0,-51.11040631937344,20935.05859375,-52.07603366555602,11685.1806640625,-58.569971848365405,20999.1455078125,125233
2.7961423,5.0169663,-2.1789527,1.1812015074167388,0.0,-51.26450987137288,20935.05859375,-52.47351094378771,11663.818359375,-58.85256141091408,20999.1455078125,125253
2.817109,5.022536,-2.1765733,2.30956853336525,0.0,-51.32835257513561,20935.05859375,-52.33373203673746,11685.1806640625,-58.66611190148625,20956.4208984375,125273
2.8375683,5.0267835,-2.1738763,1.3762494377607057,0.0,-51.227540638436736,20935.05859375,-52.1587197800818,11642.4560546875,-59.125216379260095,21020.5078125,125293
2.8567598,5.0315027,-2.1714923,0.968532324758501,0.0,-51.270134958552056,20935.05859375,-52.18534230310671,11621.09375,-58.84187644190361,21020.5078125,125313
2.8745232,5.034633,-2.1688251,2.429585584386708,0.0,-51.39747397702442,20935.05859375,-52.349259502868605,11642.4560546875,-58.74788773898196,21084.5947265625,125333
2.895459,5.0402193,-2.166222,2.136368921448916,0.0,-51.364426078870565,20913.6962890625,-52.28005492358467,11663.818359375,-58.91307334918601,21020.5078125,125353
2.917314,5.0461764,-2.1637678,1.0463762022256076,0.0,-51.489513420201874,20935.05859375,-52.387310855176196,11706.54296875,-58.95540788647291,21041.8701171875,125373
2.9379382,5.0525107,-2.1617324,1.396256215861173,0.0,-51.47546262010181,20935.05859375,-52.38724982783344,11642.4560546875,-58.87523946874565,20999.1455078125,125393
2.9585464,5.058822,-2.1594765,2.1911382697588677,0.0,-51.52479085294927,20935.05859375,-52.78717376048619,11663.818359375,-59.01749106216211,20977.783203125,125413
2.9821336,5.065514,-2.1564002,1.218987236096455,0.0,-51.67465330802496,20935.05859375,-53.08530457066538,11685.1806640625,-59.53098788352296,21020.5078125,125433
3.0053794,5.0729957,-2.1536453,1.783105035772755,0.0,-51.709607254279,20935.05859375,-52.839943085787496,11663.818359375,-59.46031447836384,21020.5078125,125453
3.028638,5.08044,-2.1508949,1.4715972629215122,0.0,-51.84336267433055,20935.05859375,-52.83670010048777,11642.4560546875,-59.23964736066375,20956.4208984375,125473
3.0543907,5.086957,-2.1473496,1.600951643485686,0.0,-52.04793820334693,20913.6962890625,-53.071973801399245,11621.09375,-59.484637118796826,21041.8701171875,125493
3.0792792,5.093041,-2.143988,2.5451122038091496,0.0,-52.100753332333426,20913.6962890625,-53.443892560099314,11685.1806640625,-59.522821229314175,21020.5078125,125513
3.1071942,5.099474,-2.1401427,1.181753297512672,0.0,-52.22738288110076,20935.05859375,-53.4801984625848,11685.1806640625,-59.502243773153474,21063.232421875,125533
3.13635,5.1054435,-2.1358654,1.3957531009791757,0.0,-52.36141648396416,20956.4208984375,-53.47237051590688,11642.4560546875,-59.85143355538602,20999.1455078125,125553
3.1642587,5.111857,-2.1319444,1.8198934407471787,0.0,-52.416529882150925,20935.05859375,-53.95092786177254,11642.4560546875,-59.738638312559225,20999.1455078125,125573
3.189685,5.1191697,-2.1288311,1.1816411338619348,0.0,-52.56029419868799,20935.05859375,-54.14650735972145,11642.4560546875,-60.585345839867955,20935.05859375,125593
3.2120924,5.1261506,-2.1262925,2.4116061209851862,0.0,-52.613347911252106,20935.05859375,-54.11107341607632,11685.1806640625,-60.30693486543086,20999.1455078125,125613
3.2332346,5.1336346,-2.1241195,2.2945862912485504,0.0,-52.74252811981728,20935.05859375,-54.282308261339,11663.818359375,-60.475409358339064,20999.1455078125,125633
3.2525997,5.1403337,-2.1221163,1.6386501209586415,0.0,-52.75564320651583,20892.333984375,-54.122043628514376,11621.09375,-60.701384801835296,21020.5078125,125653
3.2719603,5.1470485,-2.1201224,2.344526925080895,0.0,-52.933692910749535,20913.6962890625,-54.62645033579075,11685.1806640625,-60.37450768696754,20956.4208984375,125673
3.2904248,5.1533966,-2.1182249,1.9077321289382707,0.0,-53.144986229552025,20913.6962890625,-54.64116907874154,11663.818359375,-60.27560538570009,20999.1455078125,125693
3.3089104,5.1596994,-2.1163812,1.2988815961574218,0.0,-53.086047200212604,20913.6962890625,-54.69067913732918,11685.1806640625,-60.711703979606966,21105.95703125,125713
3.3268404,5.1648235,-2.1142104,1.564582220771582,0.0,-53.176854315049496,20935.05859375,-54.87927995728594,11642.4560546875,-61.016516611758576,20977.783203125,125733
3.344399,5.170816,-2.1123471,1.5441503459419659,0.0,-53.31582814413111,20935.05859375,-55.152884158745024,11642.4560546875,-61.06970654025307,20999.1455078125,125753
3.3628573,5.177186,-2.1104631,2.394465178860232,0.0,-53.422322040450354,20935.05859375,-55.478291337608255,11663.818359375,-61.1285645756653,20999.1455078125,125773
3.3845413,5.185929,-2.1087291,2.5796074981092594,0.0,-53.66456644723772,20956.4208984375,-55.475898865349144,11642.4560546875,-61.691826256958045,20999.1455078125,125793
3.4079893,5.195477,-2.1067514,1.3765031453388457,0.0,-53.85282666086915,20935.05859375,-55.64069516117001,11663.818359375,-61.46066169948764,20913.6962890625,125813
3.4335806,5.2049613,-2.104352,2.0341439769679126,0.0,-54.050217147557554,20935.05859375,-56.091759938287026,11599.7314453125,-61.44699920873496,21127.3193359375,125833
3.4591806,5.2144117,-2.1019092,2.377714901902201,0.0,-54.384041868125664,20935.05859375,-56.50588646818307,11685.1806640625,-61.95772349758939,20999.1455078125,125853
3.4865987,5.2245655,-2.0994043,1.2978639768414806,0.0,-54.573852019690335,20913.6962890625,-57.042490145039515,11685.1806640625,-62.10140689925305,21020.5078125,125873
3.5145767,5.235916,-2.0972207,2.4474339529136384,0.0,-54.806148369096555,20956.4208984375,-57.068379194597576,11663.818359375,-63.0403895809808,20999.1455078125,125893
3.544707,5.2471466,-2.0945365,1.9274494693690811,0.0,-54.988739210670715,20913.6962890625,-57.592767591495495,11642.4560546875,-63.339726798286186,20913.6962890625,125913
3.5757313,5.2587304,-2.0916548,1.4306626559787992,0.0,-55.11496569983032,20935.05859375,-58.203673615220495,11642.4560546875,-63.27716302890984,21020.5078125,125933
3.6061964,5.269096,-2.088436,2.102921381211903,0.0,-55.267386493925024,20935.05859375,-57.947968595290114,11663.818359375,-63.041608544713725,20977.783203125,125953
3.636991,5.278628,-2.084772,1.6743626000880645,0.0,-55.459237983607125,20935.05859375,-58.14769178330975,11642.4560546875,-62.925808542075295,20913.6962890625,125973
3.6669083,5.2877502,-2.0812469,1.802132793287635,0.0,-55.601390390543585,20956.4208984375,-58.29607098365955,11621.09375,-63.229863230995306,20828.2470703125,125993
3.69682,5.2969,-2.077746,2.462649794951817,0.0,-55.74884498412638,20935.05859375,-58.75127076795713,11706.54296875,-63.3037857107105,20999.1455078125,126013
3.7228253,5.305313,-2.0748591,2.1550725428304243,0.0,-56.05715564079968,20913.6962890625,-58.96769557968443,11706.54296875,-64.18950060322283,21063.232421875,126033
3.7504258,5.312387,-2.0712388,1.801539346975129,0.0,-56.148515328291914,20956.4208984375,-59.04127567531604,11685.1806640625,-63.575871511391355,20892.333984375,126053
3.7789237,5.319825,-2.0675404,2.294709515728874,0.0,-56.13307001587338,20892.333984375,-59.39622768171034,11663.818359375,-63.906786760220356,20956.4208984375,126073
3.807784,5.32634,-2.0635095,2.1211366037819217,0.0,-56.25952071592693,20935.05859375,-59.456158544292215,11621.09375,-64.82291822275468,20913.6962890625,126093
3.8357918,5.3323536,-2.0596595,2.2070202439840125,0.0,-56.39365591110726,20913.6962890625,-59.429692734355456,11663.818359375,-63.980375182085815,20977.783203125,126113
3.8607852,5.338003,-2.0563178,2.207875344227695,0.0,-56.61305939038684,20892.333984375,-59.474136463104756,11642.4560546875,-64.56449774743444,21041.8701171875,126133
3.8879294,5.3434753,-2.0525289,1.470326130274136,0.0,-56.56374158326341,20956.4208984375,-59.228250872549914,11621.09375,-64.10657522440175,21041.8701171875,126153
3.9120479,5.3486257,-2.0492206,2.3621001737596274,0.0,-56.66325901971733,20935.05859375,-60.15800616963878,11642.4560546875,-64.317452604812,21020.5078125,126173
3.937069,5.3540974,-2.0457914,2.0327435295398413,0.0,-56.75999433379299,20913.6962890625,-59.939959193430106,11578.369140625,-64.51644337184104,20956.4208984375,126193
3.9636595,5.358164,-2.0416064,1.9800772667262567,0.0,-56.90214512874015,20913.6962890625,-60.46708238504878,11706.54296875,-64.43168588937012,20913.6962890625,126213
3.9911523,5.3625917,-2.0373602,1.7111882257407887,0.0,-56.94303735900534,20935.05859375,-59.925302526174534,11663.818359375,-64.97490546901514,21020.5078125,126233
4.0228906,5.3668017,-2.0321102,1.6561311347090806,0.0,-56.95374770863626,20913.6962890625,-60.13718480775264,11599.7314453125,-64.56246728640937,20999.1455078125,126253
4.055201,5.372224,-2.027114,1.8187883017398145,0.0,-56.77936788617806,20892.333984375,-60.478118874636934,11685.1806640625,-64.76812482091569,20999.1455078125,126273
4.0884194,5.3780084,-2.0220914,2.0682132492367007,0.0,-57.03915291317738,20935.05859375,-60.164802934277844,11642.4560546875,-64.9313578457985,21020.5078125,126293
4.1225295,5.384208,-2.0169976,1.7655764200728106,0.0,-57.1274488296671,20935.05859375,-60.09900905752197,11663.818359375,-64.99793045428174,20956.4208984375,126313
4.156084,5.389164,-2.0117183,2.0694921441023055,0.0,-57.17530322435455,20935.05859375,-59.95561201979419,11663.818359375,-65.02053859110723,21084.5947265625,126333
4.188413,5.394591,-2.0068502,2.3106080430290676,0.0,-57.124221992989696,20935.05859375,-60.40119556872382,11642.4560546875,-64.61474356795902,21191.40625,126353
4.220728,5.4000316,-2.0019028,1.4875266794437356,0.0,-57.030094940663574,20913.6962890625,-60.62938116516521,11685.1806640625,-65.10955530340722,21041.8701171875,126373
4.2542796,5.404998,-1.9966167,2.2768643554888195,0.0,-57.163001810999525,20956.4208984375,-60.254144433605525,11642.4560546875,-65.03765120982492,21105.95703125,126393
4.287499,5.4108615,-1.9916933,1.7478737231453443,0.0,-56.96732521342263,20913.6962890625,-60.27551318682609,11599.7314453125,-64.92009657353378,20913.6962890625,126413
4.320709,5.416757,-1.9867469,1.6183646437618235,0.0,-57.05894570850228,20913.6962890625,-60.376158431043095,11642.4560546875,-64.5701165206646,20935.05859375,126433
4.3530416,5.422264,-1.9819936,2.2071789115445433,0.0,-56.99411094384804,20935.05859375,-60.2717598846073,11706.54296875,-64.99271073825616,20977.783203125,126453
4.383222,5.4279666,-1.977667,1.7831259927319185,0.0,-56.89194358351868,20935.05859375,-60.44282614420817,11706.54296875,-64.52689991029777,20977.783203125,126473
4.4133873,5.4337506,-1.9733407,1.7295130295000962,0.0,-56.94689381611367,20935.05859375,-60.04360749055653,11642.4560546875,-64.77668466778862,20999.1455078125,126493
4.4413996,5.439701,-1.9694291,2.4298139875103644,0.0,-57.01903246742572,20935.05859375,-60.212573709775235,11642.4560546875,-64.80254778301163,21041.8701171875,126513
4.4685035,5.4452977,-1.9655362,2.22460889025316,0.0,-56.770321969628405,20913.6962890625,-60.307303947499385,11663.818359375,-65.01546932309802,20935.05859375,126533
4.494704,5.4505277,-1.9616748,2.1207544011593127,0.0,-56.84536060765091,20935.05859375,-60.419070737479984,11727.9052734375,-64.73799778553894,20999.1455078125,126553
4.520013,5.455377,-1.9579109,1.7294033795989154,0.0,-56.62455423455614,20935.05859375,-59.85242944036423,11642.4560546875,-65.09017439482871,21041.8701171875,126573
4.54801,5.461327,-1.953889,1.8741679367271793,0.0,-56.608226823225685,20935.05859375,-59.543344751973784,11621.09375,-64.48900592313161,20977.783203125,126593
4.5768914,5.4676676,-1.9497346,2.1383328236802743,0.0,-56.50876163886528,20913.6962890625,-59.476628718247184,11663.818359375,-64.55769943777804,21084.5947265625,126613
4.602227,5.472422,-1.9460305,2.137679710985229,0.0,-56.24196646641329,20913.6962890625,-59.277073033025815,11663.818359375,-64.06010387534135,20999.1455078125,126633
4.6275883,5.477122,-1.9424299,1.765520898505437,0.0,-56.17736075755941,20935.05859375,-59.05963915671505,11642.4560546875,-63.899471043723295,21041.8701171875,126653
4.65205,5.481489,-1.9389375,2.4641486386884965,0.0,-55.87992617763145,20913.6962890625,-58.90854779069076,11642.4560546875,-63.694680124146316,21063.232421875,126673
4.676178,5.4867177,-1.9358273,1.8374797299070407,0.0,-55.955569909080005,20913.6962890625,-58.85772990862523,11706.54296875,-63.73830405892811,21020.5078125,126693
4.6972356,5.4917045,-1.9329984,1.5989169196954944,0.0,-55.594978271345994,20913.6962890625,-58.71255053875945,11685.1806640625,-63.305824022098804,20956.4208984375,126713
4.7234387,5.4969225,-1.9291399,2.529438640578976,0.0,-55.539022076612525,20935.05859375,-58.46743181771955,11685.1806640625,-63.310589792893836,21063.232421875,126733
4.7487288,5.5018296,-1.925322,1.6196323795596503,0.0,-55.568697952229314,20935.05859375,-58.13329976535303,11642.4560546875,-62.9984343140532,20956.4208984375,126753
4.7731338,5.5062494,-1.921513,1.8198302891863531,0.0,-55.30600917006301,20913.6962890625,-57.84326501699607,11663.818359375,-62.759644891129085,20999.1455078125,126773
4.794528,5.5103917,-1.918354,2.309947703867151,0.0,-55.09467225940686,20913.6962890625,-57.705395471986016,11706.54296875,-62.34391148457455,21041.8701171875,126793
4.815596,5.51533,-1.9155182,1.3358349281540893,0.0,-54.90034182684531,20913.6962890625,-57.397229015295146,11685.1806640625,-62.28251444375513,21020.5078125,126813
4.8352237,5.5186357,-1.9125727,2.0871687919726565,0.0,-54.78278197242276,20935.05859375,-57.00501971325107,11685.1806640625,-61.999564651918504,20999.1455078125,126833
4.8584504,5.5234256,-1.9093978,1.784471066377854,0.0,-54.413320652078674,20913.6962890625,-56.62477773891059,11685.1806640625,-62.20420603203301,20999.1455078125,126853
4.8831544,5.529725,-1.906364,1.2977196564996656,0.0,-54.26947180152487,20935.05859375,-56.64175092577578,11642.4560546875,-62.184840395668644,20999.1455078125,126873
4.9075546,5.536767,-1.903618,2.3606798902657546,0.0,-53.93725874840959,20935.05859375,-56.11117658382795,11685.1806640625,-61.946452741869365,21041.8701171875,126893
4.931672,5.544546,-1.9012558,2.0514061890443056,0.0,-53.742761797303835,20935.05859375,-55.496467300464516,11685.1806640625,-61.40760980057479,21105.95703125,126913
4.957012,5.5518303,-1.898458,1.2617686919871638,0.0,-53.54416070450238,20935.05859375,-55.11514052109902,11621.09375,-60.90047354187874,20999.1455078125,126933
4.9835773,5.5585995,-1.8952115,2.293676437028541,0.0,-53.47374998194904,20935.05859375,-55.10770868434967,11642.4560546875,-60.697079942370095,21084.5947265625,126953
5.0101547,5.565344,-1.8920163,1.8537884832656375,0.0,-53.09182680370264,20913.6962890625,-54.9630711579379,11685.1806640625,-60.22017363666889,21020.5078125,126973
5.0376334,5.5724583,-1.8887489,1.7111602022690275,0.0,-53.100009297040636,20913.6962890625,-54.40445704466085,11685.1806640625,-60.22006113468821,21020.5078125,126993
5.0672355,5.579431,-1.8849615,1.452617469243307,0.0,-52.72814416831213,20913.6962890625,-54.13661189604761,11642.4560546875,-60.12831227300944,20999.1455078125,127013
5.0965147,5.5872564,-1.8814765,2.0694328544971867,0.0,-52.731977063544164,20935.05859375,-54.30142480522325,11642.4560546875,-59.87921977366169,20999.1455078125,127033
5.1258,5.595043,-1.8779545,2.528096541327022,0.0,-52.49523931870985,20935.05859375,-53.85698883021335,11663.818359375,-60.144031174993174,21020.5078125,127053
5.1551027,5.602827,-1.8745728,1.9438891132166423,0.0,-52.40447139249164,20935.05859375,-53.686676651904854,11685.1806640625,-60.12777505375321,20999.1455078125,127073
5.1840534,5.611548,-1.8714424,1.376729337832715,0.0,-52.306538260136854,20935.05859375,-53.266847181770764,11621.09375,-59.490227966623266,20977.783203125,127093
5.2115183,5.618696,-1.8681346,2.05215897789961,0.0,-52.081118006306156,20913.6962890625,-53.24571688789459,11642.4560546875,-59.13543449493452,20956.4208984375,127113
5.244012,5.6290183,-1.8645138,2.644959360735589,0.0,-51.911186485788505,20935.05859375,-53.317783921417565,11663.818359375,-59.01591353856834,21105.95703125,127133
5.280722,5.6392016,-1.859894,1.1026122478472697,0.0,-51.88958582167839,20913.6962890625,-53.132191382307106,11706.54296875,-59.204760489734184,21041.8701171875,127153
5.318011,5.6505575,-1.8554273,2.4304726919632524,0.0,-51.82519845802794,20913.6962890625,-52.86965473217122,11685.1806640625,-58.66877758287295,20977.783203125,127173
5.3516994,5.660459,-1.8513265,2.3979966360584886,0.0,-51.68106274119552,20935.05859375,-52.71455798308381,11663.818359375,-59.309269722061025,21041.8701171875,127193
5.3845067,5.669963,-1.8473909,1.025300366748491,0.0,-51.57256854189525,20935.05859375,-52.81088177135353,11642.4560546875,-59.23752151753861,21063.232421875,127213
5.414297,5.679193,-1.8440236,2.676304863418903,0.0,-51.45948075458854,20935.05859375,-52.596817142766206,11663.818359375,-58.79776910319543,20999.1455078125,127233
5.445652,5.687007,-1.8399029,2.0864020780200625,0.0,-51.435898539619316,20935.05859375,-52.29712237565587,11663.818359375,-58.743936526592535,20999.1455078125,127253
5.477914,5.695131,-1.8356391,1.0678537131271724,0.0,-51.29406991831271,20935.05859375,-52.05195558893461,11642.4560546875,-58.89518630830263,20977.783203125,127273
5.510174,5.7032404,-1.8313354,1.9817901395562285,0.0,-51.22383080477058,20935.05859375,-52.14831924868413,11663.818359375,-58.46785666929883,20977.783203125,127293
5.543343,5.711648,-1.8268822,1.7996033402290557,0.0,-51.140916880007474,20935.05859375,-52.34950647550192,11706.54296875,-58.237779845416604,20977.783203125,127313
5.5759006,5.7217093,-1.8231056,2.1198790557603897,0.0,-51.11819979191276,20935.05859375,-52.301319977134064,11706.54296875,-58.42700519336019,20977.783203125,127333
5.610573,5.731594,-1.8186973,2.8742375620857077,0.0,-51.11122562980931,20935.05859375,-51.94711496589528,11663.818359375,-58.56156393224243,21020.5078125,127353
5.64462,5.743198,-1.8149519,1.6935474641130523,0.0,-51.06951793193636,20913.6962890625,-51.94048832770229,11663.818359375,-58.613713295218574,21041.8701171875,127373
5.6756516,5.754574,-1.8118286,2.5618051298373583,0.0,-51.0763508275913,20913.6962890625,-52.158507189496284,11663.818359375,-58.590782910625336,21063.232421875,127393
5.7057676,5.7655973,-1.808696,2.8222626960805504,0.0,-51.002250990106155,20935.05859375,-51.95875409352883,11685.1806640625,-58.474303469665045,20999.1455078125,127413
5.737371,5.7782044,-1.8056611,1.4317959324845093,0.0,-50.86785565702605,20913.6962890625,-51.8149825263026,11642.4560546875,-58.349605063837856,21020.5078125,127433
5.7686687,5.791673,-1.8030361,1.377521636646034,0.0,-50.77134754716391,20935.05859375,-51.657604999112685,11642.4560546875,-58.27955632556127,20977.783203125,127453
5.7987576,5.8056383,-1.8008866,2.711459581777234,0.0,-50.873406309969276,20935.05859375,-51.926939097582306,11663.818359375,-58.239676732241925,20999.1455078125,127473
5.828824,5.8196445,-1.7986898,0.9435652435177188,0.0,-50.87993666081197,20935.05859375,-52.051246737847364,11706.54296875,-58.482103292515006,21020.5078125,127493
5.8607116,5.8343515,-1.7964053,2.5464120439545472,0.0,-50.92196882962847,20913.6962890625,-51.78994153663265,11685.1806640625,-58.14806213243088,20999.1455078125,127513
5.8916674,5.8487506,-1.7941422,2.3643269092608614,0.0,-50.88456001424529,20913.6962890625,-51.73568469764583,11642.4560546875,-58.58784908661819,21041.8701171875,127533
5.922321,5.8639884,-1.7922314,2.104739579766137,0.0,-50.91813251402225,20935.05859375,-51.750771172878416,11642.4560546875,-58.534224447099625,21063.232421875,127553
5.950555,5.880203,-1.7911826,2.773923315504108,0.0,-50.82092968848051,20913.6962890625,-51.990702086434375,11685.1806640625,-58.32138183636023,21020.5078125,127573
5.976069,5.895355,-1.7904296,2.0844385026012993,0.0,-50.77526043980713,20935.05859375,-51.65687488183873,11663.818359375,-58.39712244085735,20977.783203125,127593
6.000673,5.910157,-1.7897462,1.2236032916075914,0.0,-50.81903541148489,20935.05859375,-51.524459180559546,11663.818359375,-58.28386966201429,20935.05859375,127613
6.0252934,5.9249306,-1.789032,2.889981208320843,0.0,-50.867382134636294,20956.4208984375,-51.86011217485914,11663.818359375,-58.41572023376712,20977.783203125,127633
6.0514307,5.9412456,-1.788417,2.57837439626563,0.0,-50.7710327835504,20935.05859375,-51.8733019846126,11685.1806640625,-58.30391694490661,21020.5078125,127653
6.0799527,5.9595222,-1.787872,2.240863685831545,0.0,-50.788230311663085,20935.05859375,-51.921484802458565,11706.54296875,-58.17392843085634,20977.783203125,127673
6.1093664,5.978177,-1.7872273,2.9056155546843456,0.0,-50.81665341871569,20935.05859375,-51.609186808247344,11663.818359375,-58.56341932362539,20977.783203125,127693
6.139715,5.9971404,-1.786488,1.3203434533874516,0.0,-50.732941324929335,20935.05859375,-51.67261497625894,11642.4560546875,-58.090120790696524,21041.8701171875,127713
6.173063,6.0163608,-1.7851964,2.462941010444409,0.0,-50.7866894142217,20913.6962890625,-51.78862503107246,11663.818359375,-58.36657616828637,21063.232421875,127733
6.2067223,6.0347195,-1.7835587,2.725155626994095,0.0,-50.80037114289573,20935.05859375,-51.772792195742326,11706.54296875,-58.242086061994215,20977.783203125,127753
6.2415857,6.0526013,-1.7815287,1.5997628270729871,0.0,-50.76675436399324,20913.6962890625,-51.70070970098297,11685.1806640625,-58.199577541359844,21020.5078125,127773
6.273414,6.0702915,-1.780152,2.2105304088551008,0.0,-50.757636023171145,20935.05859375,-51.52923107834083,11642.4560546875,-57.91886081815495,20913.6962890625,127793
6.3049493,6.088808,-1.7791342,2.3800169872786543,0.0,-50.654475318556884,20935.05859375,-51.83029223213505,11642.4560546875,-58.10970766985037,20977.783203125,127813
6.336201,6.108134,-1.7783753,2.6763090920536046,0.0,-50.613452028276086,20935.05859375,-52.09751879545641,11663.818359375,-58.60651640490666,21020.5078125,127833
6.365328,6.127614,-1.7782124,1.997734001927102,0.0,-50.70988218829047,20956.4208984375,-51.66312045738578,11663.818359375,-58.157161308941824,20999.1455078125,127853
6.393595,6.143771,-1.7771758,1.2039779042864855,0.0,-50.74914948040679,20913.6962890625,-51.58683387830272,11642.4560546875,-58.53323613116259,21020.5078125,127873
6.4203715,6.15834,-1.7759811,1.1066763092719092,0.0,-50.764536518871566,20913.6962890625,-51.43906295301935,11621.09375,-58.57697312636799,21020.5078125,127893
6.4438834,6.1705465,-1.7748853,2.611176946108655,0.0,-50.716737329484374,20913.6962890625,-51.79564152437052,11663.818359375,-58.07363636771918,21020.5078125,127913
6.467131,6.1806135,-1.7731246,1.4294635269888198,0.0,-50.726768556814704,20892.333984375,-51.76709338104804,11685.1806640625,-58.15779635799039,20999.1455078125,127933
6.4934106,6.1908593,-1.7707728,1.4896642721429556,0.0,-50.758470038209616,20935.05859375,-51.58101060024613,11685.1806640625,-58.33821753080117,21020.5078125,127953
6.522454,6.202026,-1.7680807,2.858836661794954,0.0,-50.76840491617154,20935.05859375,-51.66278596265576,11642.4560546875,-58.36775888926428,20977.783203125,127973
6.552431,6.213445,-1.765198,2.378453915085051,0.0,-50.73941444104566,20935.05859375,-51.856511253063786,11663.818359375,-58.34467576633724,20977.783203125,127993
6.5815387,6.2244225,-1.7624258,1.9780690183380583,0.0,-50.77027171137769,20935.05859375,-51.820875047499364,11685.1806640625,-58.32729763791537,20999.1455078125,128013
6.60976,6.23498,-1.75968,2.759953892168399,0.0,-50.73067200417568,20956.4208984375,-51.66335858865823,11663.818359375,-58.61577647840172,21020.5078125,128033
6.6389084,6.2488246,-1.7575287,0.9291972597127165,0.0,-50.717079239711225,20935.05859375,-51.56844802957268,11642.4560546875,-58.27704442887442,20999.1455078125,128053
6.6593246,6.2612944,-1.757107,2.208199868305854,0.0,-50.776652996146794,20935.05859375,-51.85905720412467,11621.09375,-57.761954120528465,20999.1455078125,128073
6.668481,6.2676187,-1.7571908,2.7421325685302222,0.0,-50.75414706830809,20935.05859375,-51.944474567682704,11706.54296875,-58.225422735364,20999.1455078125,128093
6.672749,6.2701764,-1.7571143,0.9051378617692117,0.0,-50.78093147891296,20935.05859375,-51.93240388484392,11706.54296875,-58.37319633757991,21041.8701171875,128113
6.673369,6.271384,-1.7573658,1.204679526878309,0.0,-50.81470930484332,20913.6962890625,-51.70367232255221,11663.818359375,-58.235755642969735,21084.5947265625,128133
6.6715446,6.270709,-1.757532,2.9029035536299603,0.0,-50.79053474423475,20935.05859375,-51.76718029548481,11642.4560546875,-58.59406667455134,20999.1455078125,128193
6.670923,6.2695017,-1.7572837,1.3196469923926557,0.0,-50.683835068575064,20935.05859375,-51.555687687348566,11621.09375,-58.226252365053995,20935.05859375,128213
6.6690993,6.268828,-1.7574568,1.1994544081519134,0.0,-50.770953836310525,20892.333984375,-51.892899721861895,11685.1806640625,-58.07308099448772,20999.1455078125,128273
