0.037513614,4.772247,-2.6625423,2.825659410086703,0.0,-51.24352567794042,20935.05859375,-52.30983704326136,11663.818359375,-58.94372966045563,21020.5078125,328621
0.036372066,4.7728877,-2.66298,2.2923682088759296,0.0,-51.32137635463568,20913.6962890625,-52.431734245029126,11685.1806640625,-58.40292883564157,20999.1455078125,329901
0.03596335,4.7746778,-2.6636438,2.8103810985936715,0.0,-51.323460993508704,20913.6962890625,-52.228130442129824,11642.4560546875,-58.8691660673046,20999.1455078125,329961
0.03482196,4.7753205,-2.6640785,1.8711199501752338,0.0,-51.21395120845907,20913.6962890625,-52.29347359310391,11663.818359375,-58.56822842396095,20999.1455078125,330001
0.034414172,4.7771106,-2.664742,2.174788581477441,0.0,-51.18268781406087,20935.05859375,-52.28109779014044,11663.818359375,-58.774362045012374,20977.783203125,330061
0.03327352,4.7777543,-2.6651778,1.488327803950049,0.0,-51.227006894892774,20935.05859375,-52.24900282223483,11642.4560546875,-58.70319657856709,20999.1455078125,330161
0.032868247,4.7795444,-2.6658416,1.280963858971178,0.0,-51.26278293451904,20913.6962890625,-52.06506616399069,11642.4560546875,-58.75690008791999,21084.5947265625,330241
0.031728063,4.7801905,-2.6662745,2.1201684898225697,0.0,-51.22206408250848,20913.6962890625,-52.32790994071662,11685.1806640625,-58.958115047207144,21041.8701171875,330261
0.030587671,4.7808375,-2.6667058,2.806317764389814,0.0,-51.14338508868868,20913.6962890625,-52.060663267003065,11663.818359375,-58.66369442436997,21041.8701171875,330281
0.030184451,4.7826285,-2.667369,1.7282407641225936,0.0,-51.18056979626441,20956.4208984375,-52.202268194426615,11642.4560546875,-58.94720373235724,20977.783203125,330341
0.028642397,4.7850704,-2.6684575,2.4954746222478477,0.0,-51.15932075253896,20935.05859375,-52.0307862567002,11685.1806640625,-58.94048665027009,20977.783203125,330381
0.026362846,4.7863755,-2.669307,2.1582752301480252,0.0,-51.024452490005395,20935.05859375,-51.82736974396441,11642.4560546875,-58.80883682375913,20977.783203125,330401
0.024282223,4.7867875,-2.669821,1.3386936157005358,0.0,-51.06266109299099,20935.05859375,-51.954492689570976,11621.09375,-58.58500164345938,21020.5078125,330421
0.02274663,4.789236,-2.670904,2.8710569633696155,0.0,-51.197963185045566,20935.05859375,-52.22964245178848,11706.54296875,-58.64804758567082,21020.5078125,330441
0.021215225,4.7916884,-2.6719844,1.4671728158303323,0.0,-51.154476030782234,20935.05859375,-52.30504844530465,11706.54296875,-58.82727359064485,21063.232421875,330461
0.016472273,4.7952414,-2.6739683,1.9638045788374658,0.0,-51.165877417803344,20935.05859375,-51.93367987111454,11663.818359375,-58.84261996485807,20999.1455078125,330481
0.010790647,4.7985754,-2.6760254,2.7133374236219145,0.0,-51.13315087785,20935.05859375,-51.981749885499624,11663.818359375,-58.61404282833913,21063.232421875,330501
0.007946603,4.802607,-2.6778364,1.8010234134548901,0.0,-51.14651499810475,20913.6962890625,-52.18431453804169,11642.4560546875,-58.831287614840036,21041.8701171875,330521
0.007184119,4.806202,-2.6791544,2.6105599375173503,0.0,-51.16684112628734,20935.05859375,-52.04419563306968,11685.1806640625,-58.64167694838015,21020.5078125,330541
0.0066149174,4.8088984,-2.6801436,2.4284834458957523,0.0,-51.214961214206774,20935.05859375,-52.062672479346375,11685.1806640625,-58.530993443648015,20999.1455078125,330561
0.0039686426,4.8120403,-2.681619,1.4528765026905475,0.0,-51.08003579733961,20913.6962890625,-51.87681913239186,11642.4560546875,-58.39364566986178,20956.4208984375,330581
7.664659E-4,4.817881,-2.6840918,2.8744783950509625,0.0,-51.17284659111692,20935.05859375,-52.070569426041004,11642.4560546875,-58.85379910150374,20999.1455078125,330601
-0.0035571894,4.824397,-2.6869879,1.5797858541946623,0.0,-51.1524743895056,20935.05859375,-52.307685691516724,11663.818359375,-59.2757502019538,21041.8701171875,330621
-0.008812249,4.83069,-2.6899867,1.467072038599999,0.0,-51.073175005091116,20935.05859375,-52.12229702867205,11706.54296875,-58.97478174895287,20999.1455078125,330641
-0.017644498,4.835193,-2.6930447,1.9810095773276668,0.0,-50.98420519556015,20935.05859375,-52.07615455068126,11685.1806640625,-59.00605226235203,21020.5078125,330661
-0.028759971,4.8363414,-2.6954176,0.9690992038085342,0.0,-51.013137295246466,20935.05859375,-51.81379807579164,11642.4560546875,-58.71484606699828,20956.4208984375,330681
-0.03933026,4.8347864,-2.6968546,1.7291374636977441,0.0,-51.09934625350298,20956.4208984375,-52.191520684268866,11642.4560546875,-58.97408733407789,20977.783203125,330701
-0.04499443,4.8334403,-2.6974854,2.5112299267958136,0.0,-51.04619557189675,20935.05859375,-52.35633076277553,11706.54296875,-58.866111763183504,20999.1455078125,330721
-0.048002236,4.8336654,-2.69814,1.3542833085908665,0.0,-51.02971355377985,20935.05859375,-52.14018981637136,11685.1806640625,-58.697680874918554,20999.1455078125,330741
-0.04988959,4.833216,-2.6983554,2.874303182694853,0.0,-51.185178935364995,20913.6962890625,-52.02532730593034,11663.818359375,-58.776654808067875,21020.5078125,330761
-0.049300417,4.8352437,-2.698909,2.461289509899854,0.0,-51.12523605831609,20913.6962890625,-52.232232170196575,11685.1806640625,-58.5844839170284,20977.783203125,330801
-0.044000544,4.838408,-2.6989276,2.2573336088455,0.0,-51.10482081151161,20913.6962890625,-52.2223472688741,11706.54296875,-58.47667269712996,21063.232421875,330821
-0.035698622,4.8413734,-2.6982994,1.336871281624821,0.0,-51.0712416149854,20935.05859375,-52.01009006396046,11663.818359375,-58.34809199914599,20999.1455078125,330841
-0.025702083,4.8457203,-2.6978025,2.890866587243836,0.0,-51.10652174462157,20913.6962890625,-52.019667268817386,11642.4560546875,-58.554118631305556,21041.8701171875,330861
-0.014033641,4.8514853,-2.6973858,1.6196745063024052,0.0,-51.139342889393546,20913.6962890625,-51.953573313224126,11642.4560546875,-59.03720214719904,21063.232421875,330881
-0.0053777657,4.8574443,-2.6976361,2.5277767247624583,0.0,-51.16830458658245,20913.6962890625,-52.17081478872685,11685.1806640625,-58.71789694035188,20999.1455078125,330901
-0.0038678083,4.8597097,-2.6980934,2.2927503419662347,0.0,-51.19541583199371,20913.6962890625,-52.10121407345937,11706.54296875,-58.62564619450633,20999.1455078125,330921
-0.005184737,4.8612757,-2.6988523,1.6021679221068486,0.0,-51.11910188542701,20935.05859375,-51.94355790535211,11642.4560546875,-58.474986614128206,20999.1455078125,330941
-0.0048046117,4.8642063,-2.6997428,2.137072934329735,0.0,-51.17074236223211,20935.05859375,-52.31947879409554,11663.818359375,-58.944570521129414,21041.8701171875,330981
-0.003294101,4.86647,-2.700208,2.6926511473216896,0.0,-51.15340798052329,20913.6962890625,-52.086783369501184,11685.1806640625,-58.905684648501335,20999.1455078125,331001
0.0027297405,4.870814,-2.7005153,2.2082366214562117,0.0,-51.190307460900485,20935.05859375,-51.96839364137374,11663.818359375,-58.55651971618524,21020.5078125,331021
0.012502151,4.876136,-2.7003984,1.281952309715432,0.0,-51.156769794202134,20935.05859375,-51.88213584822999,11685.1806640625,-58.79675899009957,20977.783203125,331041
0.023404876,4.8808093,-2.6998785,1.5271459481447212,0.0,-51.07586615785904,20935.05859375,-52.21435735762547,11663.818359375,-58.74356161337207,20999.1455078125,331061
0.031474873,4.884783,-2.699646,1.2383000156434432,0.0,-50.96354984589301,20935.05859375,-52.53626842923304,11685.1806640625,-59.11616040101839,21020.5078125,331081
0.036517352,4.8889427,-2.7000105,2.578144073846476,0.0,-51.02336163782026,20935.05859375,-52.19547762613017,11685.1806640625,-58.785352197449555,21020.5078125,331101
0.03835463,4.894158,-2.7013583,2.581080073194782,0.0,-51.033420002327475,20935.05859375,-51.94708714242934,11706.54296875,-58.697667998337096,20999.1455078125,331121
0.04090794,4.9052396,-2.7044811,1.0672172830782576,0.0,-51.02721658212553,20935.05859375,-51.9737656075814,11642.4560546875,-58.66399163188259,20977.783203125,331141
0.049940582,4.9330816,-2.7116919,2.8553712490337135,0.0,-51.06249595051732,20935.05859375,-52.15889307586424,11685.1806640625,-58.724154151933014,20999.1455078125,331161
0.06857521,4.983058,-2.7239792,2.643605159900921,0.0,-51.093127345090736,20913.6962890625,-52.29956932464372,11706.54296875,-59.215364891682036,20999.1455078125,331181
0.09156334,5.047194,-2.7399275,2.156365032458928,0.0,-51.12527776388258,20935.05859375,-52.069278879774494,11663.818359375,-59.113613156498246,20999.1455078125,331201
0.112885006,5.1051874,-2.754307,1.1852642054051685,0.0,-51.058306321603595,20913.6962890625,-51.977388111457856,11642.4560546875,-58.96122019534773,21020.5078125,331221
0.1329124,5.1487627,-2.764432,1.7466024609936905,0.0,-51.04373348829356,20913.6962890625,-52.16060404771539,11663.818359375,-58.5156785604574,21020.5078125,331241
0.15200856,5.1714444,-2.7680988,2.870481218649275,0.0,-51.144861834148436,20913.6962890625,-52.19361684003288,11685.1806640625,-58.768562307797865,21020.5078125,331261
0.17250271,5.1823063,-2.7676399,2.3268349439390765,0.0,-51.24810987817212,20913.6962890625,-52.2049514910514,11706.54296875,-58.853510382818,20977.783203125,331281
0.1890547,5.1883974,-2.7664673,1.4341952441848353,0.0,-51.28328683703191,20892.333984375,-52.00323952881028,11663.818359375,-58.894824649604104,20977.783203125,331301
0.19733496,5.191438,-2.7659173,2.3459654433997565,0.0,-51.189355916187125,20913.6962890625,-52.094216995731706,11642.4560546875,-58.9006238932061,21020.5078125,331321
0.20016012,5.1921515,-2.7656298,2.410865964943077,0.0,-51.20571481785545,20935.05859375,-52.32791494169729,11685.1806640625,-58.602234821779774,20999.1455078125,331341
0.20204383,5.1926265,-2.7654397,2.806364703141859,0.0,-51.18121931795639,20913.6962890625,-52.04640014487146,11685.1806640625,-58.871536654553076,21020.5078125,331361
0.20279229,5.193763,-2.765672,1.9473348192933815,0.0,-51.15590235491108,20935.05859375,-51.952302743909854,11642.4560546875,-58.585206030573445,20977.783203125,331401
0.20240736,5.1955595,-2.7663312,2.7762979283481592,0.0,-51.05831236635751,20956.4208984375,-51.99497717209212,11663.818359375,-58.9807366477669,20999.1455078125,331461
0.20202546,5.197356,-2.7669911,2.511480237569858,0.0,-51.135273731754225,20935.05859375,-52.161005861813514,11685.1806640625,-58.60156585711836,20999.1455078125,331521
0.20127279,5.200952,-2.7683125,2.3611671736098816,0.0,-51.11404657110363,20935.05859375,-52.15504210807755,11685.1806640625,-58.4639185536509,21020.5078125,331541
0.20214012,5.216277,-2.7731593,2.794205256096687,0.0,-51.04996175517289,20913.6962890625,-52.00650061149193,11685.1806640625,-59.203608120905486,21041.8701171875,331561
0.21264166,5.2537184,-2.7831893,1.338652425469846,0.0,-50.98237092314463,20913.6962890625,-51.94358464065893,11621.09375,-59.114265084652324,21041.8701171875,331581
0.22841856,5.3112254,-2.7984655,1.635164612899446,0.0,-51.06123118436271,20913.6962890625,-52.20231891515791,11685.1806640625,-58.6684822150676,20999.1455078125,331601
0.24465162,5.3725057,-2.8149757,2.611646287461576,0.0,-51.17830307954744,20956.4208984375,-52.075918096388925,11685.1806640625,-58.58720278469179,20956.4208984375,331621
0.25681737,5.417795,-2.8272195,0.9078791417558807,0.0,-51.05536965767229,20935.05859375,-51.96224818281251,11685.1806640625,-58.42714734041655,20935.05859375,331641
0.27031854,5.4446354,-2.8332665,1.2240634267728578,0.0,-51.003955214039955,20913.6962890625,-52.057036342232266,11663.818359375,-58.83584611194745,20956.4208984375,331661
0.2897649,5.4608016,-2.834519,1.8378098690826894,0.0,-50.9710493225724,20913.6962890625,-52.065840723944405,11663.818359375,-59.08514229606751,21041.8701171875,331681
0.30932695,5.476154,-2.8354213,1.6344928519223225,0.0,-51.010493313212784,20935.05859375,-52.147270417710956,11685.1806640625,-58.755385918329566,21020.5078125,331701
0.32026175,5.490251,-2.8377829,2.791877236727218,0.0,-51.03454101205862,20956.4208984375,-52.015318194728415,11685.1806640625,-58.64993371505592,21020.5078125,331721
0.32444245,5.503581,-2.8413181,1.377499271893803,0.0,-50.91844261234185,20935.05859375,-51.85117699335254,11663.818359375,-58.67582090057769,20977.783203125,331741
0.32747713,5.5128455,-2.8437543,2.6299350394003547,0.0,-50.92078854403921,20935.05859375,-52.15494230342108,11663.818359375,-58.5627804099661,20999.1455078125,331761
0.33030832,5.5182786,-2.8449876,2.360559536385431,0.0,-51.0026328680424,20956.4208984375,-52.28263355393146,11685.1806640625,-58.78487658656148,20977.783203125,331781
0.33463946,5.5212526,-2.84513,1.5794705000524472,0.0,-50.87863587834118,20956.4208984375,-52.092126522349915,11685.1806640625,-58.380925291716686,21041.8701171875,331801
0.33991233,5.5244617,-2.8451831,2.841249429665182,0.0,-51.0035984265528,20935.05859375,-51.912700279351725,11663.818359375,-58.73532655612201,21063.232421875,331821
0.34255,5.526064,-2.845213,1.2241613245928862,0.0,-50.98147029699027,20935.05859375,-51.671912300651435,11621.09375,-58.50417384525373,20999.1455078125,331841
0.34311745,5.528096,-2.8457708,2.546063225726832,0.0,-50.961189506615405,20935.05859375,-52.178254942744566,11663.818359375,-58.28778099976687,20999.1455078125,331861
0.3433188,5.531926,-2.8469887,2.1709496155356014,0.0,-50.99510072249022,20935.05859375,-52.23093295103751,11685.1806640625,-58.7073646099882,21020.5078125,331881
0.3545897,5.5498023,-2.8503957,2.29333743511848,0.0,-50.97200644406513,20913.6962890625,-51.889981444698705,11685.1806640625,-58.65724859226887,20999.1455078125,331901
0.37361428,5.5844955,-2.8577313,1.377480704073675,0.0,-50.96064936070853,20935.05859375,-51.79903143043117,11663.818359375,-58.60224011382233,20999.1455078125,331921
0.39758706,5.6305947,-2.8676727,1.184562962594397,0.0,-50.945678889318486,20935.05859375,-51.64201901176184,11621.09375,-59.052379920318394,21063.232421875,331941
0.42013502,5.6800156,-2.8790236,2.3769705293331334,0.0,-50.93472413027294,20913.6962890625,-51.952599556111466,11706.54296875,-58.65514003240512,21020.5078125,331961
0.44134587,5.731902,-2.8914638,2.3091771228563527,0.0,-50.987409259329645,20913.6962890625,-51.85907496861762,11706.54296875,-58.557101653052655,21020.5078125,331981
0.4614752,5.784492,-2.9042728,1.0074167494412147,0.0,-50.9396187997813,20913.6962890625,-51.769802319836735,11685.1806640625,-58.58086169216576,21041.8701171875,332001
0.4809336,5.8407283,-2.9183347,1.2047259996981694,0.0,-51.02790405328446,20935.05859375,-51.81666308092156,11663.818359375,-58.96011117436966,21020.5078125,332021
0.5028535,5.8994813,-2.9324725,1.3744230098945776,0.0,-50.997625853740246,20935.05859375,-51.88225622801073,11621.09375,-59.22548581763522,21063.232421875,332041
0.5243175,5.9609094,-2.9477217,1.7807094257851057,0.0,-50.97700075352607,20913.6962890625,-51.97815840531882,11685.1806640625,-58.623347161690084,21041.8701171875,332061
0.54464453,6.0230546,-2.963366,2.327188754947545,0.0,-50.93617654745357,20913.6962890625,-51.78468918270098,11685.1806640625,-58.53043780737383,20999.1455078125,332081
0.56508636,6.0843067,-2.9786968,0.9283169432420939,0.0,-50.965663407421864,20935.05859375,-51.680446332245076,11685.1806640625,-58.67458957554763,21020.5078125,332101
0.5861645,6.141951,-2.992681,2.72877641018738,0.0,-50.84544540100278,20935.05859375,-51.874646977890265,11663.818359375,-58.774612209149446,21041.8701171875,332121
0.60587347,6.1964135,-3.0060408,2.2237535395249384,0.0,-50.84258788889484,20935.05859375,-52.05237641915855,11663.818359375,-59.16420521117328,20977.783203125,332141
0.6234701,6.2457066,-3.0182767,1.7811573007640744,0.0,-50.95245083909634,20935.05859375,-51.83592434656668,11685.1806640625,-58.59623032216824,20999.1455078125,332161
0.6393026,6.2880282,-3.0286775,2.7601495632684503,0.0,-50.958518038049434,20935.05859375,-51.727695486921085,11663.818359375,-58.84490127607863,20999.1455078125,332181
0.65405476,6.3197536,-3.0359764,1.2241524920653866,0.0,-50.9155720873165,20935.05859375,-51.61723241622015,11663.818359375,-59.044963011392426,20999.1455078125,332201
0.66668487,6.3415613,-3.0405846,2.7278646236255293,0.0,-50.94182287099336,20935.05859375,-52.04145446797063,11663.818359375,-58.81912323994803,20977.783203125,332221
0.6770661,6.354361,-3.0427408,2.577385674432906,0.0,-50.994894168753916,20956.4208984375,-52.13723558631885,11685.1806640625,-59.13627322660066,20999.1455078125,332241
0.6851453,6.363774,-3.0442739,2.4283845039740606,0.0,-50.9236861535196,20935.05859375,-51.92810735034157,11685.1806640625,-58.77788345272513,20956.4208984375,332261
0.6936033,6.371343,-3.0451212,2.8264023531326927,0.0,-50.91873836458197,20913.6962890625,-51.863089368694816,11621.09375,-58.78352094526649,20999.1455078125,332281
0.7025396,6.3818216,-3.0467825,1.3005095426759867,0.0,-50.92077836861084,20935.05859375,-51.63783827375372,11621.09375,-58.76903160452534,21020.5078125,332301
0.7134008,6.3926926,-3.0481992,2.1369743967165307,0.0,-50.96333412632,20935.05859375,-52.020524845477176,11685.1806640625,-58.69924167556068,21020.5078125,332321
0.7193875,6.397775,-3.0486946,1.816899861678174,0.0,-50.89049264281339,20913.6962890625,-51.97960105954649,11663.818359375,-58.680091962728305,21020.5078125,332341
0.7255327,6.401954,-3.048845,2.069416760664629,0.0,-50.87757140266662,20913.6962890625,-51.67611947918593,11685.1806640625,-58.56937605840808,21020.5078125,332361
0.7379895,6.409394,-3.0488234,2.8748654021432536,0.0,-50.92028113849708,20913.6962890625,-51.74777450271647,11642.4560546875,-58.65441259832549,21020.5078125,332381
0.7550206,6.418776,-3.0485325,1.086731592946347,0.0,-50.92618122124282,20913.6962890625,-51.67962263667967,11621.09375,-58.806325710929094,20999.1455078125,332401
0.7701698,6.4277253,-3.04848,2.5282065035267047,0.0,-50.933568603911475,20913.6962890625,-52.01989022081942,11685.1806640625,-58.5558372466678,21020.5078125,332421
0.78169835,6.434928,-3.0486026,2.102056942381728,0.0,-50.999106417378535,20913.6962890625,-51.93480002278349,11685.1806640625,-58.5977755218821,21020.5078125,332441
0.7932174,6.4421463,-3.0487,1.1642967302811678,0.0,-50.99000147724409,20913.6962890625,-51.78469820056668,11685.1806640625,-58.449243136724114,20999.1455078125,332461
0.8066397,6.449759,-3.048508,1.1659610625330359,0.0,-50.949227320516776,20913.6962890625,-51.85151144998825,11663.818359375,-58.755916583163135,21041.8701171875,332481
0.8206963,6.459394,-3.0488448,1.0842491091725708,0.0,-50.93894967170094,20913.6962890625,-51.96778394233684,11663.818359375,-59.01926097402658,21041.8701171875,332501
0.83582944,6.46837,-3.0487497,2.2742724642148966,0.0,-51.001220298970075,20935.05859375,-51.86728129271016,11685.1806640625,-58.691909547053775,21041.8701171875,332521
0.85031694,6.47536,-3.0481575,2.2928452106747104,0.0,-50.950695117167584,20913.6962890625,-51.8623935194777,11685.1806640625,-58.56206660671144,21020.5078125,332541
0.86322343,6.4801517,-3.0471685,1.1853999770835695,0.0,-50.953408242697115,20913.6962890625,-51.751300977528246,11663.818359375,-58.54490099566916,20999.1455078125,332561
0.87345165,6.4834213,-3.0462155,1.4137713035214492,0.0,-50.87586260153373,20935.05859375,-51.89619547259169,11663.818359375,-58.64912723013657,21020.5078125,332581
0.88273084,6.4864907,-3.045387,1.0432685116922225,0.0,-50.93562526096065,20913.6962890625,-52.12746718356247,11663.818359375,-59.124694517992296,21020.5078125,332601
0.8935655,6.4917974,-3.0449474,2.2748888609257745,0.0,-50.896010507688594,20935.05859375,-51.849734458983065,11685.1806640625,-58.92346462442777,20956.4208984375,332621
0.907701,6.5006485,-3.0449758,1.784905771978568,0.0,-50.8624399910036,20935.05859375,-51.721499425001916,11663.818359375,-58.74616707702969,20977.783203125,332641
0.92404306,6.5137334,-3.0459063,1.165770768809971,0.0,-50.922162507355544,20935.05859375,-51.754455793227535,11663.818359375,-58.53080800479647,20977.783203125,332661
0.9430135,6.528428,-3.046607,2.9041505487113755,0.0,-50.97572136648343,20956.4208984375,-51.95641200756618,11663.818359375,-58.786826559826686,20977.783203125,332681
0.9631152,6.54239,-3.0470119,2.659849568560946,0.0,-50.85363874985333,20935.05859375,-52.09344082786337,11706.54296875,-59.207713024928,20999.1455078125,332701
0.98321253,6.55636,-3.0473433,2.2759413564791706,0.0,-50.896768432790445,20935.05859375,-51.83127687036162,11685.1806640625,-58.92945919309575,20999.1455078125,332721
1.0069375,6.5720696,-3.047489,2.448442810942037,0.0,-50.840587528950614,20935.05859375,-51.778783821651004,11663.818359375,-58.928226745575685,20999.1455078125,332741
1.0331953,6.5901985,-3.0479012,0.988271963631355,0.0,-50.87455899049797,20913.6962890625,-51.67126530691763,11663.818359375,-58.70111205096917,20999.1455078125,332761
1.0574659,6.608724,-3.0490267,2.902661590631668,0.0,-50.94300313915131,20935.05859375,-51.975494732469826,11663.818359375,-58.53348913273676,21020.5078125,332781
1.0839218,6.625887,-3.0491216,1.3156235458307126,0.0,-50.94865200163525,20935.05859375,-52.1267039838789,11706.54296875,-58.86554465978535,21041.8701171875,332801
1.110989,6.6450996,-3.049728,1.8391309871677775,0.0,-50.95284702942658,20913.6962890625,-51.80130482392926,11663.818359375,-59.056437076951205,21020.5078125,332821
1.1381897,6.663442,-3.0500233,2.210200696868142,0.0,-50.968979134940085,20913.6962890625,-51.71968245489531,11642.4560546875,-58.495947156363506,21020.5078125,332841
1.1654037,6.6817636,-3.0503953,1.9267561289998216,0.0,-51.01458020340172,20913.6962890625,-51.83501395095266,11663.818359375,-58.886957851206255,21020.5078125,332861
1.1910299,6.697878,-3.0503268,2.8221599716825203,0.0,-50.9699890877624,20913.6962890625,-51.8712290605088,11685.1806640625,-58.510774265371296,21020.5078125,332881
1.213052,6.7122154,-3.050608,1.2791206563558246,0.0,-50.99220006893372,20913.6962890625,-51.897346475564596,11727.9052734375,-58.91871108344645,21041.8701171875,332901
1.2317715,6.7230005,-3.0504446,1.358403099726352,0.0,-51.01129631037799,20956.4208984375,-51.752288826608144,11642.4560546875,-58.818581811533235,21041.8701171875,332921
1.2478092,6.7322574,-3.0502806,2.3634097516264454,0.0,-50.92152514244883,20913.6962890625,-51.86722279916505,11663.818359375,-58.770779981944074,21063.232421875,332941
1.2655958,6.742809,-3.0501711,1.004688817370696,0.0,-50.96451423138464,20935.05859375,-52.064968275116755,11642.4560546875,-58.93846191190035,21063.232421875,332961
1.283238,6.7542415,-3.0503716,2.6109193837049736,0.0,-50.862004923161464,20913.6962890625,-51.81514252866941,11685.1806640625,-58.52209565183944,21020.5078125,332981
1.3043457,6.768324,-3.0506663,1.3001235287146673,0.0,-50.893101084061485,20935.05859375,-51.74134748125219,11685.1806640625,-58.71340014607112,21041.8701171875,333001
1.3290753,6.784152,-3.0506186,1.8758761617702047,0.0,-50.930229073743476,20913.6962890625,-51.85642509608229,11663.818359375,-58.75271776843279,21041.8701171875,333021
1.3546343,6.8010335,-3.0508008,1.837338742757265,0.0,-50.9237974330344,20935.05859375,-52.02199356831974,11663.818359375,-58.772708664922334,20977.783203125,333041
1.3792653,6.8176827,-3.0511208,0.9635035154082381,0.0,-50.88239080387016,20935.05859375,-52.046313264094806,11706.54296875,-58.66857810518019,20977.783203125,333061
1.4057726,6.8347664,-3.051093,2.791764439202436,0.0,-50.93025105469526,20935.05859375,-51.83501586268807,11663.818359375,-58.861408981921045,20977.783203125,333081
1.4313368,6.8516407,-3.051238,1.3773360379148702,0.0,-50.94715006549733,20935.05859375,-51.690046392463955,11663.818359375,-58.74442721415892,20999.1455078125,333101
1.4569018,6.8685136,-3.0513904,1.8393059084658496,0.0,-50.945235033262286,20935.05859375,-51.80839160521555,11642.4560546875,-58.453526735536116,20977.783203125,333121
1.4834113,6.8855934,-3.0513287,2.758663025715811,0.0,-50.967605291206226,20935.05859375,-52.05360969777765,11685.1806640625,-58.52737651667849,20977.783203125,333141
1.509016,6.9024057,-3.0514996,2.6440067325329677,0.0,-50.938612200015775,20935.05859375,-52.067281044078506,11685.1806640625,-58.952510270262344,20956.4208984375,333161
1.5328718,6.917917,-3.051584,2.7116758438807076,0.0,-50.94822686225855,20935.05859375,-51.829858541010864,11685.1806640625,-59.34405043672781,20999.1455078125,333181
1.5557745,6.9332347,-3.0517795,1.8220687474210042,0.0,-50.99620408892186,20935.05859375,-51.71173694871703,11642.4560546875,-58.636527771882186,20999.1455078125,333201
1.5788428,6.9476237,-3.051689,2.016128228331576,0.0,-51.00759061350294,20935.05859375,-51.973648458858726,11642.4560546875,-58.7049083726297,21041.8701171875,333221
1.6011138,6.960906,-3.0513635,2.7901141380986374,0.0,-51.058179343798514,20913.6962890625,-52.05631216991789,11685.1806640625,-58.4261966304895,21020.5078125,333241
1.624204,6.97526,-3.0512855,2.3954184820732465,0.0,-50.94950180730672,20913.6962890625,-51.96559119005697,11685.1806640625,-58.82484316428844,21063.232421875,333261
1.6483879,6.9889126,-3.0507169,1.5091205917971564,0.0,-51.06251145855556,20913.6962890625,-51.88105983048183,11642.4560546875,-59.01988109683862,20999.1455078125,333281
1.673255,7.0045238,-3.0506904,2.0702294489156885,0.0,-51.065826915125115,20913.6962890625,-51.83818514799944,11642.4560546875,-58.96514613158642,21041.8701171875,333301
1.6983072,7.0191646,-3.0503473,2.2749930080709015,0.0,-51.07542568442773,20913.6962890625,-52.13670840374998,11685.1806640625,-58.55949041267906,21020.5078125,333321
1.7232327,7.034682,-3.0502467,2.660164626485482,0.0,-50.97577413937563,20913.6962890625,-51.89463588871111,11685.1806640625,-58.59465644719812,21041.8701171875,333341
1.7491081,7.0503893,-3.0498965,1.1650961600831722,0.0,-50.984478931099986,20913.6962890625,-51.807016458183114,11663.818359375,-58.44462078965787,20999.1455078125,333361
1.7759348,7.066284,-3.0493891,2.123595677428695,0.0,-50.974652238751155,20913.6962890625,-51.85969785661386,11663.818359375,-58.97999565888771,21020.5078125,333381
1.8027586,7.0821843,-3.0488894,1.619091015067432,0.0,-51.04395250156855,20935.05859375,-51.95855617171324,11663.818359375,-58.875001812999116,21020.5078125,333401
1.8314537,7.0985107,-3.048035,1.1018798140639388,0.0,-50.93011355751868,20913.6962890625,-52.072068326061256,11685.1806640625,-58.78749365122259,21020.5078125,333421
1.8592105,7.114628,-3.0473385,2.562025379962083,0.0,-50.9882118227528,20935.05859375,-51.88141440950987,11663.818359375,-58.76062456354518,21020.5078125,333441
1.8842825,7.129229,-3.046807,1.4713729940696787,0.0,-50.98511644999177,20935.05859375,-51.69631621839269,11685.1806640625,-58.88990567818537,21020.5078125,333461
1.9093522,7.1438336,-3.0462682,1.7306097461790968,0.0,-50.97267571249438,20956.4208984375,-51.93658611457912,11663.818359375,-58.83136108792055,20999.1455078125,333481
1.9345689,7.1575193,-3.045376,1.9620376018844565,0.0,-50.95384145976412,20935.05859375,-52.08857946965356,11685.1806640625,-58.785320737387615,20956.4208984375,333501
1.9598025,7.1711755,-3.0445106,0.9435546274306726,0.0,-50.940551827331845,20935.05859375,-52.10550009488168,11685.1806640625,-58.73666099447942,20999.1455078125,333521
1.9832733,7.18355,-3.0435565,2.6136445865478275,0.0,-51.05128318384706,20956.4208984375,-51.824224429376144,11663.818359375,-59.09526592737349,20956.4208984375,333541
2.007689,7.1961246,-3.0424852,1.3013061379065505,0.0,-50.94881688644264,20935.05859375,-51.655128871695,11642.4560546875,-58.82871020536807,21063.232421875,333561
2.0293987,7.207215,-3.0414548,1.4331892297850504,0.0,-50.93712527554704,20935.05859375,-51.898122746295385,11621.09375,-58.609706454282275,20999.1455078125,333581
2.0529945,7.2187114,-3.0401604,2.838423581030697,0.0,-51.036997119615066,20913.6962890625,-52.08068391094756,11685.1806640625,-58.69621323461872,20977.783203125,333601
2.0775173,7.2304373,-3.038664,2.6108718916103064,0.0,-50.94505355642404,20913.6962890625,-52.07732675089092,11706.54296875,-58.82109309016379,20956.4208984375,333621
2.103776,7.243492,-3.0372026,2.580299979766123,0.0,-51.010250158251694,20892.333984375,-51.87240676236306,11663.818359375,-58.86956781158983,21020.5078125,333641
2.127501,7.2541103,-3.0355866,2.088530790490103,0.0,-50.987255717822855,20913.6962890625,-51.73573296548754,11642.4560546875,-58.82561809148904,20999.1455078125,333661
2.1502993,7.264496,-3.0341601,1.487382724821672,0.0,-50.96631606287421,20913.6962890625,-52.06645711449905,11663.818359375,-58.35329027400678,20956.4208984375,333681
2.1722884,7.2737722,-3.03245,2.8703199946124553,0.0,-51.13019655672795,20913.6962890625,-51.98672138200726,11685.1806640625,-58.5323192906299,21041.8701171875,333701
2.196342,7.2824697,-3.0302222,2.293895575589935,0.0,-51.113912675983585,20935.05859375,-51.930087226859,11706.54296875,-58.61440992727032,21020.5078125,333721
2.221205,7.2922535,-3.0281363,2.5655650204710017,0.0,-51.00830095363438,20913.6962890625,-51.99853489911766,11663.818359375,-58.592331499792245,21020.5078125,333741
2.247962,7.302408,-3.0257125,2.13888070018982,0.0,-51.001738671541695,20935.05859375,-51.978339964671505,11663.818359375,-59.18791115817352,21041.8701171875,333761
2.2775438,7.3131514,-3.0227532,2.342978167865332,0.0,-51.11958455608853,20935.05859375,-52.18056882373344,11685.1806640625,-58.585601486955184,21020.5078125,333781
2.3091826,7.323294,-3.0192146,2.8868259838511383,0.0,-50.966825523696215,20935.05859375,-51.931876416679216,11685.1806640625,-58.49383625302409,21063.232421875,333801
2.3401752,7.331334,-3.0152159,1.0862300375375855,0.0,-51.05918053395683,20913.6962890625,-51.84008337606562,11685.1806640625,-58.78923011190157,21041.8701171875,333821
2.371318,7.338401,-3.0109162,1.2238977654595116,0.0,-51.04037248002776,20935.05859375,-52.07170228616469,11642.4560546875,-58.60604274947597,20999.1455078125,333841
2.4034123,7.3456087,-3.006429,2.120419537542377,0.0,-51.075304998007766,20913.6962890625,-52.23813749222889,11663.818359375,-59.132798901344344,21041.8701171875,333861
2.434707,7.3516445,-3.0017848,1.160550069617287,0.0,-50.96164071208796,20913.6962890625,-52.061200990198074,11685.1806640625,-58.644573720029946,20999.1455078125,333881
2.464118,7.357279,-2.9974647,2.8566530098770877,0.0,-51.02743404068675,20913.6962890625,-51.91247554777248,11685.1806640625,-58.75573413050752,20999.1455078125,333901
2.4933763,7.363855,-2.9933314,1.0680811313194853,0.0,-50.93529262779208,20935.05859375,-51.74643561040349,11642.4560546875,-58.54853433271066,21041.8701171875,333921
2.5205948,7.371008,-2.9897373,1.395703143171432,0.0,-50.97435358286439,20935.05859375,-51.970962593906016,11642.4560546875,-58.55142911161185,20977.783203125,333941
2.5497139,7.378532,-2.9859025,2.223381005493785,0.0,-50.94379098834632,20935.05859375,-52.17147473785951,11685.1806640625,-59.018317304964896,20999.1455078125,333961
2.5777493,7.3867893,-2.9824789,1.1418076050781598,0.0,-50.912197473850654,20956.4208984375,-51.9978018819884,11685.1806640625,-58.98110065565376,20999.1455078125,333981
2.606871,7.3943033,-2.9786432,1.892285993443958,0.0,-51.09110459806885,20935.05859375,-51.89795831554279,11663.818359375,-58.95169630761279,21063.232421875,334001
2.6350498,7.401643,-2.9750092,1.0874653824195872,0.0,-51.030935476940286,20935.05859375,-51.729694284873915,11621.09375,-58.8455069935289,20977.783203125,334021
2.6614556,7.4077053,-2.9713018,2.2595422064376334,0.0,-50.97682020535879,20935.05859375,-52.118341426573195,11663.818359375,-58.54383582927802,20999.1455078125,334041
2.684214,7.4120865,-2.9679039,2.5774958236950374,0.0,-51.02618265968597,20913.6962890625,-52.357338940330244,11706.54296875,-58.86845743341536,20999.1455078125,334061
2.7069767,7.4164677,-2.9645343,1.1826373575922324,0.0,-50.987893177417156,20935.05859375,-51.95741090584423,11685.1806640625,-58.73622296864469,20999.1455078125,334081
2.727847,7.420461,-2.9614484,2.890706505631493,0.0,-51.019739028220116,20935.05859375,-51.89715132385415,11621.09375,-58.750989741860124,21041.8701171875,334101
2.7479064,7.423329,-2.9582171,1.300081219591043,0.0,-51.09396209382889,20935.05859375,-51.90226354069112,11642.4560546875,-58.949128091933076,21020.5078125,334121
2.7680779,7.425283,-2.954585,2.2749322282291535,0.0,-51.128644032318924,20913.6962890625,-52.15395615832879,11685.1806640625,-58.784077687798856,20977.783203125,334141
2.7883854,7.4262805,-2.9506783,2.461557696785742,0.0,-51.16724025007792,20935.05859375,-52.1704031053998,11706.54296875,-59.223434402461365,21020.5078125,334161
2.8107083,7.426712,-2.946133,2.0520104276390496,0.0,-51.088909646846325,20935.05859375,-52.02271406149774,11685.1806640625,-58.98408536203644,20999.1455078125,334181
2.8350325,7.426577,-2.9408894,2.8586954827963473,0.0,-51.03661851181801,20892.333984375,-51.99163666815067,11642.4560546875,-58.80375610132105,20999.1455078125,334201
2.8594882,7.425485,-2.935378,1.4504670960537505,0.0,-51.115012848084746,20913.6962890625,-52.09929136884466,11642.4560546875,-58.94292729623443,21084.5947265625,334221
2.8840532,7.42348,-2.9294982,2.544389807365675,0.0,-51.12436771925685,20913.6962890625,-52.12909827475565,11685.1806640625,-58.75504761658932,21020.5078125,334241
2.910383,7.4227533,-2.9235878,2.5127814351047424,0.0,-51.027865249570425,20913.6962890625,-52.02513376708018,11706.54296875,-58.67333549254073,21063.232421875,334261
2.9358685,7.420895,-2.9174514,0.9485610008574357,0.0,-51.08915596694096,20935.05859375,-51.91862715305564,11685.1806640625,-58.42785117406586,20913.6962890625,334281
2.9585416,7.4184265,-2.9119353,1.261383930801629,0.0,-51.1472375749394,20935.05859375,-52.08195984834308,11642.4560546875,-58.84852707850497,20956.4208984375,334301
2.9802651,7.4157653,-2.9065754,1.5049949199451436,0.0,-51.11359138319362,20956.4208984375,-52.34603939950857,11685.1806640625,-59.041027269712465,21020.5078125,334321
3.0039942,7.412512,-2.900576,1.6536141121259784,0.0,-51.028732643681025,20913.6962890625,-51.92664899338191,11685.1806640625,-59.13771978345511,20999.1455078125,334341
3.0268824,7.408133,-2.8944092,2.0343508992367196,0.0,-51.037949027278195,20935.05859375,-51.8622696001992,11642.4560546875,-58.61335228640933,20999.1455078125,334361
3.0495503,7.4055614,-2.8889189,0.9491148913794532,0.0,-51.04036747174977,20935.05859375,-51.8184170329539,11642.4560546875,-58.841779843287625,21020.5078125,334381
3.0712442,7.402847,-2.8834665,1.6921289007858134,0.0,-51.07294605361681,20935.05859375,-52.16298396538108,11685.1806640625,-58.62448762995346,20999.1455078125,334401
3.0929482,7.4001255,-2.878058,2.5110115260526147,0.0,-51.08215225610085,20935.05859375,-52.3057516749051,11706.54296875,-59.13274152337454,21020.5078125,334421
3.118442,7.3981194,-2.8720036,1.6000574355030999,0.0,-51.09920995686522,20956.4208984375,-51.91136530196128,11685.1806640625,-59.055819150887594,20999.1455078125,334441
3.144885,7.396293,-2.865796,1.4716410895088397,0.0,-51.065341540295506,20935.05859375,-51.905161897712674,11642.4560546875,-58.746895087922525,21020.5078125,334461
3.1705077,7.3933926,-2.859474,1.027106696516385,0.0,-51.020733440486445,20935.05859375,-51.98923077909677,11642.4560546875,-58.69454869956226,20999.1455078125,334481
3.1949399,7.392187,-2.853882,2.343494499975795,0.0,-51.10222332716373,20913.6962890625,-52.198716691890496,11685.1806640625,-58.430769555618994,20999.1455078125,334501
3.2165313,7.390463,-2.8487654,2.643829061301872,0.0,-51.09012973084552,20935.05859375,-52.22426917395097,11706.54296875,-58.80570988110271,21020.5078125,334521
3.2371688,7.388571,-2.843776,1.2617033876731087,0.0,-51.096468999464825,20913.6962890625,-51.93772813082019,11642.4560546875,-59.07902780257338,21020.5078125,334541
3.2595766,7.3879514,-2.8387527,2.8746941032848365,0.0,-51.16575364505202,20913.6962890625,-51.96490227148797,11642.4560546875,-58.58078421287622,20999.1455078125,334561
3.2870634,7.3854246,-2.8319795,1.5996857346504676,0.0,-51.2183796277931,20913.6962890625,-52.13497116461964,11663.818359375,-58.819297764337634,21041.8701171875,334581
3.3165388,7.382277,-2.8245115,2.393529824309858,0.0,-51.17185964464399,20913.6962890625,-52.05089864498415,11685.1806640625,-58.67312043739975,21020.5078125,334601
3.3491557,7.3768654,-2.8154902,2.293467590042108,0.0,-51.158634941218665,20913.6962890625,-52.08863593787024,11706.54296875,-58.72430321336476,21020.5078125,334621
3.3800666,7.3692174,-2.806101,1.6208814975483146,0.0,-51.144637427302484,20913.6962890625,-52.0603396027792,11663.818359375,-58.738221717126805,21041.8701171875,334641
3.411788,7.362632,-2.7967842,2.889883554904227,0.0,-51.14979920324153,20935.05859375,-52.22979784753332,11663.818359375,-58.76320942343912,20999.1455078125,334661
3.4436235,7.355048,-2.7872374,2.119665110196149,0.0,-51.20467298575893,20956.4208984375,-52.32328522886451,11663.818359375,-59.204133866078024,21041.8701171875,334681
3.4753585,7.3482723,-2.7781045,2.393984625212999,0.0,-51.09608682884334,20913.6962890625,-52.02598935361411,11663.818359375,-58.957658835343274,21041.8701171875,334701
3.5040963,7.3419213,-2.769614,2.294194390028168,0.0,-51.14090908319854,20935.05859375,-52.03077970206166,11663.818359375,-58.84188559706782,20977.783203125,334721
3.5248342,7.3378944,-2.7637167,1.2819043115592657,0.0,-51.13250707010326,20935.05859375,-52.05005629912122,11642.4560546875,-58.78401515540186,20999.1455078125,334741
3.5366244,7.3360996,-2.760526,2.8883401276111735,0.0,-51.19005497101371,20935.05859375,-52.27155608561645,11685.1806640625,-58.885292322065055,20977.783203125,334761
3.547457,7.3341436,-2.7574706,1.218890323897109,0.0,-51.215259156942295,20935.05859375,-52.42882165280518,11685.1806640625,-59.14046530248769,21020.5078125,334781
3.5680823,7.3309765,-2.7518735,2.4962876757527788,0.0,-51.15569029564413,20913.6962890625,-52.16967229442137,11663.818359375,-59.08308562818388,20999.1455078125,334801
3.5916665,7.327317,-2.7455454,1.5838064507673408,0.0,-51.20137113558496,20935.05859375,-51.96506024046239,11663.818359375,-58.88957203638888,20999.1455078125,334821
3.6141849,7.3244348,-2.7396119,1.1645067076498532,0.0,-51.21749232637381,20935.05859375,-52.1784081101426,11663.818359375,-58.7444661202474,20977.783203125,334841
3.6367059,7.3215384,-2.7336955,2.0844590960892835,0.0,-51.25159055927266,20913.6962890625,-52.363524491605695,11685.1806640625,-58.822071424061335,20977.783203125,334861
3.6612225,7.318027,-2.7271438,1.1415635638022494,0.0,-51.203886446176895,20935.05859375,-52.30084104849525,11706.54296875,-58.990245890625175,20999.1455078125,334881
3.685658,7.315403,-2.7209752,2.1039051132273845,0.0,-51.20246807929216,20935.05859375,-52.08946943173842,11663.818359375,-59.280684977793044,20999.1455078125,334901
3.7091525,7.3125906,-2.7150202,1.3009399245720097,0.0,-51.23956474039086,20913.6962890625,-52.012625963000794,11642.4560546875,-58.85936325570142,21020.5078125,334921
3.7336824,7.3090544,-2.7085314,1.2409830931897416,0.0,-51.28441402520397,20913.6962890625,-52.38640533731325,11663.818359375,-58.598718488827764,20977.783203125,334941
3.7620134,7.3061104,-2.7014067,2.477710624841361,0.0,-51.215328668658515,20913.6962890625,-52.260199559527145,11685.1806640625,-58.84929404864752,20977.783203125,334961
3.7923656,7.3024974,-2.6937723,1.0245265433306632,0.0,-51.216155300629595,20935.05859375,-52.33618783605148,11706.54296875,-58.69113655443313,21020.5078125,334981
3.8198588,7.2984653,-2.6865723,2.4315623555866224,0.0,-51.247936568220325,20913.6962890625,-52.20999236050072,11642.4560546875,-59.12742037191195,21041.8701171875,335001
3.8482206,7.295492,-2.6795828,1.2427318362492583,0.0,-51.24782285672208,20913.6962890625,-52.056277341236324,11642.4560546875,-59.16626374318597,21020.5078125,335021
3.8747702,7.291308,-2.6725686,1.373195725179706,0.0,-51.167649437664764,20913.6962890625,-52.37775354370627,11685.1806640625,-58.813999506273966,21041.8701171875,335041
3.9031212,7.288395,-2.6655107,2.8706206744041203,0.0,-51.18080000236744,20913.6962890625,-52.237611781451804,11663.818359375,-58.705654822795836,21041.8701171875,335061
3.9324367,7.285651,-2.658344,2.1042701834359927,0.0,-51.22671274505089,20913.6962890625,-52.129134086853185,11685.1806640625,-58.639003472406,20977.783203125,335081
3.9637446,7.2823443,-2.6505039,2.397903674526019,0.0,-51.33624709703981,20913.6962890625,-52.151017372280904,11663.818359375,-58.96077658047665,21063.232421875,335101
3.9950547,7.279044,-2.6426692,2.293982391814939,0.0,-51.156267966592594,20935.05859375,-52.29501846845224,11663.818359375,-59.26663258081375,20999.1455078125,335121
4.022586,7.275028,-2.6356058,2.494502728076082,0.0,-51.17194895846968,20913.6962890625,-52.23946742107968,11663.818359375,-58.64586833780269,21020.5078125,335141
4.046206,7.271303,-2.6294525,2.545897621755213,0.0,-51.190885426412514,20935.05859375,-52.07964695905288,11663.818359375,-58.60993301190807,20977.783203125,335161
4.0699096,7.2666936,-2.6229157,1.262311497117755,0.0,-51.134948083074974,20935.05859375,-51.93068151028177,11663.818359375,-58.74859172784039,20999.1455078125,335181
4.094468,7.26309,-2.6165748,1.2620785712180753,0.0,-51.11329756581181,20935.05859375,-52.0541244840988,11642.4560546875,-58.894624927419144,20977.783203125,335201
4.116253,7.258083,-2.6103647,1.961249471404129,0.0,-51.051898843422464,20935.05859375,-52.315866444474175,11663.818359375,-59.2506382917686,20999.1455078125,335221
4.1360335,7.25368,-2.6047666,1.0429471944896445,0.0,-51.03104858276498,20935.05859375,-52.218474582494224,11685.1806640625,-58.66485728979828,21020.5078125,335241
4.154859,7.2490926,-2.5993443,2.1391174991734254,0.0,-51.095148037663776,20935.05859375,-51.918293105478185,11685.1806640625,-59.07904953970805,20999.1455078125,335261
4.1726394,7.2452574,-2.5943973,1.3204181808903304,0.0,-51.100084015843706,20956.4208984375,-51.80566682932564,11642.4560546875,-58.64036244117706,21020.5078125,335281
4.1904945,7.240504,-2.5890872,1.9094543637279964,0.0,-51.08743811039596,20935.05859375,-52.156936112010555,11663.818359375,-58.80976495313027,20935.05859375,335301
4.2102504,7.2360196,-2.5834665,2.4610054507219066,0.0,-51.1832588182594,20935.05859375,-52.3293444305364,11685.1806640625,-58.72875793370263,20999.1455078125,335321
4.2290487,7.2313867,-2.5779896,0.9846620368868115,0.0,-51.1823057619473,20935.05859375,-52.22036841487005,11706.54296875,-58.623463135905645,20977.783203125,335341
4.2478447,7.2267585,-2.5724993,2.745717310999237,0.0,-51.12951768360751,20935.05859375,-52.00927476027726,11663.818359375,-58.73511135863508,21020.5078125,335361
4.267501,7.22319,-2.5671515,1.242823964946451,0.0,-51.22188970315812,20935.05859375,-51.734695502644506,11621.09375,-58.99372906964119,21041.8701171875,335381
4.2881923,7.2188416,-2.5613194,1.8182288996838936,0.0,-51.13954753508224,20913.6962890625,-52.23200678457946,11663.818359375,-58.389223544174115,21020.5078125,335401
4.308971,7.213586,-2.5551662,2.643967964463293,0.0,-51.2255020188704,20913.6962890625,-52.15667835892833,11706.54296875,-58.696687514507325,20999.1455078125,335421
4.329671,7.2092257,-2.5493746,2.105240905147469,0.0,-51.20453584177318,20913.6962890625,-52.060905789869736,11685.1806640625,-58.686775985777935,21020.5078125,335441
4.3484616,7.2045846,-2.5438771,2.6477012969038363,0.0,-51.111130811795896,20913.6962890625,-52.11775877978291,11663.818359375,-58.60187863330381,21020.5078125,335461
4.367174,7.2008576,-2.5387282,1.9975089369230827,0.0,-51.15885177653556,20913.6962890625,-52.24151334505986,11642.4560546875,-59.1521528191269,21041.8701171875,335481
4.387875,7.1965256,-2.5329182,2.5940563323353456,0.0,-51.10245301374634,20913.6962890625,-52.00434693864639,11685.1806640625,-58.73689626177466,20999.1455078125,335501
4.408669,7.1912684,-2.5268168,2.8879030514032515,0.0,-51.04291785299732,20935.05859375,-51.95861106424339,11685.1806640625,-58.53371952201225,21063.232421875,335521
4.4283338,7.187713,-2.521492,1.5465885285001293,0.0,-50.99309194895731,20913.6962890625,-51.835610855178416,11685.1806640625,-58.61719957629344,20999.1455078125,335541
4.4461694,7.1829553,-2.51612,1.2805693812491425,0.0,-51.05804693086826,20935.05859375,-52.13605682524317,11663.818359375,-58.54343890096481,20956.4208984375,335561
4.4629683,7.178948,-2.5112514,2.223329467027368,0.0,-51.00571722968465,20935.05859375,-52.264463985016356,11685.1806640625,-59.06530345826113,20999.1455078125,335581
4.478729,7.175702,-2.5068672,2.6766665481550644,0.0,-51.056252109813514,20935.05859375,-52.127106552907705,11685.1806640625,-58.536263334295874,20935.05859375,335601
4.494572,7.171535,-2.5021596,2.8742601116635753,0.0,-51.062751216922784,20935.05859375,-51.915583980420536,11663.818359375,-58.57807528943386,20999.1455078125,335621
4.5124006,7.166751,-2.4967885,1.3581601044501714,0.0,-51.04199941182745,20935.05859375,-51.774725643675374,11621.09375,-58.739187755939824,20977.783203125,335641
4.53118,7.1621103,-2.4912531,1.763679241914741,0.0,-50.9951545023393,20935.05859375,-52.1928626168837,11685.1806640625,-58.346526049273244,21020.5078125,335661
4.549964,7.1574435,-2.4857545,2.3085726451093085,0.0,-51.152155878532156,20935.05859375,-52.137578132095115,11685.1806640625,-58.767860302050316,21020.5078125,335681
4.5668383,7.152483,-2.4805663,2.3621924367209224,0.0,-51.11854865447747,20913.6962890625,-52.016168532271564,11663.818359375,-58.606704921134266,20999.1455078125,335701
4.5827518,7.1473823,-2.4755106,2.8907361812680756,0.0,-51.048523805777094,20913.6962890625,-51.92838383209355,11642.4560546875,-58.709654681174904,21020.5078125,335721
4.5976233,7.143054,-2.4709165,1.337115960988379,0.0,-51.080172596220294,20913.6962890625,-52.032317182689134,11642.4560546875,-58.709308035558195,21020.5078125,335741
4.614481,7.1380877,-2.4656813,2.3765828097244817,0.0,-51.098713072110314,20935.05859375,-52.03441352937084,11685.1806640625,-58.64330737794838,21020.5078125,335761
4.632289,7.1332517,-2.4602885,2.462627785349893,0.0,-51.002900099781,20913.6962890625,-52.066190530026965,11706.54296875,-58.74896704369888,21020.5078125,335781
4.6501713,7.127486,-2.4545639,0.9878235385558951,0.0,-51.006787839211924,20913.6962890625,-51.883981681674584,11663.818359375,-58.388319275872895,20999.1455078125,335801
4.667974,7.122634,-2.4491677,1.24294265642509,0.0,-51.035137086302846,20935.05859375,-52.0265139353491,11642.4560546875,-58.81648454056045,20999.1455078125,335821
4.6838737,7.117499,-2.4441023,1.296582452324595,0.0,-51.03195688895365,20913.6962890625,-52.08401654648627,11663.818359375,-58.870780328983294,21020.5078125,335841
4.699772,7.112345,-2.4390514,1.9250196213321915,0.0,-50.89294700117879,20892.333984375,-51.908251919309734,11685.1806640625,-58.718977765130084,20999.1455078125,335861
4.714715,7.107051,-2.434156,2.156945252254978,0.0,-50.98576569978829,20935.05859375,-52.124102487664544,11685.1806640625,-58.57319199980944,20999.1455078125,335881
4.7305303,7.1028204,-2.4294112,1.0088288572830058,0.0,-51.00396262226578,20935.05859375,-51.92127084780789,11642.4560546875,-58.55590579495185,20977.783203125,335901
4.745473,7.0975404,-2.4244986,2.7919117768707586,0.0,-50.93245751473986,20935.05859375,-52.109745518167415,11663.818359375,-58.684232185203484,21041.8701171875,335921
4.76034,7.0931787,-2.4199224,2.4776219061064007,0.0,-51.00184239784713,20935.05859375,-52.19843118285792,11685.1806640625,-58.921921249532126,21020.5078125,335941
4.776162,7.088971,-2.4151797,1.836279896685808,0.0,-50.95745748565832,20935.05859375,-51.95034364300005,11685.1806640625,-58.75435663202169,20977.783203125,335961
4.7919903,7.0847816,-2.4104416,2.6970481564263022,0.0,-51.01386060873065,20913.6962890625,-51.77022740251739,11642.4560546875,-58.54459162301406,20935.05859375,335981
4.8086967,7.0816717,-2.4058802,0.9869417358633049,0.0,-51.03714647016045,20935.05859375,-52.0541868101638,11663.818359375,-58.54149819752969,20999.1455078125,336001
4.8254046,7.0785785,-2.4013126,2.7740343204379094,0.0,-51.02932341212154,20913.6962890625,-52.10011581722184,11685.1806640625,-58.56760090225485,20999.1455078125,336021
4.8411646,7.0753565,-2.396909,2.6282313937356476,0.0,-51.064279051847876,20913.6962890625,-52.07420251851474,11706.54296875,-58.72781007894581,20977.783203125,336041
4.855974,7.072016,-2.3926504,1.8211443675295012,0.0,-50.98525422507742,20913.6962890625,-51.91588786077364,11663.818359375,-59.01747964829906,21020.5078125,336061
4.8726087,7.069904,-2.3884137,2.7132847677724743,0.0,-51.004642622182715,20913.6962890625,-51.872920667243314,11621.09375,-58.694500242819316,21020.5078125,336081
4.890384,7.066113,-2.383417,1.8363644974037863,0.0,-51.068492760869155,20913.6962890625,-52.168547164319044,11663.818359375,-58.471535546107106,21020.5078125,336101
4.9060774,7.0638866,-2.3793623,2.6269050355533627,0.0,-51.06104428141545,20913.6962890625,-51.96386934891741,11685.1806640625,-58.64093017750968,21041.8701171875,336121
4.92082,7.0615273,-2.37546,1.673931391870426,0.0,-50.992731821338225,20935.05859375,-51.905472742869385,11685.1806640625,-58.65136208291507,21020.5078125,336141
4.9365134,7.0593333,-2.371387,1.3775318873211648,0.0,-51.06142310808386,20935.05859375,-51.94049068529153,11663.818359375,-58.71663888486117,21020.5078125,336161
4.954214,7.0565324,-2.3667219,2.744157976562211,0.0,-50.97745934781901,20913.6962890625,-52.01383930232677,11663.818359375,-58.91048428825891,21020.5078125,336181
4.973914,7.0531526,-2.3614116,0.9635800167428993,0.0,-50.981562481142724,20935.05859375,-52.14417965495094,11685.1806640625,-58.594499881367014,20977.783203125,336201
4.9945674,7.049941,-2.3559437,2.643900665968397,0.0,-50.94212799457794,20913.6962890625,-51.902522990537896,11685.1806640625,-58.75526746786517,20999.1455078125,336221
5.014273,7.04657,-2.3506505,1.9287266652099866,0.0,-50.995251901239975,20935.05859375,-51.82522946643548,11663.818359375,-58.33279988068067,20999.1455078125,336241
5.034076,7.042289,-2.3450367,1.2810782657681226,0.0,-50.90142149041009,20935.05859375,-52.020960296099446,11642.4560546875,-58.54888676584042,20999.1455078125,336261
5.0577803,7.0377183,-2.3384738,1.9262088454395456,0.0,-50.863950386717036,20935.05859375,-52.007835223261274,11685.1806640625,-58.51759434010602,20956.4208984375,336281
5.084515,7.031798,-2.330735,1.042859472323992,0.0,-50.90434633192025,20935.05859375,-52.10125967754013,11685.1806640625,-58.7703726520888,21020.5078125,336301
5.1113605,7.024926,-2.3227541,2.311384602191975,0.0,-50.95652920719714,20913.6962890625,-51.81448186094321,11663.818359375,-59.02437007823639,21020.5078125,336321
5.1372504,7.0178833,-2.31493,1.281940109708032,0.0,-51.074750339838396,20935.05859375,-51.66001266816991,11642.4560546875,-58.739798179795,21041.8701171875,336341
5.162269,7.009749,-2.3069146,1.2602392369161752,0.0,-50.89184607503252,20913.6962890625,-52.10550702619229,11685.1806640625,-58.32845189885329,20999.1455078125,336361
5.187209,7.002527,-2.299275,2.9023415677677256,0.0,-50.9675467255233,20913.6962890625,-52.02280062246915,11685.1806640625,-58.7543740487774,21020.5078125,336381
5.2129993,6.9964075,-2.2917507,2.561662207037844,0.0,-50.974748411354255,20935.05859375,-52.134958148364134,11706.54296875,-58.67083961630109,21020.5078125,336401
5.2388134,6.9903336,-2.284271,2.3130434513594547,0.0,-50.92083398489088,20913.6962890625,-51.92095550496561,11685.1806640625,-58.934534422461766,21041.8701171875,336421
5.2634926,6.9859805,-2.2776,1.2038787426735933,0.0,-50.95262827279769,20913.6962890625,-51.824044028984,11621.09375,-58.82864454899993,21020.5078125,336441
5.2900953,6.981989,-2.2706764,2.0142528162573803,0.0,-51.004265968992684,20913.6962890625,-52.22539199819274,11685.1806640625,-58.3259939009518,21020.5078125,336461
5.3157606,6.977934,-2.2638981,2.9024958652615123,0.0,-50.93497442363492,20913.6962890625,-51.938049866541014,11685.1806640625,-58.33244112829846,20977.783203125,336481
5.341322,6.9748826,-2.2574008,2.121744890304763,0.0,-51.03659107987021,20935.05859375,-51.888497354607296,11706.54296875,-58.513894100227816,20999.1455078125,336501
5.3648906,6.9724584,-2.2515688,1.2626611547934679,0.0,-51.045090089726855,20956.4208984375,-51.92613984304355,11663.818359375,-58.65598989063898,20999.1455078125,336521
5.3876343,6.969018,-2.2455876,2.362130685389246,0.0,-50.956111329833305,20913.6962890625,-51.96317897495177,11642.4560546875,-58.88725064687235,21063.232421875,336541
5.410271,6.966569,-2.239916,2.4944592099507172,0.0,-50.98546403538107,20935.05859375,-52.082317729229366,11685.1806640625,-58.34536788364784,21041.8701171875,336561
5.4319725,6.9640093,-2.2344186,2.644453789121618,0.0,-51.01125517755459,20935.05859375,-51.886156771969645,11685.1806640625,-58.55645890851047,21020.5078125,336581
5.454748,6.9607196,-2.2284749,1.3960297497134815,0.0,-50.936817830657716,20935.05859375,-51.76816439397114,11663.818359375,-58.44672043345878,20999.1455078125,336601
5.477773,6.9555907,-2.2219396,1.2046162700855891,0.0,-50.8882399557682,20935.05859375,-51.928188185962256,11642.4560546875,-58.64423339810492,20999.1455078125,336621
5.5029416,6.948967,-2.2145095,2.3949394703401126,0.0,-51.06120474858338,20935.05859375,-52.10376180331587,11663.818359375,-59.051135828181756,21020.5078125,336641
5.5263104,6.941069,-2.2069979,1.0232168961708867,0.0,-50.94263411765144,20956.4208984375,-51.94736191645199,11685.1806640625,-58.718092475784225,21020.5078125,336661
5.542673,6.9346695,-2.2014828,2.395373036955389,0.0,-50.927675902901406,20935.05859375,-51.87485265159242,11663.818359375,-58.70765152980486,20977.783203125,336681
5.5539403,6.9301457,-2.1976714,1.2243094524880467,0.0,-50.99456820983587,20935.05859375,-51.68361939200259,11663.818359375,-58.42612117325072,20999.1455078125,336701
5.5673256,6.9241347,-2.1928916,2.017110502171115,0.0,-50.979885150764915,20935.05859375,-51.998577360555835,11663.818359375,-58.72990884200683,20935.05859375,336721
5.5869813,6.9145756,-2.1856203,2.205450257992746,0.0,-50.88791979711887,20935.05859375,-52.25175504375231,11663.818359375,-58.94829497127418,20999.1455078125,336741
5.606516,6.905923,-2.1786637,1.023781600346134,0.0,-50.8728006687536,20935.05859375,-52.02194659120682,11685.1806640625,-58.67515130525659,20999.1455078125,336761
5.626153,6.896328,-2.1713903,1.9107559393680513,0.0,-50.95527164776772,20913.6962890625,-51.85393026793857,11663.818359375,-58.64513146409986,21020.5078125,336781
5.6437654,6.887294,-2.1647217,1.2239730738810315,0.0,-51.01030666868273,20935.05859375,-51.69843298371341,11642.4560546875,-58.554832711928526,20999.1455078125,336801
5.6604085,6.878084,-2.158162,2.032871211913932,0.0,-50.88624909854823,20935.05859375,-52.071244412452344,11685.1806640625,-58.452973005006086,20999.1455078125,336821
5.678109,6.868117,-2.1511383,2.308738172566617,0.0,-50.914767775737324,20935.05859375,-52.205361184568076,11706.54296875,-58.648896067574654,21063.232421875,336841
5.696749,6.8583198,-2.1439335,1.005549863090382,0.0,-50.94902393604133,20913.6962890625,-51.97512013397048,11685.1806640625,-58.4727968218002,20977.783203125,336861
5.716434,6.8477783,-2.1362135,2.8267005246488757,0.0,-51.0085652614874,20935.05859375,-51.84088559638521,11663.818359375,-58.429817346411355,21084.5947265625,336881
5.7351565,6.8370633,-2.1286235,1.3575658861513027,0.0,-50.90966489583206,20913.6962890625,-51.76189716338036,11642.4560546875,-58.84088271558007,21041.8701171875,336901
5.7529297,6.82616,-2.1212168,1.9249973400156126,0.0,-50.929729193143444,20892.333984375,-51.9888195301749,11685.1806640625,-58.31193520543012,20999.1455078125,336921
5.768582,6.8167343,-2.1147764,2.6769365989608835,0.0,-50.926783614591514,20913.6962890625,-51.95441228685802,11685.1806640625,-58.67847316423624,20977.783203125,336941
5.7851825,6.807471,-2.1081843,0.9484431883137466,0.0,-50.96641754664251,20913.6962890625,-51.82261520370019,11685.1806640625,-58.315156282198544,20999.1455078125,336961
5.8027396,6.79838,-2.101447,2.8096558146157955,0.0,-50.947788930010375,20913.6962890625,-51.98655084344914,11663.818359375,-58.35897598553839,21020.5078125,336981
5.821357,6.788555,-2.0942206,1.8543234154581807,0.0,-50.87755910852245,20913.6962890625,-52.10709199739331,11663.818359375,-58.813602060208964,21127.3193359375,337001
5.8398876,6.7796803,-2.087331,2.6433877952451352,0.0,-50.88574066427128,20935.05859375,-51.856684138191405,11685.1806640625,-58.656009349262575,20956.4208984375,337021
5.8592706,6.771946,-2.0805838,2.6789176561801966,0.0,-50.83862420688093,20935.05859375,-51.79212755695954,11685.1806640625,-58.509156757802536,21020.5078125,337041
5.878554,6.765175,-2.0741456,1.4154038869693444,0.0,-50.79865141407826,20913.6962890625,-51.66344392252701,11642.4560546875,-58.30928832021385,20999.1455078125,337061
5.8970203,6.7573576,-2.0675356,2.873263759667913,0.0,-50.83393307459367,20935.05859375,-51.988920877584576,11663.818359375,-58.573503340681015,20999.1455078125,337081
5.914438,6.7503004,-2.0614219,1.5234784182934993,0.0,-50.83965929929623,20935.05859375,-52.13897098874983,11685.1806640625,-58.85922622907607,20999.1455078125,337101
5.929851,6.7438173,-2.0559459,2.6599882617056165,0.0,-50.82626271249747,20935.05859375,-51.93940427087662,11706.54296875,-58.93614529782721,21020.5078125,337121
5.944208,6.7380815,-2.0509627,2.5479980847603656,0.0,-50.83022757936554,20935.05859375,-51.891945280499776,11685.1806640625,-58.84947284822487,20999.1455078125,337141
5.9567957,6.7310867,-2.0459576,0.9489251638526652,0.0,-50.804438913525026,20935.05859375,-51.75695906133725,11642.4560546875,-58.4255768041719,20956.4208984375,337161
5.9704566,6.7233577,-2.04049,1.6548377993695622,0.0,-50.781942607777566,20935.05859375,-52.05729218345502,11706.54296875,-58.62232272592323,20977.783203125,337181
5.9831715,6.715446,-2.0351825,1.3912222599757955,0.0,-50.8643685519385,20935.05859375,-52.12249355330131,11685.1806640625,-58.98828854089889,21041.8701171875,337201
5.9961247,6.7057137,-2.0292113,1.7823425281081995,0.0,-50.820012117095,20935.05859375,-51.8370195187897,11685.1806640625,-58.7454304020821,21020.5078125,337221
6.0080023,6.69671,-2.023708,2.745747440605721,0.0,-50.800732809062914,20935.05859375,-51.656323921712364,11663.818359375,-58.542985818161114,20977.783203125,337241
6.0188093,6.6884413,-2.018673,1.2222508454190728,0.0,-50.87934835776417,20935.05859375,-51.9859467069405,11642.4560546875,-58.3309655802287,20977.783203125,337261
6.029608,6.6801696,-2.0136232,2.8552422760396787,0.0,-50.807459168884165,20935.05859375,-52.056356946374336,11685.1806640625,-58.40561065583003,20977.783203125,337281
6.040517,6.6709733,-2.0082517,2.676497086515319,0.0,-50.85265680351945,20935.05859375,-52.06593781558205,11685.1806640625,-58.67038626543551,21020.5078125,337301
6.050354,6.662517,-2.0033379,2.174412447983009,0.0,-50.936371242323695,20935.05859375,-51.79637600735376,11642.4560546875,-58.74214648940906,21020.5078125,337321
6.062204,6.6534977,-1.9978,2.482218735681451,0.0,-50.84508678750914,20935.05859375,-51.6313381447537,11642.4560546875,-58.70086038784008,21020.5078125,337341
6.0761847,6.643002,-1.9913136,1.4883283444865059,0.0,-50.80221724233208,20935.05859375,-51.94254532281552,11663.818359375,-58.19525275573619,20999.1455078125,337361
6.0913424,6.630863,-1.9840025,2.9182741413870925,0.0,-50.817709082474984,20913.6962890625,-51.94533326679256,11685.1806640625,-58.348917834292806,21020.5078125,337381
6.1094604,6.6183405,-1.9759082,1.142749401924386,0.0,-50.91291661290605,20935.05859375,-51.955785850178216,11706.54296875,-58.48409186753804,20999.1455078125,337401
6.127688,6.604893,-1.9674909,1.8032082939761591,0.0,-50.829317053611206,20913.6962890625,-51.78190364665957,11642.4560546875,-58.85696356506827,21020.5078125,337421
6.143891,6.592001,-1.9596881,2.1053322281876574,0.0,-50.90324712448354,20913.6962890625,-51.646293817294556,11621.09375,-58.81580451214135,21041.8701171875,337441
6.159972,6.5800138,-1.952212,1.9439469259871698,0.0,-50.896083396903514,20913.6962890625,-52.031473705996035,11663.818359375,-58.252130840761296,21020.5078125,337461
6.177237,6.5663714,-1.9439473,2.6434096895256816,0.0,-50.95600570158191,20913.6962890625,-51.85899801903339,11685.1806640625,-58.3918259854979,21084.5947265625,337481
6.1934333,6.5534616,-1.93616,0.9865467550697613,0.0,-50.84343915685854,20913.6962890625,-51.84393761295848,11685.1806640625,-58.39701309540607,20999.1455078125,337501
6.2076116,6.541126,-1.9289737,1.3585176527650646,0.0,-50.91229924104192,20913.6962890625,-51.80692025528452,11663.818359375,-58.75146358635004,21041.8701171875,337521
6.2216797,6.529704,-1.9221216,1.3937424083308603,0.0,-50.886698580466884,20935.05859375,-51.887754715512955,11642.4560546875,-58.88931611407144,21041.8701171875,337541
6.2346864,6.5190225,-1.9157493,1.2768336907781184,0.0,-50.86667872383531,20892.333984375,-52.01211008471634,11685.1806640625,-58.3351348835579,21020.5078125,337561
6.2487636,6.5076203,-1.908884,2.644281974817994,0.0,-50.863622433829796,20913.6962890625,-51.84094919118642,11685.1806640625,-58.33158809071256,20999.1455078125,337581
6.2628555,6.496224,-1.9020392,1.1259610419515544,0.0,-50.87033976113535,20935.05859375,-51.69446731142311,11685.1806640625,-58.40071799092912,20999.1455078125,337601
6.275888,6.48557,-1.8956734,2.1582351593416944,0.0,-50.88574600984036,20913.6962890625,-51.85485435197796,11663.818359375,-58.48781878891315,20999.1455078125,337621
6.286792,6.4763985,-1.8902496,1.7475574508244556,0.0,-50.86698743445747,20913.6962890625,-51.94959723321874,11642.4560546875,-58.51589512257579,20999.1455078125,337641
6.297354,6.469986,-1.8858075,2.5939473977638694,0.0,-50.80732717651959,20913.6962890625,-51.979339236905275,11663.818359375,-58.41077367597122,20956.4208984375,337661
6.3078074,6.4644904,-1.881714,2.90385945568169,0.0,-50.86490487202127,20935.05859375,-51.81256414146777,11663.818359375,-58.578801084639345,20977.783203125,337681
6.3173184,6.458825,-1.8777686,1.4718367331944118,0.0,-50.8439872889904,20935.05859375,-51.57851165115222,11621.09375,-58.409863162243,20977.783203125,337701
6.3258953,6.452993,-1.8739794,2.3295684056892623,0.0,-50.906909339277036,20956.4208984375,-51.935232085811336,11663.818359375,-58.51834076609088,20977.783203125,337721
6.335803,6.4446173,-1.8690702,2.376856486626016,0.0,-50.857639987250145,20935.05859375,-52.19568439227433,11685.1806640625,-58.85968506892823,20999.1455078125,337741
6.345714,6.43625,-1.8641526,2.692626686398624,0.0,-50.89066306197524,20935.05859375,-52.066829629372876,11685.1806640625,-58.44148541574612,20977.783203125,337761
6.353107,6.432081,-1.8611642,2.9051939114720984,0.0,-50.89224140036184,20913.6962890625,-51.776080849121485,11642.4560546875,-58.58517863956603,21041.8701171875,337781
6.3605056,6.427916,-1.8581845,1.2819983633319452,0.0,-50.84185532338275,20935.05859375,-51.632302117405324,11642.4560546875,-58.68762320472143,20977.783203125,337801
6.367906,6.423746,-1.8552163,1.6743572620770728,0.0,-50.86272992804051,20935.05859375,-51.98753391149809,11663.818359375,-58.288340845130435,20935.05859375,337821
6.3747444,6.4166646,-1.8514036,2.30852229450685,0.0,-50.89799357688686,20935.05859375,-52.097413784380194,11685.1806640625,-58.62844923322033,20977.783203125,337841
6.388194,6.40436,-1.844423,2.4959123643596097,0.0,-50.89221910156397,20935.05859375,-51.93321476153877,11706.54296875,-58.59473953046277,20977.783203125,337861
6.407723,6.383919,-1.8334675,1.4527351609833785,0.0,-50.87572451174778,20956.4208984375,-51.860489914487985,11663.818359375,-58.54947177862975,20999.1455078125,337881
6.425749,6.3603635,-1.8218206,1.086761559116975,0.0,-50.94032749885208,20935.05859375,-51.74850191338294,11642.4560546875,-58.47134763679327,21020.5078125,337901
6.4383354,6.340405,-1.8124834,2.1201876445524275,0.0,-50.94071956457307,20935.05859375,-52.05407346514961,11685.1806640625,-58.35893162968364,20977.783203125,337921
6.444869,6.3286123,-1.8071204,2.659876722597965,0.0,-50.862779749647274,20913.6962890625,-52.09378169103529,11706.54296875,-58.604466614605364,20977.783203125,337941
6.446457,6.324254,-1.8053175,1.1646853386104588,0.0,-50.94510233539778,20913.6962890625,-51.88871167035349,11642.4560546875,-58.72180339134366,21020.5078125,337961
6.445382,6.324976,-1.8057972,2.595779790093507,0.0,-50.992809697763136,20913.6962890625,-52.0011024118339,11706.54296875,-58.370774260567046,21063.232421875,338041
6.4443073,6.3256974,-1.8062758,0.9654213051073467,0.0,-50.983614996565045,20913.6962890625,-52.15972032187021,11642.4560546875,-58.801187211699016,21127.3193359375,338101
6.445123,6.3267984,-1.8064598,2.1381148940947337,0.0,-51.20265826877191,20935.05859375,-52.15019138370958,11663.818359375,-58.88043837412116,20999.1455078125,338781
