-3.9746537,-4.0395346,0.5971805,2.825659410086703,0.0,-51.24352567794042,20935.05859375,-52.30983704326136,11663.818359375,-58.94372966045563,21020.5078125,328621
-3.9760242,-4.039908,0.5970239,1.7671893069514402,0.0,-51.223054422681656,20935.05859375,-52.01186760408932,11663.818359375,-58.92007722984498,20999.1455078125,328681
-3.9773946,-4.0402813,0.596867,1.023450136085232,0.0,-51.23251130739252,20935.05859375,-52.43341444780759,11685.1806640625,-59.1477551403596,20956.4208984375,328741
-3.978765,-4.0406547,0.5967113,1.4515268929777836,0.0,-51.28483487120856,20935.05859375,-52.234758131044345,11642.4560546875,-58.809921263153306,20977.783203125,328801
-3.9801357,-4.0410266,0.59655666,2.514444841298059,0.0,-51.315940440777126,20935.05859375,-52.165354480049324,11663.818359375,-59.16623856968998,21020.5078125,328861
-3.9815063,-4.0413995,0.5964016,2.5609684550072274,0.0,-51.29008056675491,20892.333984375,-52.342199771730805,11685.1806640625,-58.70092315569416,21020.5078125,328921
-3.982877,-4.0417724,0.5962476,2.0704717435035604,0.0,-51.275830863376164,20913.6962890625,-52.156185126521436,11642.4560546875,-58.87182816178034,21041.8701171875,328981
-3.9842482,-4.042145,0.5960946,1.2026223522454544,0.0,-51.33309731547267,20913.6962890625,-52.13126070093824,11685.1806640625,-58.713576563568175,20977.783203125,329041
-3.9856193,-4.0425167,0.5959407,1.1416077816738603,0.0,-51.28534688565101,20913.6962890625,-52.52963613504873,11685.1806640625,-59.01853261800554,21020.5078125,329101
-3.9869897,-4.04289,0.59578425,2.278269827292963,0.0,-51.29347076634311,20935.05859375,-52.2968534421872,11663.818359375,-59.196602508771804,21020.5078125,329161
-3.98836,-4.0432634,0.59562707,2.0519155343801048,0.0,-51.25864854663165,20935.05859375,-52.11359687554242,11663.818359375,-58.71285824835387,21063.232421875,329221
-3.9897301,-4.043637,0.59547013,2.5443465402089265,0.0,-51.18059680264288,20935.05859375,-52.50564208361237,11685.1806640625,-59.12132305917338,21041.8701171875,329281
-3.9911005,-4.04401,0.5953135,1.086469507476931,0.0,-51.278479399630015,20935.05859375,-52.083326862438575,11642.4560546875,-58.94123662008083,20977.783203125,329341
-3.992471,-4.0443835,0.5951573,1.747275650128933,0.0,-51.29877526356491,20913.6962890625,-52.24665668126931,11663.818359375,-58.531168647341964,20999.1455078125,329401
-3.9938414,-4.044757,0.5950014,2.594098676352625,0.0,-51.24070900002888,20913.6962890625,-52.225570891730186,11685.1806640625,-59.00054594966097,21020.5078125,329461
-3.9952118,-4.0451303,0.59484476,2.6472303297331363,0.0,-51.25665621638813,20935.05859375,-52.2722815021921,11642.4560546875,-58.89127044522347,20999.1455078125,329521
-3.9965823,-4.0455036,0.59468806,1.4706429657087452,0.0,-51.248039885742344,20913.6962890625,-52.036924202896195,11663.818359375,-58.64824275000998,20999.1455078125,329581
-3.9979522,-4.045877,0.5945305,2.5940339942497923,0.0,-51.301872669957774,20935.05859375,-52.33532412803923,11685.1806640625,-59.01871198050493,21020.5078125,329641
-3.9993227,-4.0462503,0.5943733,1.357294594847616,0.0,-51.20879952648224,20935.05859375,-52.201861364155675,11642.4560546875,-58.83500635759531,20977.783203125,329701
-4.000693,-4.0466237,0.5942158,2.8410357053792556,0.0,-51.275896700367966,20935.05859375,-52.204663707086276,11663.818359375,-59.14103999103162,21041.8701171875,329761
-4.0020633,-4.046997,0.5940576,2.527773461970158,0.0,-51.233918417009704,20935.05859375,-52.39830303819525,11706.54296875,-59.01651136710386,20977.783203125,329821
-4.0036387,-4.0464745,0.59356844,1.2428877510919987,0.0,-51.318803115862124,20913.6962890625,-52.05665456020714,11599.7314453125,-59.05723353760277,21063.232421875,329881
-4.005032,-4.046852,0.59341127,2.2923682088759296,0.0,-51.32137635463568,20913.6962890625,-52.431734245029126,11685.1806640625,-58.40292883564157,20999.1455078125,329901
-4.006151,-4.046204,0.59297705,1.086289672775838,0.0,-51.384379612513285,20913.6962890625,-52.13763479053071,11663.818359375,-58.795755064194736,20999.1455078125,329941
-4.0068126,-4.0454326,0.59259427,2.8103810985936715,0.0,-51.323460993508704,20913.6962890625,-52.228130442129824,11642.4560546875,-58.8691660673046,20999.1455078125,329961
-4.007474,-4.0446606,0.5922119,1.855319630441665,0.0,-51.30216310719988,20935.05859375,-52.34312184411663,11642.4560546875,-59.43976822811013,21041.8701171875,329981
-4.0088687,-4.045036,0.5920588,1.8711199501752338,0.0,-51.21395120845907,20913.6962890625,-52.29347359310391,11663.818359375,-58.56822842396095,20999.1455078125,330001
-4.00953,-4.044264,0.5916769,2.2590172951084044,0.0,-51.23694141998815,20913.6962890625,-52.12637120822177,11663.818359375,-58.89132256123136,21020.5078125,330021
-4.0106487,-4.043615,0.5912445,2.174788581477441,0.0,-51.18268781406087,20935.05859375,-52.28109779014044,11663.818359375,-58.774362045012374,20977.783203125,330061
-4.0120206,-4.0439825,0.59109306,2.7289811850672168,0.0,-51.240382657436854,20935.05859375,-52.07225207289221,11685.1806640625,-58.805138703279766,21020.5078125,330121
-4.0134153,-4.0443563,0.5909388,1.2241540413042156,0.0,-51.28155144781471,20935.05859375,-51.926740380701226,11642.4560546875,-58.75506402322962,21020.5078125,330141
-4.014076,-4.043584,0.590556,1.488327803950049,0.0,-51.227006894892774,20935.05859375,-52.24900282223483,11642.4560546875,-58.70319657856709,20999.1455078125,330161
-4.0156517,-4.043056,0.59007347,1.5090876380069722,0.0,-51.19918332698803,20913.6962890625,-51.96562570780475,11663.818359375,-58.88376073918981,21020.5078125,330221
-4.0163116,-4.042283,0.5896916,1.280963858971178,0.0,-51.26278293451904,20913.6962890625,-52.06506616399069,11642.4560546875,-58.75690008791999,21084.5947265625,330241
-4.0179095,-4.0417585,0.58920914,2.1201684898225697,0.0,-51.22206408250848,20913.6962890625,-52.32790994071662,11685.1806640625,-58.958115047207144,21041.8701171875,330261
-4.019508,-4.0412326,0.5887292,2.806317764389814,0.0,-51.14338508868868,20913.6962890625,-52.060663267003065,11663.818359375,-58.66369442436997,21041.8701171875,330281
-4.020168,-4.040458,0.5883493,1.9987120742392537,0.0,-51.14601615730947,20935.05859375,-52.028368404937396,11685.1806640625,-58.76687448095297,20999.1455078125,330301
-4.0212855,-4.039804,0.5879222,1.7282407641225936,0.0,-51.18056979626441,20956.4208984375,-52.202268194426615,11642.4560546875,-58.94720373235724,20977.783203125,330341
-4.021945,-4.0390286,0.58754396,0.9637063128607843,0.0,-51.14593026526059,20913.6962890625,-52.36591933083301,11685.1806640625,-59.150039635184726,21063.232421875,330361
-4.0237446,-4.037602,0.5867404,2.4954746222478477,0.0,-51.15932075253896,20935.05859375,-52.0307862567002,11685.1806640625,-58.94048665027009,20977.783203125,330381
-4.026483,-4.036416,0.58584535,2.1582752301480252,0.0,-51.024452490005395,20935.05859375,-51.82736974396441,11642.4560546875,-58.80883682375913,20977.783203125,330401
-4.0290227,-4.0361223,0.5852866,1.3386936157005358,0.0,-51.06266109299099,20935.05859375,-51.954492689570976,11621.09375,-58.58500164345938,21020.5078125,330421
-4.031018,-4.0337915,0.5841596,2.8710569633696155,0.0,-51.197963185045566,20935.05859375,-52.22964245178848,11706.54296875,-58.64804758567082,21020.5078125,330441
-4.033009,-4.031456,0.583036,1.4671728158303323,0.0,-51.154476030782234,20935.05859375,-52.30504844530465,11706.54296875,-58.82727359064485,21063.232421875,330461
-4.038213,-4.028017,0.5810116,1.9638045788374658,0.0,-51.165877417803344,20935.05859375,-51.93367987111454,11663.818359375,-58.84261996485807,20999.1455078125,330481
-4.0443554,-4.024796,0.578915,2.7133374236219145,0.0,-51.13315087785,20935.05859375,-51.981749885499624,11663.818359375,-58.61404282833913,21063.232421875,330501
-4.047661,-4.0208764,0.5770646,1.8010234134548901,0.0,-51.14651499810475,20913.6962890625,-52.18431453804169,11642.4560546875,-58.831287614840036,21041.8701171875,330521
-4.048885,-4.0173936,0.57570827,2.6105599375173503,0.0,-51.16684112628734,20935.05859375,-52.04419563306968,11685.1806640625,-58.64167694838015,21020.5078125,330541
-4.049916,-4.0148087,0.57468086,2.4284834458957523,0.0,-51.214961214206774,20935.05859375,-52.062672479346375,11685.1806640625,-58.530993443648015,20999.1455078125,330561
-4.053024,-4.0117774,0.57316726,1.4528765026905475,0.0,-51.08003579733961,20913.6962890625,-51.87681913239186,11642.4560546875,-58.39364566986178,20956.4208984375,330581
-4.0566874,-4.0060472,0.57065445,2.8744783950509625,0.0,-51.17284659111692,20935.05859375,-52.070569426041004,11642.4560546875,-58.85379910150374,20999.1455078125,330601
-4.0614724,-3.999642,0.5677169,1.5797858541946623,0.0,-51.1524743895056,20935.05859375,-52.307685691516724,11663.818359375,-59.2757502019538,21041.8701171875,330621
-4.0671887,-3.9934597,0.5646748,1.467072038599999,0.0,-51.073175005091116,20935.05859375,-52.12229702867205,11706.54296875,-58.97478174895287,20999.1455078125,330641
-4.0764823,-3.989066,0.5615714,1.9810095773276668,0.0,-50.98420519556015,20935.05859375,-52.07615455068126,11685.1806640625,-59.00605226235203,21020.5078125,330661
-4.088059,-3.9880266,0.55915177,0.9690992038085342,0.0,-51.013137295246466,20935.05859375,-51.81379807579164,11642.4560546875,-58.71484606699828,20956.4208984375,330681
-4.09909,-3.9896908,0.55766565,1.7291374636977441,0.0,-51.09934625350298,20956.4208984375,-52.191520684268866,11642.4560546875,-58.97408733407789,20977.783203125,330701
-4.105215,-3.9911463,0.5569836,2.5112299267958136,0.0,-51.04619557189675,20935.05859375,-52.35633076277553,11706.54296875,-58.866111763183504,20999.1455078125,330721
-4.108683,-3.9910312,0.5562765,1.3542833085908665,0.0,-51.02971355377985,20935.05859375,-52.14018981637136,11685.1806640625,-58.697680874918554,20999.1455078125,330741
-4.111031,-3.99159,0.55600846,2.874303182694853,0.0,-51.185178935364995,20913.6962890625,-52.02532730593034,11663.818359375,-58.776654808067875,21020.5078125,330761
-4.1116686,-3.9907985,0.5556257,1.2615029090796546,0.0,-51.15878231275984,20913.6962890625,-52.012393166693656,11642.4560546875,-58.5887860647507,21020.5078125,330781
-4.111363,-3.989782,0.5553502,2.461289509899854,0.0,-51.12523605831609,20913.6962890625,-52.232232170196575,11685.1806640625,-58.5844839170284,20977.783203125,330801
-4.1065235,-3.9867284,0.5552793,2.2573336088455,0.0,-51.10482081151161,20913.6962890625,-52.2223472688741,11706.54296875,-58.47667269712996,21063.232421875,330821
-4.0986814,-3.9838748,0.5558555,1.336871281624821,0.0,-51.0712416149854,20935.05859375,-52.01009006396046,11663.818359375,-58.34809199914599,20999.1455078125,330841
-4.0891447,-3.979641,0.556301,2.890866587243836,0.0,-51.10652174462157,20913.6962890625,-52.019667268817386,11642.4560546875,-58.554118631305556,21041.8701171875,330861
-4.077935,-3.9739914,0.5566649,1.6196745063024052,0.0,-51.139342889393546,20913.6962890625,-51.953573313224126,11642.4560546875,-59.03720214719904,21063.232421875,330881
-4.0697384,-3.9681475,0.55636245,2.5277767247624583,0.0,-51.16830458658245,20913.6962890625,-52.17081478872685,11685.1806640625,-58.71789694035188,20999.1455078125,330901
-4.0686884,-3.965996,0.5558557,2.2927503419662347,0.0,-51.19541583199371,20913.6962890625,-52.10121407345937,11706.54296875,-58.62564619450633,20999.1455078125,330921
-4.0704656,-3.9645433,0.5550484,1.6021679221068486,0.0,-51.11910188542701,20935.05859375,-51.94355790535211,11642.4560546875,-58.474986614128206,20999.1455078125,330941
-4.071113,-3.963758,0.5546694,2.8902064794336324,0.0,-51.12573909642117,20935.05859375,-52.157771098345535,11663.818359375,-58.47405428222645,21084.5947265625,330961
-4.0710053,-3.9618404,0.5540601,2.137072934329735,0.0,-51.17074236223211,20935.05859375,-52.31947879409554,11663.818359375,-58.944570521129414,21041.8701171875,330981
-4.069955,-3.9596906,0.55354744,2.6926511473216896,0.0,-51.15340798052329,20913.6962890625,-52.086783369501184,11685.1806640625,-58.905684648501335,20999.1455078125,331001
-4.0643907,-3.9554617,0.5531925,2.2082366214562117,0.0,-51.190307460900485,20935.05859375,-51.96839364137374,11663.818359375,-58.55651971618524,21020.5078125,331021
-4.0550776,-3.9502566,0.55326015,1.281952309715432,0.0,-51.156769794202134,20935.05859375,-51.88213584822999,11685.1806640625,-58.79675899009957,20977.783203125,331041
-4.044634,-3.9457002,0.5537323,1.5271459481447212,0.0,-51.07586615785904,20935.05859375,-52.21435735762547,11663.818359375,-58.74356161337207,20999.1455078125,331061
-4.0370226,-3.9418447,0.5539162,1.2383000156434432,0.0,-50.96354984589301,20935.05859375,-52.53626842923304,11685.1806640625,-59.11616040101839,21020.5078125,331081
-4.0324383,-3.9378042,0.55350053,2.578144073846476,0.0,-51.02336163782026,20935.05859375,-52.19547762613017,11685.1806640625,-58.785352197449555,21020.5078125,331101
-4.0310593,-3.932708,0.5521026,2.581080073194782,0.0,-51.033420002327475,20935.05859375,-51.94708714242934,11706.54296875,-58.697667998337096,20999.1455078125,331121
-4.0289645,-3.9217448,0.54892856,1.0672172830782576,0.0,-51.02721658212553,20935.05859375,-51.9737656075814,11642.4560546875,-58.66399163188259,20977.783203125,331141
-4.02039,-3.8940196,0.5416599,2.8553712490337135,0.0,-51.06249595051732,20935.05859375,-52.15889307586424,11685.1806640625,-58.724154151933014,20999.1455078125,331161
-4.0022135,-3.844158,0.529309,2.643605159900921,0.0,-51.093127345090736,20913.6962890625,-52.29956932464372,11706.54296875,-59.215364891682036,20999.1455078125,331181
-3.9796834,-3.7801347,0.51329577,2.156365032458928,0.0,-51.12527776388258,20935.05859375,-52.069278879774494,11663.818359375,-59.113613156498246,20999.1455078125,331201
-3.9588203,-3.7222528,0.4988522,1.1852642054051685,0.0,-51.058306321603595,20913.6962890625,-51.977388111457856,11642.4560546875,-58.96122019534773,21020.5078125,331221
-3.9392521,-3.6787896,0.48866883,1.7466024609936905,0.0,-51.04373348829356,20913.6962890625,-52.16060404771539,11663.818359375,-58.5156785604574,21020.5078125,331241
-3.9206154,-3.6562216,0.48494923,2.870481218649275,0.0,-51.144861834148436,20913.6962890625,-52.19361684003288,11685.1806640625,-58.768562307797865,21020.5078125,331261
-3.9005804,-3.6454756,0.48535672,2.3268349439390765,0.0,-51.24810987817212,20913.6962890625,-52.2049514910514,11706.54296875,-58.853510382818,20977.783203125,331281
-3.8844876,-3.6395009,0.4864796,1.4341952441848353,0.0,-51.28328683703191,20892.333984375,-52.00323952881028,11663.818359375,-58.894824649604104,20977.783203125,331301
-3.8766668,-3.6365762,0.4869819,2.3459654433997565,0.0,-51.189355916187125,20913.6962890625,-52.094216995731706,11642.4560546875,-58.9006238932061,21020.5078125,331321
-3.8743012,-3.6359787,0.48722258,2.410865964943077,0.0,-51.20571481785545,20935.05859375,-52.32791494169729,11685.1806640625,-58.602234821779774,20999.1455078125,331341
-3.8728771,-3.6356194,0.48736626,2.806364703141859,0.0,-51.18121931795639,20913.6962890625,-52.04640014487146,11685.1806640625,-58.871536654553076,21020.5078125,331361
-3.87353,-3.634837,0.4869908,1.7668394616870673,0.0,-51.25077948773679,20913.6962890625,-51.87545623785478,11685.1806640625,-58.797961375620076,20999.1455078125,331381
-3.8741593,-3.6340492,0.48661506,0.9635779094537106,0.0,-51.12075209874212,20935.05859375,-52.33849849128565,11685.1806640625,-58.675761181377446,20999.1455078125,331441
-3.874811,-3.633267,0.48623702,2.7762979283481592,0.0,-51.05831236635751,20956.4208984375,-51.99497717209212,11663.818359375,-58.9807366477669,20999.1455078125,331461
-3.8759208,-3.6326005,0.48580843,1.655837246522955,0.0,-51.15961201718976,20935.05859375,-52.13464712986699,11663.818359375,-58.40404364675266,20977.783203125,331501
-3.8765707,-3.6318176,0.48542893,2.511480237569858,0.0,-51.135273731754225,20935.05859375,-52.161005861813514,11685.1806640625,-58.60156585711836,20999.1455078125,331521
-3.8777828,-3.628337,0.4840565,2.3611671736098816,0.0,-51.11404657110363,20935.05859375,-52.15504210807755,11685.1806640625,-58.4639185536509,21020.5078125,331541
-3.8773751,-3.6131244,0.47915557,2.794205256096687,0.0,-51.04996175517289,20913.6962890625,-52.00650061149193,11685.1806640625,-59.203608120905486,21041.8701171875,331561
-3.8673327,-3.5757947,0.46906406,1.338652425469846,0.0,-50.98237092314463,20913.6962890625,-51.94358464065893,11621.09375,-59.114265084652324,21041.8701171875,331581
-3.8520138,-3.5183983,0.45371923,1.635164612899446,0.0,-51.06123118436271,20913.6962890625,-52.20231891515791,11685.1806640625,-58.6684822150676,20999.1455078125,331601
-3.8362393,-3.4572275,0.43714106,2.611646287461576,0.0,-51.17830307954744,20956.4208984375,-52.075918096388925,11685.1806640625,-58.58720278469179,20956.4208984375,331621
-3.8245327,-3.4120476,0.42483324,0.9078791417558807,0.0,-51.05536965767229,20935.05859375,-51.96224818281251,11685.1806640625,-58.42714734041655,20935.05859375,331641
-3.8114913,-3.385318,0.41872936,1.2240634267728578,0.0,-51.003955214039955,20913.6962890625,-52.057036342232266,11663.818359375,-58.83584611194745,20956.4208984375,331661
-3.7925038,-3.3692653,0.41741967,1.8378098690826894,0.0,-50.9710493225724,20913.6962890625,-52.065840723944405,11663.818359375,-59.08514229606751,21041.8701171875,331681
-3.7734,-3.354029,0.41645944,1.6344928519223225,0.0,-51.010493313212784,20935.05859375,-52.147270417710956,11685.1806640625,-58.755385918329566,21020.5078125,331701
-3.762924,-3.340047,0.414042,2.791877236727218,0.0,-51.03454101205862,20956.4208984375,-52.015318194728415,11685.1806640625,-58.64993371505592,21020.5078125,331721
-3.7592027,-3.326831,0.41045368,1.377499271893803,0.0,-50.91844261234185,20935.05859375,-51.85117699335254,11663.818359375,-58.67582090057769,20977.783203125,331741
-3.7566276,-3.3176808,0.40796545,2.6299350394003547,0.0,-50.92078854403921,20935.05859375,-52.15494230342108,11663.818359375,-58.5627804099661,20999.1455078125,331761
-3.754256,-3.312362,0.40668163,2.360559536385431,0.0,-51.0026328680424,20956.4208984375,-52.28263355393146,11685.1806640625,-58.78487658656148,20977.783203125,331781
-3.7503843,-3.3095026,0.4064889,1.5794705000524472,0.0,-50.87863587834118,20956.4208984375,-52.092126522349915,11685.1806640625,-58.380925291716686,21041.8701171875,331801
-3.7455711,-3.3064084,0.40638658,2.841249429665182,0.0,-51.0035984265528,20935.05859375,-51.912700279351725,11663.818359375,-58.73532655612201,21063.232421875,331821
-3.7433932,-3.3049204,0.40630805,1.2241613245928862,0.0,-50.98147029699027,20935.05859375,-51.671912300651435,11621.09375,-58.50417384525373,20999.1455078125,331841
-3.7432854,-3.3030024,0.4057004,2.546063225726832,0.0,-50.961189506615405,20935.05859375,-52.178254942744566,11663.818359375,-58.28778099976687,20999.1455078125,331861
-3.7435439,-3.2992854,0.4044322,2.1709496155356014,0.0,-50.99510072249022,20935.05859375,-52.23093295103751,11685.1806640625,-58.7073646099882,21020.5078125,331881
-3.7327313,-3.2815225,0.40096256,2.29333743511848,0.0,-50.97200644406513,20913.6962890625,-51.889981444698705,11685.1806640625,-58.65724859226887,20999.1455078125,331901
-3.714166,-3.2469392,0.39356354,1.377480704073675,0.0,-50.96064936070853,20935.05859375,-51.79903143043117,11663.818359375,-58.60224011382233,20999.1455078125,331921
-3.6906524,-3.200948,0.3835565,1.184562962594397,0.0,-50.945678889318486,20935.05859375,-51.64201901176184,11621.09375,-59.052379920318394,21063.232421875,331941
-3.6685636,-3.151634,0.37213856,2.3769705293331334,0.0,-50.93472413027294,20913.6962890625,-51.952599556111466,11706.54296875,-58.65514003240512,21020.5078125,331961
-3.6478121,-3.0998538,0.3596308,2.3091771228563527,0.0,-50.987409259329645,20913.6962890625,-51.85907496861762,11706.54296875,-58.557101653052655,21020.5078125,331981
-3.6281419,-3.04737,0.34675312,1.0074167494412147,0.0,-50.9396187997813,20913.6962890625,-51.769802319836735,11685.1806640625,-58.58086169216576,21041.8701171875,332001
-3.6091423,-2.9912405,0.33262128,1.2047259996981694,0.0,-51.02790405328446,20935.05859375,-51.81666308092156,11663.818359375,-58.96011117436966,21020.5078125,332021
-3.5876806,-2.9325953,0.31841075,1.3744230098945776,0.0,-50.997625853740246,20935.05859375,-51.88225622801073,11621.09375,-59.22548581763522,21063.232421875,332041
-3.5666752,-2.8712745,0.30309045,1.7807094257851057,0.0,-50.97700075352607,20913.6962890625,-51.97815840531882,11685.1806640625,-58.623347161690084,21041.8701171875,332061
-3.5468063,-2.8092368,0.28737378,2.327188754947545,0.0,-50.93617654745357,20913.6962890625,-51.78468918270098,11685.1806640625,-58.53043780737383,20999.1455078125,332081
-3.5268228,-2.7480927,0.27197134,0.9283169432420939,0.0,-50.965663407421864,20935.05859375,-51.680446332245076,11685.1806640625,-58.67458957554763,21020.5078125,332101
-3.5062032,-2.690556,0.2579158,2.72877641018738,0.0,-50.84544540100278,20935.05859375,-51.874646977890265,11663.818359375,-58.774612209149446,21041.8701171875,332121
-3.486953,-2.6362004,0.24448667,2.2237535395249384,0.0,-50.84258788889484,20935.05859375,-52.05237641915855,11663.818359375,-59.16420521117328,20977.783203125,332141
-3.4698157,-2.5870147,0.23218423,1.7811573007640744,0.0,-50.95245083909634,20935.05859375,-51.83592434656668,11685.1806640625,-58.59623032216824,20999.1455078125,332161
-3.4544427,-2.5448005,0.22171898,2.7601495632684503,0.0,-50.958518038049434,20935.05859375,-51.727695486921085,11663.818359375,-58.84490127607863,20999.1455078125,332181
-3.4401505,-2.5131829,0.21435946,1.2241524920653866,0.0,-50.9155720873165,20935.05859375,-51.61723241622015,11663.818359375,-59.044963011392426,20999.1455078125,332201
-3.427981,-2.491483,0.20969446,2.7278646236255293,0.0,-50.94182287099336,20935.05859375,-52.04145446797063,11663.818359375,-58.81912323994803,20977.783203125,332221
-3.4180603,-2.4787912,0.20748323,2.577385674432906,0.0,-50.994894168753916,20956.4208984375,-52.13723558631885,11685.1806640625,-59.13627322660066,20999.1455078125,332241
-3.410442,-2.4694855,0.20589653,2.4283845039740606,0.0,-50.9236861535196,20935.05859375,-51.92810735034157,11685.1806640625,-58.77788345272513,20956.4208984375,332261
-3.4024456,-2.4620209,0.20499414,2.8264023531326927,0.0,-50.91873836458197,20913.6962890625,-51.863089368694816,11621.09375,-58.78352094526649,20999.1455078125,332281
-3.3939705,-2.451646,0.20327492,1.3005095426759867,0.0,-50.92077836861084,20935.05859375,-51.63783827375372,11621.09375,-58.76903160452534,21020.5078125,332301
-3.383571,-2.440878,0.20179993,2.1369743967165307,0.0,-50.96333412632,20935.05859375,-52.020524845477176,11685.1806640625,-58.69924167556068,21020.5078125,332321
-3.3780458,-2.4358976,0.20124717,1.816899861678174,0.0,-50.89049264281339,20913.6962890625,-51.97960105954649,11663.818359375,-58.680091962728305,21020.5078125,332341
-3.3723621,-2.4318209,0.20103827,2.069416760664629,0.0,-50.87757140266662,20913.6962890625,-51.67611947918593,11685.1806640625,-58.56937605840808,21020.5078125,332361
-3.360367,-2.4244828,0.20100167,2.8748654021432536,0.0,-50.92028113849708,20913.6962890625,-51.74777450271647,11642.4560546875,-58.65441259832549,21020.5078125,332381
-3.3437977,-2.415202,0.20123425,1.086731592946347,0.0,-50.92618122124282,20913.6962890625,-51.67962263667967,11621.09375,-58.806325710929094,20999.1455078125,332401
-3.3291104,-2.4063537,0.20122851,2.5282065035267047,0.0,-50.933568603911475,20913.6962890625,-52.01989022081942,11685.1806640625,-58.5558372466678,21020.5078125,332421
-3.318044,-2.3992517,0.2010486,2.102056942381728,0.0,-50.999106417378535,20913.6962890625,-51.93480002278349,11685.1806640625,-58.5977755218821,21020.5078125,332441
-3.3069866,-2.3921347,0.20089296,1.1642967302811678,0.0,-50.99000147724409,20913.6962890625,-51.78469820056668,11685.1806640625,-58.449243136724114,20999.1455078125,332461
-3.2940261,-2.3846226,0.20102529,1.1659610625330359,0.0,-50.949227320516776,20913.6962890625,-51.85151144998825,11663.818359375,-58.755916583163135,21041.8701171875,332481
-3.2804313,-2.375088,0.2006282,1.0842491091725708,0.0,-50.93894967170094,20913.6962890625,-51.96778394233684,11663.818359375,-59.01926097402658,21041.8701171875,332501
-3.2657595,-2.3662138,0.20066382,2.2742724642148966,0.0,-51.001220298970075,20935.05859375,-51.86728129271016,11685.1806640625,-58.691909547053775,21041.8701171875,332521
-3.2517333,-2.3593264,0.20119779,2.2928452106747104,0.0,-50.950695117167584,20913.6962890625,-51.8623935194777,11685.1806640625,-58.56206660671144,21020.5078125,332541
-3.239288,-2.3546388,0.20212938,1.1853999770835695,0.0,-50.953408242697115,20913.6962890625,-51.751300977528246,11663.818359375,-58.54490099566916,20999.1455078125,332561
-3.229521,-2.3514743,0.2030254,1.4137713035214492,0.0,-50.87586260153373,20935.05859375,-51.89619547259169,11663.818359375,-58.64912723013657,21020.5078125,332581
-3.220703,-2.3485107,0.20379728,1.0432685116922225,0.0,-50.93562526096065,20913.6962890625,-52.12746718356247,11663.818359375,-59.124694517992296,21020.5078125,332601
-3.210329,-2.3433096,0.20417883,2.2748888609257745,0.0,-50.896010507688594,20935.05859375,-51.849734458983065,11685.1806640625,-58.92346462442777,20956.4208984375,332621
-3.1966543,-2.3345633,0.20409076,1.784905771978568,0.0,-50.8624399910036,20935.05859375,-51.721499425001916,11663.818359375,-58.74616707702969,20977.783203125,332641
-3.180773,-2.3215823,0.20309915,1.165770768809971,0.0,-50.922162507355544,20935.05859375,-51.754455793227535,11663.818359375,-58.53080800479647,20977.783203125,332661
-3.1622624,-2.3069928,0.20233318,2.9041505487113755,0.0,-50.97572136648343,20956.4208984375,-51.95641200756618,11663.818359375,-58.786826559826686,20977.783203125,332681
-3.1426213,-2.2931356,0.2018669,2.659849568560946,0.0,-50.85363874985333,20935.05859375,-52.09344082786337,11706.54296875,-59.207713024928,20999.1455078125,332701
-3.1229844,-2.2792702,0.20147249,2.2759413564791706,0.0,-50.896768432790445,20935.05859375,-51.83127687036162,11685.1806640625,-58.92945919309575,20999.1455078125,332721
-3.09972,-2.2636647,0.2012637,2.448442810942037,0.0,-50.840587528950614,20935.05859375,-51.778783821651004,11663.818359375,-58.928226745575685,20999.1455078125,332741
-3.0739229,-2.2456393,0.20078816,0.988271963631355,0.0,-50.87455899049797,20913.6962890625,-51.67126530691763,11663.818359375,-58.70111205096917,20999.1455078125,332761
-3.0501134,-2.2272158,0.19960171,2.902661590631668,0.0,-50.94300313915131,20935.05859375,-51.975494732469826,11663.818359375,-58.53348913273676,21020.5078125,332781
-3.0241184,-2.2101552,0.19944377,1.3156235458307126,0.0,-50.94865200163525,20935.05859375,-52.1267039838789,11706.54296875,-58.86554465978535,21041.8701171875,332801
-2.9975119,-2.1910455,0.19877419,1.8391309871677775,0.0,-50.95284702942658,20913.6962890625,-51.80130482392926,11663.818359375,-59.056437076951205,21020.5078125,332821
-2.9707718,-2.1728067,0.19841592,2.210200696868142,0.0,-50.968979134940085,20913.6962890625,-51.71968245489531,11642.4560546875,-58.495947156363506,21020.5078125,332841
-2.9440186,-2.1545887,0.19798233,1.9267561289998216,0.0,-51.01458020340172,20913.6962890625,-51.83501395095266,11663.818359375,-58.886957851206255,21020.5078125,332861
-2.918853,-2.138578,0.19798836,2.8221599716825203,0.0,-50.9699890877624,20913.6962890625,-51.8712290605088,11685.1806640625,-58.510774265371296,21020.5078125,332881
-2.8972921,-2.1243436,0.19764826,1.2791206563558246,0.0,-50.99220006893372,20913.6962890625,-51.897346475564596,11727.9052734375,-58.91871108344645,21041.8701171875,332901
-2.879034,-2.113662,0.19775416,1.358403099726352,0.0,-51.01129631037799,20956.4208984375,-51.752288826608144,11642.4560546875,-58.818581811533235,21041.8701171875,332921
-2.8634574,-2.1045089,0.19786003,2.3634097516264454,0.0,-50.92152514244883,20913.6962890625,-51.86722279916505,11663.818359375,-58.770779981944074,21063.232421875,332941
-2.846132,-2.0940607,0.19791052,1.004688817370696,0.0,-50.96451423138464,20935.05859375,-52.064968275116755,11642.4560546875,-58.93846191190035,21063.232421875,332961
-2.8289511,-2.0827305,0.1976505,2.6109193837049736,0.0,-50.862004923161464,20913.6962890625,-51.81514252866941,11685.1806640625,-58.52209565183944,21020.5078125,332981
-2.8083045,-2.0687504,0.1972946,1.3001235287146673,0.0,-50.893101084061485,20935.05859375,-51.74134748125219,11685.1806640625,-58.71340014607112,21041.8701171875,333001
-2.7840357,-2.0530248,0.19727811,1.8758761617702047,0.0,-50.930229073743476,20913.6962890625,-51.85642509608229,11663.818359375,-58.75271776843279,21041.8701171875,333021
-2.7589376,-2.0362444,0.19703236,1.837338742757265,0.0,-50.9237974330344,20935.05859375,-52.02199356831974,11663.818359375,-58.772708664922334,20977.783203125,333041
-2.7347677,-2.0196958,0.19664882,0.9635035154082381,0.0,-50.88239080387016,20935.05859375,-52.046313264094806,11706.54296875,-58.66857810518019,20977.783203125,333061
-2.7087212,-2.0027132,0.1966114,2.791764439202436,0.0,-50.93025105469526,20935.05859375,-51.83501586268807,11663.818359375,-58.861408981921045,20977.783203125,333081
-2.683618,-1.98594,0.19640207,1.3773360379148702,0.0,-50.94715006549733,20935.05859375,-51.690046392463955,11663.818359375,-58.74442721415892,20999.1455078125,333101
-2.658514,-1.9691681,0.19618566,1.8393059084658496,0.0,-50.945235033262286,20935.05859375,-51.80839160521555,11642.4560546875,-58.453526735536116,20977.783203125,333121
-2.6324654,-1.9521891,0.19618185,2.758663025715811,0.0,-50.967605291206226,20935.05859375,-52.05360969777765,11685.1806640625,-58.52737651667849,20977.783203125,333141
-2.607322,-1.9354767,0.19594711,2.6440067325329677,0.0,-50.938612200015775,20935.05859375,-52.067281044078506,11685.1806640625,-58.952510270262344,20956.4208984375,333161
-2.5839274,-1.9200661,0.19579862,2.7116758438807076,0.0,-50.94822686225855,20935.05859375,-51.829858541010864,11685.1806640625,-59.34405043672781,20999.1455078125,333181
-2.561486,-1.9048487,0.1955387,1.8220687474210042,0.0,-50.99620408892186,20935.05859375,-51.71173694871703,11642.4560546875,-58.636527771882186,20999.1455078125,333201
-2.538879,-1.8905597,0.19556563,2.016128228331576,0.0,-51.00759061350294,20935.05859375,-51.973648458858726,11642.4560546875,-58.7049083726297,21041.8701171875,333221
-2.517069,-1.8773776,0.19582663,2.7901141380986374,0.0,-51.058179343798514,20913.6962890625,-52.05631216991789,11685.1806640625,-58.4261966304895,21020.5078125,333241
-2.4944403,-1.863123,0.1958413,2.3954184820732465,0.0,-50.94950180730672,20913.6962890625,-51.96559119005697,11685.1806640625,-58.82484316428844,21063.232421875,333261
-2.470718,-1.8495694,0.19634606,1.5091205917971564,0.0,-51.06251145855556,20913.6962890625,-51.88105983048183,11642.4560546875,-59.01988109683862,20999.1455078125,333281
-2.4463124,-1.8340565,0.19630878,2.0702294489156885,0.0,-51.065826915125115,20913.6962890625,-51.83818514799944,11642.4560546875,-58.96514613158642,21041.8701171875,333301
-2.4217222,-1.819513,0.19658855,2.2749930080709015,0.0,-51.07542568442773,20913.6962890625,-52.13670840374998,11685.1806640625,-58.55949041267906,21020.5078125,333321
-2.3972585,-1.804092,0.19662431,2.660164626485482,0.0,-50.97577413937563,20913.6962890625,-51.89463588871111,11685.1806640625,-58.59465644719812,21041.8701171875,333341
-2.3718448,-1.788481,0.19690767,1.1650961600831722,0.0,-50.984478931099986,20913.6962890625,-51.807016458183114,11663.818359375,-58.44462078965787,20999.1455078125,333361
-2.3454797,-1.7726822,0.19734779,2.123595677428695,0.0,-50.974652238751155,20913.6962890625,-51.85969785661386,11663.818359375,-58.97999565888771,21020.5078125,333381
-2.3191175,-1.7568783,0.19778043,1.619091015067432,0.0,-51.04395250156855,20935.05859375,-51.95855617171324,11663.818359375,-58.875001812999116,21020.5078125,333401
-2.2908838,-1.7406484,0.19856666,1.1018798140639388,0.0,-50.93011355751868,20913.6962890625,-52.072068326061256,11685.1806640625,-58.78749365122259,21020.5078125,333421
-2.2635884,-1.7246279,0.19919513,2.562025379962083,0.0,-50.9882118227528,20935.05859375,-51.88141440950987,11663.818359375,-58.76062456354518,21020.5078125,333441
-2.2389781,-1.7101231,0.19965976,1.4713729940696787,0.0,-50.98511644999177,20935.05859375,-51.69631621839269,11685.1806640625,-58.88990567818537,21020.5078125,333461
-2.21437,-1.6956147,0.20013174,1.7306097461790968,0.0,-50.97267571249438,20956.4208984375,-51.93658611457912,11663.818359375,-58.83136108792055,20999.1455078125,333481
-2.189615,-1.6820251,0.20095666,1.9620376018844565,0.0,-50.95384145976412,20935.05859375,-52.08857946965356,11685.1806640625,-58.785320737387615,20956.4208984375,333501
-2.1648433,-1.6684644,0.2017553,0.9435546274306726,0.0,-50.940551827331845,20935.05859375,-52.10550009488168,11685.1806640625,-58.73666099447942,20999.1455078125,333521
-2.1418343,-1.6561861,0.20264216,2.6136445865478275,0.0,-51.05128318384706,20956.4208984375,-51.824224429376144,11663.818359375,-59.09526592737349,20956.4208984375,333541
-2.1178803,-1.6437076,0.20364642,1.3013061379065505,0.0,-50.94881688644264,20935.05859375,-51.655128871695,11642.4560546875,-58.82871020536807,21063.232421875,333561
-2.0966322,-1.6327138,0.20460896,1.4331892297850504,0.0,-50.93712527554704,20935.05859375,-51.898122746295385,11621.09375,-58.609706454282275,20999.1455078125,333581
-2.0734978,-1.6213136,0.20583585,2.838423581030697,0.0,-51.036997119615066,20913.6962890625,-52.08068391094756,11685.1806640625,-58.69621323461872,20977.783203125,333601
-2.0494363,-1.6096846,0.20726341,2.6108718916103064,0.0,-50.94505355642404,20913.6962890625,-52.07732675089092,11706.54296875,-58.82109309016379,20956.4208984375,333621
-2.0236387,-1.5967271,0.20865597,2.580299979766123,0.0,-51.010250158251694,20892.333984375,-51.87240676236306,11663.818359375,-58.86956781158983,21020.5078125,333641
-2.0003753,-1.5862058,0.21020447,2.088530790490103,0.0,-50.987255717822855,20913.6962890625,-51.73573296548754,11642.4560546875,-58.82561809148904,20999.1455078125,333661
-1.9780387,-1.5759169,0.21156444,1.487382724821672,0.0,-50.96631606287421,20913.6962890625,-52.06645711449905,11663.818359375,-58.35329027400678,20956.4208984375,333681
-1.956511,-1.5667367,0.21320647,2.8703199946124553,0.0,-51.13019655672795,20913.6962890625,-51.98672138200726,11685.1806640625,-58.5323192906299,21041.8701171875,333701
-1.9329195,-1.5581341,0.21536772,2.293895575589935,0.0,-51.113912675983585,20935.05859375,-51.930087226859,11706.54296875,-58.61440992727032,21020.5078125,333721
-1.9085183,-1.5484451,0.21738622,2.5655650204710017,0.0,-51.00830095363438,20913.6962890625,-51.99853489911766,11663.818359375,-58.592331499792245,21020.5078125,333741
-1.8822231,-1.5383849,0.21974163,2.13888070018982,0.0,-51.001738671541695,20935.05859375,-51.978339964671505,11663.818359375,-59.18791115817352,21041.8701171875,333761
-1.8531028,-1.5277364,0.22263062,2.342978167865332,0.0,-51.11958455608853,20935.05859375,-52.18056882373344,11685.1806640625,-58.585601486955184,21020.5078125,333781
-1.8219258,-1.5176868,0.22609966,2.8868259838511383,0.0,-50.966825523696215,20935.05859375,-51.931876416679216,11685.1806640625,-58.49383625302409,21063.232421875,333801
-1.7913954,-1.5097389,0.23002955,1.0862300375375855,0.0,-51.05918053395683,20913.6962890625,-51.84008337606562,11685.1806640625,-58.78923011190157,21041.8701171875,333821
-1.760715,-1.5027633,0.23426081,1.2238977654595116,0.0,-51.04037248002776,20935.05859375,-52.07170228616469,11642.4560546875,-58.60604274947597,20999.1455078125,333841
-1.7290833,-1.4956455,0.23867899,2.120419537542377,0.0,-51.075304998007766,20913.6962890625,-52.23813749222889,11663.818359375,-59.132798901344344,21041.8701171875,333861
-1.6982514,-1.4896991,0.24325457,1.160550069617287,0.0,-50.96164071208796,20913.6962890625,-52.061200990198074,11685.1806640625,-58.644573720029946,20999.1455078125,333881
-1.6693032,-1.4841535,0.2475067,2.8566530098770877,0.0,-51.02743404068675,20913.6962890625,-51.91247554777248,11685.1806640625,-58.75573413050752,20999.1455078125,333901
-1.6405075,-1.4776667,0.25156978,1.0680811313194853,0.0,-50.93529262779208,20935.05859375,-51.74643561040349,11642.4560546875,-58.54853433271066,21041.8701171875,333921
-1.6137513,-1.4706036,0.25509238,1.395703143171432,0.0,-50.97435358286439,20935.05859375,-51.970962593906016,11642.4560546875,-58.55142911161185,20977.783203125,333941
-1.5850946,-1.4631696,0.25885636,2.223381005493785,0.0,-50.94379098834632,20935.05859375,-52.17147473785951,11685.1806640625,-59.018317304964896,20999.1455078125,333961
-1.5575213,-1.4550018,0.26220822,1.1418076050781598,0.0,-50.912197473850654,20956.4208984375,-51.9978018819884,11685.1806640625,-58.98110065565376,20999.1455078125,333981
-1.5288621,-1.4475777,0.2659731,1.892285993443958,0.0,-51.09110459806885,20935.05859375,-51.89795831554279,11663.818359375,-58.95169630761279,21063.232421875,334001
-1.5011457,-1.4403279,0.2695372,1.0874653824195872,0.0,-51.030935476940286,20935.05859375,-51.729694284873915,11621.09375,-58.8455069935289,20977.783203125,334021
-1.4752022,-1.434355,0.2731742,2.2595422064376334,0.0,-50.97682020535879,20935.05859375,-52.118341426573195,11663.818359375,-58.54383582927802,20999.1455078125,334041
-1.4529066,-1.430063,0.27650306,2.5774958236950374,0.0,-51.02618265968597,20913.6962890625,-52.357338940330244,11706.54296875,-58.86845743341536,20999.1455078125,334061
-1.4306068,-1.425771,0.27980405,1.1826373575922324,0.0,-50.987893177417156,20935.05859375,-51.95741090584423,11685.1806640625,-58.73622296864469,20999.1455078125,334081
-1.4101993,-1.4218663,0.2828214,2.890706505631493,0.0,-51.019739028220116,20935.05859375,-51.89715132385415,11621.09375,-58.750989741860124,21041.8701171875,334101
-1.3906033,-1.4190865,0.28598523,1.300081219591043,0.0,-51.09396209382889,20935.05859375,-51.90226354069112,11642.4560546875,-58.949128091933076,21020.5078125,334121
-1.3708949,-1.41722,0.2895482,2.2749322282291535,0.0,-51.128644032318924,20913.6962890625,-52.15395615832879,11685.1806640625,-58.784077687798856,20977.783203125,334141
-1.3510506,-1.416309,0.2933871,2.461557696785742,0.0,-51.16724025007792,20935.05859375,-52.1704031053998,11706.54296875,-59.223434402461365,21020.5078125,334161
-1.3291912,-1.415964,0.29786393,2.0520104276390496,0.0,-51.088909646846325,20935.05859375,-52.02271406149774,11685.1806640625,-58.98408536203644,20999.1455078125,334181
-1.3053302,-1.4161851,0.30303714,2.8586954827963473,0.0,-51.03661851181801,20892.333984375,-51.99163666815067,11642.4560546875,-58.80375610132105,20999.1455078125,334201
-1.2813379,-1.4173623,0.30847934,1.4504670960537505,0.0,-51.115012848084746,20913.6962890625,-52.09929136884466,11642.4560546875,-58.94292729623443,21084.5947265625,334221
-1.2572361,-1.4194527,0.3142893,2.544389807365675,0.0,-51.12436771925685,20913.6962890625,-52.12909827475565,11685.1806640625,-58.75504761658932,21020.5078125,334241
-1.2313694,-1.420265,0.3201284,2.5127814351047424,0.0,-51.027865249570425,20913.6962890625,-52.02513376708018,11706.54296875,-58.67333549254073,21063.232421875,334261
-1.206347,-1.4222083,0.3261928,0.9485610008574357,0.0,-51.08915596694096,20935.05859375,-51.91862715305564,11685.1806640625,-58.42785117406586,20913.6962890625,334281
-1.1841378,-1.42476,0.33164042,1.261383930801629,0.0,-51.1472375749394,20935.05859375,-52.08195984834308,11642.4560546875,-58.84852707850497,20956.4208984375,334301
-1.1628784,-1.427504,0.33693233,1.5049949199451436,0.0,-51.11359138319362,20956.4208984375,-52.34603939950857,11685.1806640625,-59.041027269712465,21020.5078125,334321
-1.1396133,-1.4308397,0.34286287,1.6536141121259784,0.0,-51.028732643681025,20913.6962890625,-51.92664899338191,11685.1806640625,-59.13771978345511,20999.1455078125,334341
-1.1171894,-1.4352996,0.34896132,2.0343508992367196,0.0,-51.037949027278195,20935.05859375,-51.8622696001992,11642.4560546875,-58.61335228640933,20999.1455078125,334361
-1.094986,-1.4379524,0.3543837,0.9491148913794532,0.0,-51.04036747174977,20935.05859375,-51.8184170329539,11642.4560546875,-58.841779843287625,21020.5078125,334381
-1.073756,-1.4407483,0.35976595,1.6921289007858134,0.0,-51.07294605361681,20935.05859375,-52.16298396538108,11685.1806640625,-58.62448762995346,20999.1455078125,334401
-1.0525161,-1.4435508,0.36510536,2.5110115260526147,0.0,-51.08215225610085,20935.05859375,-52.3057516749051,11706.54296875,-59.13274152337454,21020.5078125,334421
-1.0274861,-1.4456393,0.37108916,1.6000574355030999,0.0,-51.09920995686522,20956.4208984375,-51.91136530196128,11685.1806640625,-59.055819150887594,20999.1455078125,334441
-1.0015068,-1.4475482,0.37722585,1.4716410895088397,0.0,-51.065341540295506,20935.05859375,-51.905161897712674,11642.4560546875,-58.746895087922525,21020.5078125,334461
-0.97634804,-1.4505315,0.3834785,1.027106696516385,0.0,-51.020733440486445,20935.05859375,-51.98923077909677,11642.4560546875,-58.69454869956226,20999.1455078125,334481
-0.95237947,-1.4518203,0.38899955,2.343494499975795,0.0,-51.10222332716373,20913.6962890625,-52.198716691890496,11685.1806640625,-58.430769555618994,20999.1455078125,334501
-0.9312518,-1.4536275,0.39404637,2.643829061301872,0.0,-51.09012973084552,20935.05859375,-52.22426917395097,11706.54296875,-58.80570988110271,21020.5078125,334521
-0.91107804,-1.455603,0.39896542,1.2617033876731087,0.0,-51.096468999464825,20913.6962890625,-51.93772813082019,11642.4560546875,-59.07902780257338,21020.5078125,334541
-0.8891336,-1.4563063,0.4039169,2.8746941032848365,0.0,-51.16575364505202,20913.6962890625,-51.96490227148797,11642.4560546875,-58.58078421287622,20999.1455078125,334561
-0.8621101,-1.4589162,0.41061765,1.5996857346504676,0.0,-51.2183796277931,20913.6962890625,-52.13497116461964,11663.818359375,-58.819297764337634,21041.8701171875,334581
-0.833098,-1.4621464,0.41801205,2.393529824309858,0.0,-51.17185964464399,20913.6962890625,-52.05089864498415,11685.1806640625,-58.67312043739975,21020.5078125,334601
-0.8009442,-1.4676398,0.426958,2.293467590042108,0.0,-51.158634941218665,20913.6962890625,-52.08863593787024,11706.54296875,-58.72430321336476,21020.5078125,334621
-0.77049655,-1.4753689,0.43627134,1.6208814975483146,0.0,-51.144637427302484,20913.6962890625,-52.0603396027792,11663.818359375,-58.738221717126805,21041.8701171875,334641
-0.73923814,-1.482035,0.4455111,2.889883554904227,0.0,-51.14979920324153,20935.05859375,-52.22979784753332,11663.818359375,-58.76320942343912,20999.1455078125,334661
-0.7078662,-1.4896979,0.45498198,2.119665110196149,0.0,-51.20467298575893,20956.4208984375,-52.32328522886451,11663.818359375,-59.204133866078024,21041.8701171875,334681
-0.6765953,-1.4965516,0.46404037,2.393984625212999,0.0,-51.09608682884334,20913.6962890625,-52.02598935361411,11663.818359375,-58.957658835343274,21041.8701171875,334701
-0.6483211,-1.5029805,0.47245416,2.294194390028168,0.0,-51.14090908319854,20935.05859375,-52.03077970206166,11663.818359375,-58.84188559706782,20977.783203125,334721
-0.62804717,-1.5070835,0.47827533,1.2819043115592657,0.0,-51.13250707010326,20935.05859375,-52.05005629912122,11642.4560546875,-58.78401515540186,20999.1455078125,334741
-0.6167209,-1.5089543,0.4813895,2.8883401276111735,0.0,-51.19005497101371,20935.05859375,-52.27155608561645,11685.1806640625,-58.885292322065055,20977.783203125,334761
-0.60635227,-1.5109859,0.48436734,1.218890323897109,0.0,-51.215259156942295,20935.05859375,-52.42882165280518,11685.1806640625,-59.14046530248769,21020.5078125,334781
-0.58619094,-1.514228,0.48988768,2.4962876757527788,0.0,-51.15569029564413,20913.6962890625,-52.16967229442137,11663.818359375,-59.08308562818388,20999.1455078125,334801
-0.5630711,-1.5179615,0.4961403,1.5838064507673408,0.0,-51.20137113558496,20935.05859375,-51.96506024046239,11663.818359375,-58.88957203638888,20999.1455078125,334821
-0.54101676,-1.5209186,0.5019965,1.1645067076498532,0.0,-51.21749232637381,20935.05859375,-52.1784081101426,11663.818359375,-58.7444661202474,20977.783203125,334841
-0.5189598,-1.5238894,0.5078358,2.0844590960892835,0.0,-51.25159055927266,20913.6962890625,-52.363524491605695,11685.1806640625,-58.822071424061335,20977.783203125,334861
-0.4949073,-1.5274755,0.51431084,1.1415635638022494,0.0,-51.203886446176895,20935.05859375,-52.30084104849525,11706.54296875,-58.990245890625175,20999.1455078125,334881
-0.47093606,-1.5301733,0.5204036,2.1039051132273845,0.0,-51.20246807929216,20935.05859375,-52.08946943173842,11663.818359375,-59.280684977793044,20999.1455078125,334901
-0.44790635,-1.5330588,0.5262841,1.3009399245720097,0.0,-51.23956474039086,20913.6962890625,-52.012625963000794,11642.4560546875,-58.85936325570142,21020.5078125,334921
-0.42384085,-1.5366688,0.53269726,1.2409830931897416,0.0,-51.28441402520397,20913.6962890625,-52.38640533731325,11663.818359375,-58.598718488827764,20977.783203125,334941
-0.3959741,-1.5396863,0.539746,2.477710624841361,0.0,-51.215328668658515,20913.6962890625,-52.260199559527145,11685.1806640625,-58.84929404864752,20977.783203125,334961
-0.3660869,-1.543372,0.5473064,1.0245265433306632,0.0,-51.216155300629595,20935.05859375,-52.33618783605148,11706.54296875,-58.69113655443313,21020.5078125,334981
-0.33905837,-1.5474776,0.55443215,2.4315623555866224,0.0,-51.247936568220325,20913.6962890625,-52.20999236050072,11642.4560546875,-59.12742037191195,21041.8701171875,335001
-0.31116143,-1.5505236,0.561348,1.2427318362492583,0.0,-51.24782285672208,20913.6962890625,-52.056277341236324,11642.4560546875,-59.16626374318597,21020.5078125,335021
-0.28507677,-1.5547812,0.56828874,1.373195725179706,0.0,-51.167649437664764,20913.6962890625,-52.37775354370627,11685.1806640625,-58.813999506273966,21041.8701171875,335041
-0.25719026,-1.5577683,0.575272,2.8706206744041203,0.0,-51.18080000236744,20913.6962890625,-52.237611781451804,11663.818359375,-58.705654822795836,21041.8701171875,335061
-0.22833943,-1.5605863,0.58236474,2.1042701834359927,0.0,-51.22671274505089,20913.6962890625,-52.129134086853185,11685.1806640625,-58.639003472406,20977.783203125,335081
-0.19749576,-1.5639684,0.5901302,2.397903674526019,0.0,-51.33624709703981,20913.6962890625,-52.151017372280904,11663.818359375,-58.96077658047665,21063.232421875,335101
-0.16665001,-1.5673438,0.59789026,2.293982391814939,0.0,-51.156267966592594,20935.05859375,-52.29501846845224,11663.818359375,-59.26663258081375,20999.1455078125,335121
-0.13958406,-1.5714333,0.6048819,2.494502728076082,0.0,-51.17194895846968,20913.6962890625,-52.23946742107968,11663.818359375,-58.64586833780269,21020.5078125,335141
-0.11642912,-1.5752316,0.61096334,2.545897621755213,0.0,-51.190885426412514,20935.05859375,-52.07964695905288,11663.818359375,-58.60993301190807,20977.783203125,335161
-0.09319021,-1.5799147,0.6174269,1.262311497117755,0.0,-51.134948083074974,20935.05859375,-51.93068151028177,11663.818359375,-58.74859172784039,20999.1455078125,335181
-0.06909656,-1.5835907,0.62369514,1.2620785712180753,0.0,-51.11329756581181,20935.05859375,-52.0541244840988,11642.4560546875,-58.894624927419144,20977.783203125,335201
-0.047777206,-1.5886697,0.6298326,1.961249471404129,0.0,-51.051898843422464,20935.05859375,-52.315866444474175,11663.818359375,-59.2506382917686,20999.1455078125,335221
-0.028461881,-1.5931438,0.63535786,1.0429471944896445,0.0,-51.03104858276498,20935.05859375,-52.218474582494224,11685.1806640625,-58.66485728979828,21020.5078125,335241
-0.010101946,-1.5978016,0.6407081,2.1391174991734254,0.0,-51.095148037663776,20935.05859375,-51.918293105478185,11685.1806640625,-59.07904953970805,20999.1455078125,335261
0.007212544,-1.6017065,0.64558285,1.3204181808903304,0.0,-51.100084015843706,20956.4208984375,-51.80566682932564,11642.4560546875,-58.64036244117706,21020.5078125,335281
0.024602288,-1.6065297,0.6508197,1.9094543637279964,0.0,-51.08743811039596,20935.05859375,-52.156936112010555,11663.818359375,-58.80976495313027,20935.05859375,335301
0.043892752,-1.6110831,0.65636694,2.4610054507219066,0.0,-51.1832588182594,20935.05859375,-52.3293444305364,11685.1806640625,-58.72875793370263,20999.1455078125,335321
0.062225774,-1.6157855,0.6617702,0.9846620368868115,0.0,-51.1823057619473,20935.05859375,-52.22036841487005,11706.54296875,-58.623463135905645,20977.783203125,335341
0.08055617,-1.6204832,0.6671865,2.745717310999237,0.0,-51.12951768360751,20935.05859375,-52.00927476027726,11663.818359375,-58.73511135863508,21020.5078125,335361
0.09974726,-1.6241214,0.6724595,1.242823964946451,0.0,-51.22188970315812,20935.05859375,-51.734695502644506,11621.09375,-58.99372906964119,21041.8701171875,335381
0.11997331,-1.6285387,0.67821693,1.8182288996838936,0.0,-51.13954753508224,20913.6962890625,-52.23200678457946,11663.818359375,-58.389223544174115,21020.5078125,335401
0.14028688,-1.633864,0.6842954,2.643967964463293,0.0,-51.2255020188704,20913.6962890625,-52.15667835892833,11706.54296875,-58.696687514507325,20999.1455078125,335421
0.16052157,-1.6382933,0.69001323,2.105240905147469,0.0,-51.20453584177318,20913.6962890625,-52.060905789869736,11685.1806640625,-58.686775985777935,21020.5078125,335441
0.17884672,-1.6430033,0.6954364,2.6477012969038363,0.0,-51.111130811795896,20913.6962890625,-52.11775877978291,11663.818359375,-58.60187863330381,21020.5078125,335461
0.1970936,-1.6467994,0.70051175,1.9975089369230827,0.0,-51.15885177653556,20913.6962890625,-52.24151334505986,11642.4560546875,-59.1521528191269,21041.8701171875,335481
0.21732926,-1.6512011,0.7062473,2.5940563323353456,0.0,-51.10245301374634,20913.6962890625,-52.00434693864639,11685.1806640625,-58.73689626177466,20999.1455078125,335501
0.23765765,-1.6565275,0.71227515,2.8879030514032515,0.0,-51.04291785299732,20935.05859375,-51.95861106424339,11685.1806640625,-58.53371952201225,21063.232421875,335521
0.25685734,-1.6601526,0.71752584,1.5465885285001293,0.0,-50.99309194895731,20913.6962890625,-51.835610855178416,11685.1806640625,-58.61719957629344,20999.1455078125,335541
0.2742276,-1.66498,0.72282314,1.2805693812491425,0.0,-51.05804693086826,20935.05859375,-52.13605682524317,11663.818359375,-58.54343890096481,20956.4208984375,335561
0.29056132,-1.6690564,0.7276174,2.223329467027368,0.0,-51.00571722968465,20935.05859375,-52.264463985016356,11685.1806640625,-59.06530345826113,20999.1455078125,335581
0.30585644,-1.6723708,0.73192763,2.6766665481550644,0.0,-51.056252109813514,20935.05859375,-52.127106552907705,11685.1806640625,-58.536263334295874,20935.05859375,335601
0.32123426,-1.6766063,0.7365613,2.8742601116635753,0.0,-51.062751216922784,20935.05859375,-51.915583980420536,11663.818359375,-58.57807528943386,20999.1455078125,335621
0.33859769,-1.6814594,0.7418575,1.3581601044501714,0.0,-51.04199941182745,20935.05859375,-51.774725643675374,11621.09375,-58.739187755939824,20977.783203125,335641
0.35691196,-1.6861691,0.7473176,1.763679241914741,0.0,-50.9951545023393,20935.05859375,-52.1928626168837,11685.1806640625,-58.346526049273244,21020.5078125,335661
0.3752303,-1.6909044,0.7527419,2.3085726451093085,0.0,-51.152155878532156,20935.05859375,-52.137578132095115,11685.1806640625,-58.767860302050316,21020.5078125,335681
0.39163888,-1.695933,0.75785595,2.3621924367209224,0.0,-51.11854865447747,20913.6962890625,-52.016168532271564,11663.818359375,-58.606704921134266,20999.1455078125,335701
0.40708712,-1.7011019,0.76283693,2.8907361812680756,0.0,-51.048523805777094,20913.6962890625,-51.92838383209355,11642.4560546875,-58.709654681174904,21020.5078125,335721
0.42149338,-1.7054981,0.7673558,1.337115960988379,0.0,-51.080172596220294,20913.6962890625,-52.032317182689134,11642.4560546875,-58.709308035558195,21020.5078125,335741
0.43788588,-1.7105324,0.7725155,2.3765828097244817,0.0,-51.098713072110314,20935.05859375,-52.03441352937084,11685.1806640625,-58.64330737794838,21020.5078125,335761
0.45522863,-1.7154362,0.7778328,2.462627785349893,0.0,-51.002900099781,20913.6962890625,-52.066190530026965,11706.54296875,-58.74896704369888,21020.5078125,335781
0.47264564,-1.721269,0.7834818,0.9878235385558951,0.0,-51.006787839211924,20913.6962890625,-51.883981681674584,11663.818359375,-58.388319275872895,20999.1455078125,335801
0.48998287,-1.7261887,0.7888024,1.24294265642509,0.0,-51.035137086302846,20935.05859375,-52.0265139353491,11642.4560546875,-58.81648454056045,20999.1455078125,335821
0.5054169,-1.7313907,0.7937929,1.296582452324595,0.0,-51.03195688895365,20913.6962890625,-52.08401654648627,11663.818359375,-58.870780328983294,21020.5078125,335841
0.5208494,-1.7366109,0.79876924,1.9250196213321915,0.0,-50.89294700117879,20892.333984375,-51.908251919309734,11685.1806640625,-58.718977765130084,20999.1455078125,335861
0.53532696,-1.7419714,0.8035902,2.156945252254978,0.0,-50.98576569978829,20935.05859375,-52.124102487664544,11685.1806640625,-58.57319199980944,20999.1455078125,335881
0.5506767,-1.7462687,0.8082599,1.0088288572830058,0.0,-51.00396262226578,20935.05859375,-51.92127084780789,11642.4560546875,-58.55590579495185,20977.783203125,335901
0.56515366,-1.7516156,0.8130976,2.7919117768707586,0.0,-50.93245751473986,20935.05859375,-52.109745518167415,11663.818359375,-58.684232185203484,21041.8701171875,335921
0.57955545,-1.7560443,0.817599,2.4776219061064007,0.0,-51.00184239784713,20935.05859375,-52.19843118285792,11685.1806640625,-58.921921249532126,21020.5078125,335941
0.5949121,-1.7603191,0.8222665,1.836279896685808,0.0,-50.95745748565832,20935.05859375,-51.95034364300005,11685.1806640625,-58.75435663202169,20977.783203125,335961
0.6102749,-1.7645767,0.8269296,2.6970481564263022,0.0,-51.01386060873065,20913.6962890625,-51.77022740251739,11642.4560546875,-58.54459162301406,20935.05859375,335981
0.62651604,-1.7677553,0.8314163,0.9869417358633049,0.0,-51.03714647016045,20935.05859375,-52.0541868101638,11663.818359375,-58.54149819752969,20999.1455078125,336001
0.64275867,-1.7709177,0.835909,2.7740343204379094,0.0,-51.02932341212154,20913.6962890625,-52.10011581722184,11685.1806640625,-58.56760090225485,20999.1455078125,336021
0.65805346,-1.774209,0.8402379,2.6282313937356476,0.0,-51.064279051847876,20913.6962890625,-52.07420251851474,11706.54296875,-58.72781007894581,20977.783203125,336041
0.672398,-1.7776198,0.8444217,1.8211443675295012,0.0,-50.98525422507742,20913.6962890625,-51.91588786077364,11663.818359375,-59.01747964829906,21020.5078125,336061
0.6885672,-1.7798026,0.8485836,2.7132847677724743,0.0,-51.004642622182715,20913.6962890625,-51.872920667243314,11621.09375,-58.694500242819316,21020.5078125,336081
0.70587766,-1.7836643,0.85350686,1.8363644974037863,0.0,-51.068492760869155,20913.6962890625,-52.168547164319044,11663.818359375,-58.471535546107106,21020.5078125,336101
0.7211058,-1.7859625,0.8574876,2.6269050355533627,0.0,-51.06104428141545,20913.6962890625,-51.96386934891741,11685.1806640625,-58.64093017750968,21041.8701171875,336121
0.73538357,-1.7883939,0.86131626,1.673931391870426,0.0,-50.992731821338225,20935.05859375,-51.905472742869385,11685.1806640625,-58.65136208291507,21020.5078125,336141
0.75061184,-1.7906604,0.86531484,1.3775318873211648,0.0,-51.06142310808386,20935.05859375,-51.94049068529153,11663.818359375,-58.71663888486117,21020.5078125,336161
0.7678477,-1.7935342,0.8699066,2.744157976562211,0.0,-50.97745934781901,20913.6962890625,-52.01383930232677,11663.818359375,-58.91048428825891,21020.5078125,336181
0.7870829,-1.7969875,0.875143,0.9635800167428993,0.0,-50.981562481142724,20935.05859375,-52.14417965495094,11685.1806640625,-58.594499881367014,20977.783203125,336201
0.8072714,-1.8002732,0.88053685,2.643900665968397,0.0,-50.94212799457794,20913.6962890625,-51.902522990537896,11685.1806640625,-58.75526746786517,20999.1455078125,336221
0.82651263,-1.8037182,0.8857567,1.9287266652099866,0.0,-50.995251901239975,20935.05859375,-51.82522946643548,11663.818359375,-58.33279988068067,20999.1455078125,336241
0.84585077,-1.8080734,0.89129716,1.2810782657681226,0.0,-50.90142149041009,20935.05859375,-52.020960296099446,11642.4560546875,-58.54888676584042,20999.1455078125,336261
0.86909026,-1.8127182,0.8977863,1.9262088454395456,0.0,-50.863950386717036,20935.05859375,-52.007835223261274,11685.1806640625,-58.51759434010602,20956.4208984375,336281
0.8953607,-1.8187135,0.90545005,1.042859472323992,0.0,-50.90434633192025,20935.05859375,-52.10125967754013,11685.1806640625,-58.7703726520888,21020.5078125,336301
0.92174166,-1.8256593,0.91335726,2.311384602191975,0.0,-50.95652920719714,20913.6962890625,-51.81448186094321,11663.818359375,-59.02437007823639,21020.5078125,336321
0.94716686,-1.8327762,0.92110807,1.281940109708032,0.0,-51.074750339838396,20935.05859375,-51.66001266816991,11642.4560546875,-58.739798179795,21041.8701171875,336341
0.97172076,-1.8409839,0.92904973,1.2602392369161752,0.0,-50.89184607503252,20913.6962890625,-52.10550702619229,11685.1806640625,-58.32845189885329,20999.1455078125,336361
0.996196,-1.8482791,0.9366166,2.9023415677677256,0.0,-50.9675467255233,20913.6962890625,-52.02280062246915,11685.1806640625,-58.7543740487774,21020.5078125,336381
1.0215216,-1.8544728,0.944067,2.561662207037844,0.0,-50.974748411354255,20935.05859375,-52.134958148364134,11706.54296875,-58.67083961630109,21020.5078125,336401
1.046871,-1.8606215,0.95147365,2.3130434513594547,0.0,-50.92083398489088,20913.6962890625,-51.92095550496561,11685.1806640625,-58.934534422461766,21041.8701171875,336421
1.0710857,-1.86505,0.95807177,1.2038787426735933,0.0,-50.95262827279769,20913.6962890625,-51.824044028984,11621.09375,-58.82864454899993,21020.5078125,336441
1.0972241,-1.869118,0.9649235,2.0142528162573803,0.0,-51.004265968992684,20913.6962890625,-52.22539199819274,11685.1806640625,-58.3259939009518,21020.5078125,336461
1.1224252,-1.8732512,0.97162974,2.9024958652615123,0.0,-50.93497442363492,20913.6962890625,-51.938049866541014,11685.1806640625,-58.33244112829846,20977.783203125,336481
1.1475226,-1.8763824,0.9780544,2.121744890304763,0.0,-51.03659107987021,20935.05859375,-51.888497354607296,11706.54296875,-58.513894100227816,20999.1455078125,336501
1.1706271,-1.8788873,0.98381454,1.2626611547934679,0.0,-51.045090089726855,20956.4208984375,-51.92613984304355,11663.818359375,-58.65598989063898,20999.1455078125,336521
1.1929069,-1.8824096,0.9897245,2.362130685389246,0.0,-50.956111329833305,20913.6962890625,-51.96317897495177,11642.4560546875,-58.88725064687235,21063.232421875,336541
1.2150803,-1.884942,0.9953245,2.4944592099507172,0.0,-50.98546403538107,20935.05859375,-52.082317729229366,11685.1806640625,-58.34536788364784,21041.8701171875,336561
1.2363183,-1.8875865,1.0007509,2.644453789121618,0.0,-51.01125517755459,20935.05859375,-51.886156771969645,11685.1806640625,-58.55645890851047,21020.5078125,336581
1.2586305,-1.8909613,1.0066243,1.3960297497134815,0.0,-50.936817830657716,20935.05859375,-51.76816439397114,11663.818359375,-58.44672043345878,20999.1455078125,336601
1.2811921,-1.896175,1.0130904,1.2046162700855891,0.0,-50.8882399557682,20935.05859375,-51.928188185962256,11642.4560546875,-58.64423339810492,20999.1455078125,336621
1.3058966,-1.9028832,1.0204521,2.3949394703401126,0.0,-51.06120474858338,20935.05859375,-52.10376180331587,11663.818359375,-59.051135828181756,21020.5078125,336641
1.3288016,-1.9108652,1.0278947,1.0232168961708867,0.0,-50.94263411765144,20956.4208984375,-51.94736191645199,11685.1806640625,-58.718092475784225,21020.5078125,336661
1.3447005,-1.917348,1.0333415,2.395373036955389,0.0,-50.927675902901406,20935.05859375,-51.87485265159242,11663.818359375,-58.70765152980486,20977.783203125,336681
1.3555032,-1.9219545,1.0370857,1.2243094524880467,0.0,-50.99456820983587,20935.05859375,-51.68361939200259,11663.818359375,-58.42612117325072,20999.1455078125,336701
1.3684245,-1.928048,1.0417967,2.017110502171115,0.0,-50.979885150764915,20935.05859375,-51.998577360555835,11663.818359375,-58.72990884200683,20935.05859375,336721
1.387616,-1.9376895,1.0489991,2.205450257992746,0.0,-50.88791979711887,20935.05859375,-52.25175504375231,11663.818359375,-58.94829497127418,20999.1455078125,336741
1.4066868,-1.9464245,1.0558864,1.023781600346134,0.0,-50.8728006687536,20935.05859375,-52.02194659120682,11685.1806640625,-58.67515130525659,20999.1455078125,336761
1.4258598,-1.9561011,1.0630909,1.9107559393680513,0.0,-50.95527164776772,20913.6962890625,-51.85393026793857,11663.818359375,-58.64513146409986,21020.5078125,336781
1.443008,-1.9652165,1.0696905,1.2239730738810315,0.0,-51.01030666868273,20935.05859375,-51.69843298371341,11642.4560546875,-58.554832711928526,20999.1455078125,336801
1.4591872,-1.9745072,1.07618,2.032871211913932,0.0,-50.88624909854823,20935.05859375,-52.071244412452344,11685.1806640625,-58.452973005006086,20999.1455078125,336821
1.4764239,-1.9845552,1.0831338,2.308738172566617,0.0,-50.914767775737324,20935.05859375,-52.205361184568076,11706.54296875,-58.648896067574654,21063.232421875,336841
1.4945998,-1.9944332,1.0902677,1.005549863090382,0.0,-50.94902393604133,20913.6962890625,-51.97512013397048,11685.1806640625,-58.4727968218002,20977.783203125,336861
1.5138206,-2.0050557,1.0979156,2.8267005246488757,0.0,-51.0085652614874,20935.05859375,-51.84088559638521,11663.818359375,-58.429817346411355,21084.5947265625,336881
1.5320796,-2.0158517,1.1054332,1.3575658861513027,0.0,-50.90966489583206,20913.6962890625,-51.76189716338036,11642.4560546875,-58.84088271558007,21041.8701171875,336901
1.5493886,-2.0268352,1.1127684,1.9249973400156126,0.0,-50.929729193143444,20892.333984375,-51.9888195301749,11685.1806640625,-58.31193520543012,20999.1455078125,336921
1.5645769,-2.0363402,1.1191378,2.6769365989608835,0.0,-50.926783614591514,20913.6962890625,-51.95441228685802,11685.1806640625,-58.67847316423624,20977.783203125,336941
1.5807133,-2.0456831,1.1256586,0.9484431883137466,0.0,-50.96641754664251,20913.6962890625,-51.82261520370019,11685.1806640625,-58.315156282198544,20999.1455078125,336961
1.5978061,-2.0548537,1.1323248,2.8096558146157955,0.0,-50.947788930010375,20913.6962890625,-51.98655084344914,11663.818359375,-58.35897598553839,21020.5078125,336981
1.6159592,-2.0647585,1.1394796,1.8543234154581807,0.0,-50.87755910852245,20913.6962890625,-52.10709199739331,11663.818359375,-58.813602060208964,21127.3193359375,337001
1.634026,-2.0737145,1.146298,2.6433877952451352,0.0,-50.88574066427128,20935.05859375,-51.856684138191405,11685.1806640625,-58.656009349262575,20956.4208984375,337021
1.6529456,-2.0815315,1.1529733,2.6789176561801966,0.0,-50.83862420688093,20935.05859375,-51.79212755695954,11685.1806640625,-58.509156757802536,21020.5078125,337041
1.6717657,-2.0883865,1.1593388,1.4154038869693444,0.0,-50.79865141407826,20913.6962890625,-51.66344392252701,11642.4560546875,-58.30928832021385,20999.1455078125,337061
1.689769,-2.0962884,1.1658764,2.873263759667913,0.0,-50.83393307459367,20935.05859375,-51.988920877584576,11663.818359375,-58.573503340681015,20999.1455078125,337081
1.7067236,-2.1034307,1.1719185,1.5234784182934993,0.0,-50.83965929929623,20935.05859375,-52.13897098874983,11685.1806640625,-58.85922622907607,20999.1455078125,337101
1.7216738,-2.1099994,1.1773233,2.6599882617056165,0.0,-50.82626271249747,20935.05859375,-51.93940427087662,11706.54296875,-58.93614529782721,21020.5078125,337121
1.7355679,-2.1158214,1.182236,2.5479980847603656,0.0,-50.83022757936554,20935.05859375,-51.891945280499776,11685.1806640625,-58.84947284822487,20999.1455078125,337141
1.7476923,-2.1229024,1.1871712,0.9489251638526652,0.0,-50.804438913525026,20935.05859375,-51.75695906133725,11642.4560546875,-58.4255768041719,20956.4208984375,337161
1.7608898,-2.1307175,1.1925693,1.6548377993695622,0.0,-50.781942607777566,20935.05859375,-52.05729218345502,11706.54296875,-58.62232272592323,20977.783203125,337181
1.7731414,-2.138715,1.1978078,1.3912222599757955,0.0,-50.8643685519385,20935.05859375,-52.12249355330131,11685.1806640625,-58.98828854089889,21041.8701171875,337201
1.7856313,-2.1485333,1.2037097,1.7823425281081995,0.0,-50.820012117095,20935.05859375,-51.8370195187897,11685.1806640625,-58.7454304020821,21020.5078125,337221
1.7970457,-2.1576228,1.2091435,2.745747440605721,0.0,-50.800732809062914,20935.05859375,-51.656323921712364,11663.818359375,-58.542985818161114,20977.783203125,337241
1.8073896,-2.1659772,1.2141092,1.2222508454190728,0.0,-50.87934835776417,20935.05859375,-51.9859467069405,11642.4560546875,-58.3309655802287,20977.783203125,337261
1.8177246,-2.1743343,1.2190887,2.8552422760396787,0.0,-50.807459168884165,20935.05859375,-52.056356946374336,11685.1806640625,-58.40561065583003,20977.783203125,337281
1.8281702,-2.1836154,1.2243904,2.676497086515319,0.0,-50.85265680351945,20935.05859375,-52.06593781558205,11685.1806640625,-58.67038626543551,21020.5078125,337301
1.8375441,-2.1921566,1.2292336,2.174412447983009,0.0,-50.936371242323695,20935.05859375,-51.79637600735376,11642.4560546875,-58.74214648940906,21020.5078125,337321
1.8489307,-2.201261,1.2347006,2.482218735681451,0.0,-50.84508678750914,20935.05859375,-51.6313381447537,11642.4560546875,-58.70086038784008,21020.5078125,337341
1.8624482,-2.2118418,1.2411158,1.4883283444865059,0.0,-50.80221724233208,20935.05859375,-51.94254532281552,11663.818359375,-58.19525275573619,20999.1455078125,337361
1.8771429,-2.2240663,1.248355,2.9182741413870925,0.0,-50.817709082474984,20913.6962890625,-51.94533326679256,11685.1806640625,-58.348917834292806,21020.5078125,337381
1.8947977,-2.2366743,1.2563771,1.142749401924386,0.0,-50.91291661290605,20935.05859375,-51.955785850178216,11706.54296875,-58.48409186753804,20999.1455078125,337401
1.9125623,-2.2502067,1.2647223,1.8032082939761591,0.0,-50.829317053611206,20913.6962890625,-51.78190364665957,11642.4560546875,-58.85696356506827,21020.5078125,337421
1.9283019,-2.2631838,1.2724531,2.1053322281876574,0.0,-50.90324712448354,20913.6962890625,-51.646293817294556,11621.09375,-58.81580451214135,21041.8701171875,337441
1.9439199,-2.275256,1.2798568,1.9439469259871698,0.0,-50.896083396903514,20913.6962890625,-52.031473705996035,11663.818359375,-58.252130840761296,21020.5078125,337461
1.9607219,-2.2889826,1.2880496,2.6434096895256816,0.0,-50.95600570158191,20913.6962890625,-51.85899801903339,11685.1806640625,-58.3918259854979,21084.5947265625,337481
1.9764549,-2.301977,1.295765,0.9865467550697613,0.0,-50.84343915685854,20913.6962890625,-51.84393761295848,11685.1806640625,-58.39701309540607,20999.1455078125,337501
1.9901702,-2.3143976,1.3028787,1.3585176527650646,0.0,-50.91229924104192,20913.6962890625,-51.80692025528452,11663.818359375,-58.75146358635004,21041.8701171875,337521
2.0037751,-2.3259041,1.3096584,1.3937424083308603,0.0,-50.886698580466884,20935.05859375,-51.887754715512955,11642.4560546875,-58.88931611407144,21041.8701171875,337541
2.0163188,-2.3366704,1.3159585,1.2768336907781184,0.0,-50.86667872383531,20892.333984375,-52.01211008471634,11685.1806640625,-58.3351348835579,21020.5078125,337561
2.0299332,-2.348158,1.3227509,2.644281974817994,0.0,-50.863622433829796,20913.6962890625,-51.84094919118642,11685.1806640625,-58.33158809071256,20999.1455078125,337581
2.0435622,-2.3596396,1.3295237,1.1259610419515544,0.0,-50.87033976113535,20935.05859375,-51.69446731142311,11685.1806640625,-58.40071799092912,20999.1455078125,337601
2.0561318,-2.370379,1.3358177,2.1582351593416944,0.0,-50.88574600984036,20913.6962890625,-51.85485435197796,11663.818359375,-58.48781878891315,20999.1455078125,337621
2.066573,-2.3796363,1.3411694,1.7475574508244556,0.0,-50.86698743445747,20913.6962890625,-51.94959723321874,11642.4560546875,-58.51589512257579,20999.1455078125,337641
2.0766726,-2.386136,1.3455391,2.5939473977638694,0.0,-50.80732717651959,20913.6962890625,-51.979339236905275,11663.818359375,-58.41077367597122,20956.4208984375,337661
2.0866628,-2.3917189,1.3495612,2.90385945568169,0.0,-50.86490487202127,20935.05859375,-51.81256414146777,11663.818359375,-58.578801084639345,20977.783203125,337681
2.0957112,-2.3974721,1.3534354,1.4718367331944118,0.0,-50.8439872889904,20935.05859375,-51.57851165115222,11621.09375,-58.409863162243,20977.783203125,337701
2.1038253,-2.4033928,1.3571539,2.3295684056892623,0.0,-50.906909339277036,20956.4208984375,-51.935232085811336,11663.818359375,-58.51834076609088,20977.783203125,337721
2.1132705,-2.4118576,1.361993,2.376856486626016,0.0,-50.857639987250145,20935.05859375,-52.19568439227433,11685.1806640625,-58.85968506892823,20999.1455078125,337741
2.122719,-2.4203138,1.3668402,2.692626686398624,0.0,-50.89066306197524,20935.05859375,-52.066829629372876,11685.1806640625,-58.44148541574612,20977.783203125,337761
2.1296496,-2.424573,1.3697579,2.9051939114720984,0.0,-50.89224140036184,20913.6962890625,-51.776080849121485,11642.4560546875,-58.58517863956603,21041.8701171875,337781
2.136586,-2.4288285,1.3726676,1.2819983633319452,0.0,-50.84185532338275,20935.05859375,-51.632302117405324,11642.4560546875,-58.68762320472143,20977.783203125,337801
2.1435242,-2.4330883,1.3755665,1.6743572620770728,0.0,-50.86272992804051,20935.05859375,-51.98753391149809,11663.818359375,-58.288340845130435,20935.05859375,337821
2.1499002,-2.4402602,1.3793098,2.30852229450685,0.0,-50.89799357688686,20935.05859375,-52.097413784380194,11685.1806640625,-58.62844923322033,20977.783203125,337841
2.162888,-2.4526567,1.3862196,2.4959123643596097,0.0,-50.89221910156397,20935.05859375,-51.93321476153877,11706.54296875,-58.59473953046277,20977.783203125,337861
2.181955,-2.47319,1.3971051,1.4527351609833785,0.0,-50.87572451174778,20956.4208984375,-51.860489914487985,11663.818359375,-58.54947177862975,20999.1455078125,337881
2.1995192,-2.4968376,1.4086823,1.086761559116975,0.0,-50.94032749885208,20935.05859375,-51.74850191338294,11642.4560546875,-58.47134763679327,21020.5078125,337901
2.2116437,-2.5168874,1.4179487,2.1201876445524275,0.0,-50.94071956457307,20935.05859375,-52.05407346514961,11685.1806640625,-58.35893162968364,20977.783203125,337921
2.2177155,-2.5287719,1.423239,2.659876722597965,0.0,-50.862779749647274,20913.6962890625,-52.09378169103529,11706.54296875,-58.604466614605364,20977.783203125,337941
2.218842,-2.5332222,1.4249681,1.1646853386104588,0.0,-50.94510233539778,20913.6962890625,-51.88871167035349,11642.4560546875,-58.72180339134366,21020.5078125,337961
2.2173288,-2.532588,1.4244188,2.4942726497395555,0.0,-51.023685184453754,20935.05859375,-51.89679605408407,11663.818359375,-58.42977482751989,21020.5078125,338021
2.2159214,-2.532868,1.4241958,2.595779790093507,0.0,-50.992809697763136,20913.6962890625,-52.0011024118339,11706.54296875,-58.370774260567046,21063.232421875,338041
2.2153313,-2.5320501,1.4237927,1.2814265317744007,0.0,-50.94107476267722,20913.6962890625,-51.87749296695475,11663.818359375,-58.48392009704675,20999.1455078125,338061
2.213462,-2.5324218,1.423498,0.9654213051073467,0.0,-50.983614996565045,20913.6962890625,-52.15972032187021,11642.4560546875,-58.801187211699016,21127.3193359375,338101
2.2124085,-2.531696,1.4230257,2.2429556509028155,0.0,-51.00245767455607,20913.6962890625,-51.92344694214158,11685.1806640625,-58.536653343323835,20977.783203125,338141
2.2110226,-2.5319715,1.4228139,2.3771043959734075,0.0,-51.0789860347994,20935.05859375,-52.284841311665346,11663.818359375,-58.58353743609754,21020.5078125,338201
2.2096367,-2.5322475,1.4226028,1.2048202103755006,0.0,-51.07309029566597,20935.05859375,-51.99815904143254,11642.4560546875,-58.60187563507152,21020.5078125,338261
2.2082505,-2.5325243,1.4223928,2.344729192811981,0.0,-51.10904271119118,20935.05859375,-52.03097817475516,11663.818359375,-58.78422092321316,20999.1455078125,338321
2.206864,-2.532801,1.422185,2.240967713709729,0.0,-51.111456457612725,20935.05859375,-52.3439444260815,11663.818359375,-58.84060758100073,20977.783203125,338381
2.2054775,-2.533078,1.4219792,1.223998634288289,0.0,-51.18048582836944,20935.05859375,-52.07593416182959,11642.4560546875,-58.959230119403685,21020.5078125,338441
2.2040913,-2.533356,1.4217727,2.462573558711936,0.0,-51.213383708234105,20913.6962890625,-52.22484807869073,11685.1806640625,-58.59715168972271,20999.1455078125,338501
2.2027051,-2.5336342,1.4215677,2.1371031394389397,0.0,-51.19554713220843,20913.6962890625,-52.447344758508066,11706.54296875,-58.466924918099465,20999.1455078125,338561
2.2013185,-2.5339127,1.4213641,1.262701847856491,0.0,-51.265345540956446,20913.6962890625,-52.15253341893363,11642.4560546875,-58.92080477249011,21020.5078125,338621
2.1999316,-2.5341902,1.4211619,2.461931839032355,0.0,-51.247324984636265,20935.05859375,-52.19086055840484,11685.1806640625,-58.81152862544286,21020.5078125,338681
2.1985452,-2.5344687,1.4209572,2.102247621774101,0.0,-51.25534951429696,20935.05859375,-52.59877452299415,11685.1806640625,-59.031410878939255,20977.783203125,338741
2.1972067,-2.5347416,1.4207475,1.6752759399885995,0.0,-51.19030035580031,20913.6962890625,-52.004338682569184,11642.4560546875,-58.77565386539732,21020.5078125,338881
2.1958227,-2.535024,1.4205322,1.9430603256716936,0.0,-51.22601938814619,20935.05859375,-52.40048247382872,11706.54296875,-58.74340943341732,21020.5078125,338941
2.1944382,-2.5353055,1.4203188,1.4710207243391693,0.0,-51.22693854856483,20913.6962890625,-52.055734245609315,11621.09375,-58.89758818482767,21041.8701171875,339001
2.193053,-2.535586,1.420108,1.7477808814775293,0.0,-51.294142347626305,20913.6962890625,-52.21627422759872,11685.1806640625,-58.6924090087105,21020.5078125,339061
2.1916676,-2.5358665,1.4198986,2.7901056380068616,0.0,-51.343344475662526,20913.6962890625,-52.303675093832695,11685.1806640625,-58.79947638775349,21041.8701171875,339121
2.190282,-2.5361469,1.4196914,1.470158914909888,0.0,-51.285549291219056,20935.05859375,-52.388075968714,11663.818359375,-58.75883330818348,20999.1455078125,339181
2.188896,-2.536427,1.4194858,1.785426096183106,0.0,-51.34040521822122,20935.05859375,-52.15508474679289,11663.818359375,-58.69798841064891,21020.5078125,339241
2.1875098,-2.5367074,1.419281,1.0824095985240128,0.0,-51.28174187325122,20935.05859375,-52.57742753414124,11685.1806640625,-58.75352441746004,20999.1455078125,339301
2.1861236,-2.536988,1.4190766,2.0530155572186946,0.0,-51.28614379434714,20913.6962890625,-52.215247025977945,11642.4560546875,-58.73706329789708,20977.783203125,339361
2.1847377,-2.537269,1.4188707,2.8251056641984977,0.0,-51.30683050807893,20913.6962890625,-52.27779402617515,11642.4560546875,-59.00112789988533,20999.1455078125,339421
2.1833515,-2.5375497,1.4186667,2.3937202424568507,0.0,-51.37584175371274,20913.6962890625,-52.54930620176904,11685.1806640625,-58.80890200994651,20956.4208984375,339481
2.1819654,-2.53783,1.418464,1.2616158573704142,0.0,-51.449015073955266,20935.05859375,-52.26976588354931,11663.818359375,-58.98544245780185,21020.5078125,339541
2.1805792,-2.5381107,1.4182613,2.08691252405882,0.0,-51.42086192566565,20913.6962890625,-52.34888427092005,11685.1806640625,-58.97613181737175,21020.5078125,339601
2.179193,-2.538392,1.4180586,2.3255255804010213,0.0,-51.475459074455266,20913.6962890625,-52.40958411701698,11685.1806640625,-58.878031620275955,20999.1455078125,339661
2.1778069,-2.5386739,1.4178553,2.890683430392431,0.0,-51.41173178448402,20913.6962890625,-52.41200832912491,11663.818359375,-58.996655468179554,21020.5078125,339721
2.1764207,-2.5389557,1.4176518,2.0688054136090175,0.0,-51.40966167181732,20913.6962890625,-52.2781825978315,11663.818359375,-58.77377695608864,21020.5078125,339781
2.1750348,-2.5392377,1.4174472,1.0631275927636226,0.0,-51.408572181600036,20935.05859375,-52.62832964760969,11685.1806640625,-59.1451963530589,21020.5078125,339841
2.1736486,-2.5395195,1.4172432,1.3772958322809967,0.0,-51.331794765893264,20935.05859375,-52.30110144942532,11642.4560546875,-58.840906802368984,20956.4208984375,339901
2.1722627,-2.5398011,1.4170406,2.172806378749182,0.0,-51.35816384182115,20956.4208984375,-52.3692078521698,11663.818359375,-59.129637205025844,20999.1455078125,339961
