0.2573836,6.425338,-3.4365659,1.9274803412657264,0.0,-80.5050740975718,20870.9716796875,-70.20221169375242,11685.1806640625,-76.29012472414601,21020.5078125,1412002
0.2560813,6.4258175,-3.436226,2.0155151911906337,0.0,-83.11289186339883,21127.3193359375,-69.95380751531862,11706.54296875,-76.36529705724436,20764.16015625,1412042
0.25477958,6.426298,-3.4358847,1.9630486895574304,0.0,-83.08990335588823,21640.0146484375,-69.7331715765859,11642.4560546875,-77.4143745410237,20785.5224609375,1412082
0.25347775,6.4267783,-3.4355438,1.962409461949022,0.0,-81.50446902534654,20935.05859375,-69.90572219380002,11749.267578125,-77.15484543578421,20870.9716796875,1412122
0.25217554,6.427258,-3.435204,1.9631055598501295,0.0,-80.08175497953357,21127.3193359375,-69.59511394246476,11706.54296875,-76.73900453211951,20913.6962890625,1412162
0.25087357,6.427738,-3.4348636,1.9624568288904682,0.0,-84.8035340122381,19845.5810546875,-69.8822710604402,11642.4560546875,-76.29074351776327,20892.333984375,1412202
0.24957164,6.428218,-3.4345224,1.9274334726022784,0.0,-82.376334644865,20849.609375,-69.24489202559502,11770.6298828125,-77.31090031559016,20849.609375,1412242
0.24826935,6.4286966,-3.4341817,1.9089802613638707,0.0,-81.09839458751645,20166.015625,-69.35184207272141,11749.267578125,-77.7329989389435,20913.6962890625,1412282
0.24696611,6.429175,-3.4338431,1.963131187990933,0.0,-82.44651257062044,20935.05859375,-69.82072054270236,11663.818359375,-76.71876902972545,20764.16015625,1412322
0.24566194,6.429652,-3.4335067,1.9090050162799148,0.0,-82.97548919097066,21298.2177734375,-69.8052214344075,11557.0068359375,-77.41000076963303,20977.783203125,1412362
0.24435773,6.430129,-3.4331703,1.9983440879765841,0.0,-83.01834111122335,20849.609375,-71.52462509592735,11663.818359375,-76.22469300830156,20401.0009765625,1412402
0.24305336,6.430606,-3.4328344,1.9448974501269238,0.0,-81.47471443000553,20849.609375,-69.95267889716804,11642.4560546875,-78.17849212218918,21575.927734375,1412442
0.24174924,6.431083,-3.4324982,2.0157925905987373,0.0,-82.27773987612466,20977.783203125,-70.52671823085072,11428.8330078125,-76.81941537098852,20849.609375,1412482
0.24044505,6.4315605,-3.4321623,1.9093242080369626,0.0,-81.89638201382444,20614.6240234375,-69.37741588006196,11706.54296875,-77.08434138942933,20892.333984375,1412522
0.23914094,6.4320383,-3.4318264,2.0511585408057456,0.0,-80.144106728332,20870.9716796875,-69.76674645389326,11621.09375,-77.06384847815622,21041.8701171875,1412562
0.2378374,6.432517,-3.4314895,1.9806120920127603,0.0,-81.37680079562617,21063.232421875,-69.62541152598908,11492.919921875,-77.47695029734811,20742.7978515625,1412602
0.2365341,6.432996,-3.431152,2.051030243796261,0.0,-81.80857002430605,20550.537109375,-69.91487765952543,11770.6298828125,-77.02204490159774,20956.4208984375,1412642
0.23523152,6.4334755,-3.4308133,1.9451294178358112,0.0,-82.06072921031563,21148.681640625,-69.73685135584061,11642.4560546875,-76.40238103212093,20956.4208984375,1412682
0.23392923,6.4339557,-3.430474,2.0510196545145276,0.0,-81.90329659535604,20700.0732421875,-70.67495947950812,11663.818359375,-77.17322292073865,20806.884765625,1412722
0.23262645,6.4344354,-3.4301357,1.819812025958894,0.0,-81.6525906921614,21469.1162109375,-69.48962970772156,11706.54296875,-75.71532824635443,21170.0439453125,1412762
0.23132448,6.434916,-3.4297955,1.980315651549164,0.0,-80.06451978467459,20593.26171875,-69.96431702555411,11791.9921875,-77.29667708933219,20849.609375,1412802
0.23002301,6.435397,-3.4294543,1.8378949383760448,0.0,-81.38669568873144,20806.884765625,-70.18022372194166,11813.3544921875,-76.93136275218264,20956.4208984375,1412842
0.22872151,6.435878,-3.4291131,2.033170308176328,0.0,-82.9959051260336,20977.783203125,-69.240383253008,11727.9052734375,-76.44005378445085,20913.6962890625,1412882
0.22741938,6.436358,-3.4287732,1.8378787330927957,0.0,-81.34409474554246,20849.609375,-69.61831894744304,11599.7314453125,-76.747863670378,20956.4208984375,1412922
0.22611712,6.436838,-3.4284337,1.9268366782789712,0.0,-81.98828514360068,20913.6962890625,-70.82675306941661,11706.54296875,-78.12745266930209,20422.36328125,1412962
0.2248153,6.437319,-3.4280937,1.9274711857157474,0.0,-82.93248567439909,20956.4208984375,-69.78993150822272,11749.267578125,-77.74239316817835,20593.26171875,1413002
0.22351466,6.4378014,-3.4277515,1.980131713097434,0.0,-80.95389008103618,20828.2470703125,-69.70833311737492,11663.818359375,-77.48966821783651,20935.05859375,1413042
0.22221386,6.438283,-3.4274092,2.0334781328975184,0.0,-83.04443936738147,21212.7685546875,-70.0585021791831,11621.09375,-77.04384506658735,20913.6962890625,1413102
0.22091216,6.438764,-3.427069,1.8375166505026077,0.0,-83.53505149855994,20913.6962890625,-69.3827940994325,11749.267578125,-77.81659266226973,20935.05859375,1413142
0.21960893,6.4392433,-3.4267323,1.9628290544400304,0.0,-81.19829196257804,20870.9716796875,-70.10277241520122,11621.09375,-77.08477424527226,21041.8701171875,1413182
0.21830577,6.4397235,-3.4263964,1.8377805212076082,0.0,-81.38578112388736,21020.5078125,-69.98358407464325,11557.0068359375,-77.6926086977496,20870.9716796875,1413222
0.21700318,6.4402056,-3.4260604,2.0510201733097895,0.0,-80.51111781539655,20635.986328125,-70.05616948403267,11642.4560546875,-76.47371583555076,20806.884765625,1413262
0.21570198,6.440689,-3.425722,1.8556828544049564,0.0,-83.5806095297601,20892.333984375,-69.5571484337765,11770.6298828125,-78.24042907469715,20870.9716796875,1413302
0.21440269,6.441175,-3.4253793,2.050976127581938,0.0,-82.29776253931843,20785.5224609375,-69.94663943970953,11770.6298828125,-76.55772342691365,20721.435546875,1413342
0.21310484,6.441662,-3.425033,2.0161001932924134,0.0,-82.79845687179662,21191.40625,-70.35665195729572,11514.2822265625,-77.33292589205662,20913.6962890625,1413382
0.2118078,6.44215,-3.424685,1.9802874947731295,0.0,-85.4150401933502,21362.3046875,-69.94205304248892,11727.9052734375,-77.5869869661184,21020.5078125,1413422
0.21051064,6.4426374,-3.424336,1.9630019300547774,0.0,-84.52250029516469,19653.3203125,-69.56995886931533,11599.7314453125,-76.50229183898072,20870.9716796875,1413462
0.2092139,6.443125,-3.4239857,1.9448168941966772,0.0,-82.23061415907594,20700.0732421875,-68.94666454789713,11578.369140625,-77.52898233589686,21020.5078125,1413502
0.20791665,6.443611,-3.4236364,1.873954623318291,0.0,-81.24625454742853,21041.8701171875,-69.2849297335251,11727.9052734375,-77.70481118012229,20593.26171875,1413542
0.20661964,6.444098,-3.4232867,2.033339039835582,0.0,-82.35744032235131,20913.6962890625,-70.0441471319124,11663.818359375,-77.40221132149286,20785.5224609375,1413582
0.2053561,6.4445744,-3.4229412,2.0332383669477077,0.0,-82.49364379914078,21383.6669921875,-70.06805137444165,11557.0068359375,-78.55231032192025,21041.8701171875,1413662
0.20406069,6.4450626,-3.4225876,1.9802924523293164,0.0,-85.66000656473278,21298.2177734375,-69.34580859423404,11834.716796875,-76.38973853215128,20935.05859375,1413702
0.20276573,6.445552,-3.4222336,2.0159362314141385,0.0,-81.9369293846479,20956.4208984375,-70.05288383320975,11663.818359375,-77.21770335851087,20700.0732421875,1413742
0.2019358,6.444661,-3.4211512,1.9268380923704918,0.0,-82.83416835007765,21063.232421875,-70.14338440157925,11770.6298828125,-77.28289415308213,20999.1455078125,1413762
0.20064004,6.44515,-3.4207995,2.0514284781636176,0.0,-83.51751147681802,19482.421875,-69.63323410729971,11685.1806640625,-77.54759832000629,20892.333984375,1413802
0.19934328,6.445638,-3.420451,1.873103557459583,0.0,-82.4993608453353,20870.9716796875,-70.00232072493635,11706.54296875,-76.54813112443769,20806.884765625,1413842
0.19807515,6.446113,-3.4201207,1.83725024530655,0.0,-81.98710521674082,20806.884765625,-70.04086459487826,11706.54296875,-79.32274888162928,20614.6240234375,1413922
0.19677484,6.4466004,-3.4197838,2.0514619823208244,0.0,-81.01272015657953,20849.609375,-69.89901579911614,11706.54296875,-77.9826205430829,21191.40625,1413962
0.19547403,6.447088,-3.4194486,1.9090499512799366,0.0,-80.79610357100178,20956.4208984375,-69.77078355483953,11685.1806640625,-78.19488836095458,20892.333984375,1414002
0.19817379,6.4460797,-3.420138,2.051520930902967,0.0,-83.5390364245582,20635.986328125,-69.79374971271524,11642.4560546875,-75.75878147792483,20913.6962890625,1414042
0.19964644,6.4419146,-3.4179397,1.9452780090285684,0.0,-80.04084648933159,20721.435546875,-68.52871215546978,11557.0068359375,-76.75565552496195,20422.36328125,1414102
0.20470333,6.434004,-3.4149294,1.980766797792803,0.0,-84.1578730696244,20849.609375,-69.89142542645766,11663.818359375,-76.91481063792412,20721.435546875,1414122
0.20917727,6.4226923,-3.409199,1.9269781275852873,0.0,-82.445114475897,20870.9716796875,-69.12846895929341,11621.09375,-76.14200451179863,20828.2470703125,1414142
0.2159255,6.4081206,-3.4023178,1.9624175868791762,0.0,-82.69684035859169,21063.232421875,-68.87471696509178,11685.1806640625,-77.04294462011813,21127.3193359375,1414162
0.22152984,6.3951797,-3.3960054,1.9808515747918967,0.0,-79.34157728818059,21469.1162109375,-68.87770757080831,11642.4560546875,-76.68336634279864,20892.333984375,1414182
0.22713041,6.3822403,-3.389686,2.0514027927797978,0.0,-77.8192649660826,20935.05859375,-68.59098888662326,11599.7314453125,-75.23277493214663,20764.16015625,1414202
0.23041302,6.3641386,-3.3784933,1.980227722852452,0.0,-79.35459613995123,20742.7978515625,-67.41433890843811,11706.54296875,-77.72499811298476,20635.986328125,1414222
0.23290393,6.3415146,-3.3636606,1.8191706834898367,0.0,-77.03928722708052,20999.1455078125,-66.58433578244923,11663.818359375,-74.3242519611619,20465.087890625,1414242
0.23763075,6.3156343,-3.3476586,1.9276560300465895,0.0,-79.76889913087382,21020.5078125,-66.14990416078327,11663.818359375,-75.12955810156248,20870.9716796875,1414262
0.24879833,6.2861056,-3.3324082,1.9095848264793294,0.0,-78.1718298733088,20956.4208984375,-66.84525498142932,11663.818359375,-77.12000454190412,20892.333984375,1414282
0.2675579,6.2513185,-3.3172746,1.909086844435333,0.0,-79.58344144791243,20977.783203125,-67.53779338189739,11706.54296875,-76.05934739991453,20700.0732421875,1414302
0.28615478,6.2081513,-3.2959616,1.980877193362494,0.0,-78.13880723848652,20956.4208984375,-66.96781544174415,11685.1806640625,-75.63093024211871,20935.05859375,1414342
0.28679016,6.1619763,-3.2635071,1.9089806936031553,0.0,-78.43574847635279,21020.5078125,-68.98138747717488,11599.7314453125,-76.13746545107749,20849.609375,1414382
0.27891314,6.1321893,-3.2386498,1.9802743781042598,0.0,-78.56014991293779,21469.1162109375,-67.65111310738834,11685.1806640625,-75.32965166906484,20764.16015625,1414402
0.2693017,6.1162877,-3.2229457,1.9808526741261767,0.0,-78.70455323868354,20913.6962890625,-67.60144653906343,11599.7314453125,-76.54554644709002,20913.6962890625,1414422
0.29471567,6.065869,-3.1989145,1.8910180132620935,0.0,-79.99783199066815,20977.783203125,-67.87853138694803,11685.1806640625,-75.37121234778719,20892.333984375,1414462
0.3218251,6.009989,-3.1716394,1.8374777093049421,0.0,-79.19663612914563,20935.05859375,-68.62114712367648,11535.64453125,-76.26313212659565,20721.435546875,1414482
0.3431941,5.9622207,-3.147401,1.980806295071535,0.0,-78.26244953804799,20849.609375,-68.12038236324396,11727.9052734375,-76.04341653215015,20956.4208984375,1414502
0.3424831,5.9211535,-3.1181474,2.033164287481779,0.0,-78.87148634101764,20828.2470703125,-67.75422201970316,11727.9052734375,-76.59025685614108,20999.1455078125,1414522
0.34787127,5.8754115,-3.088261,1.9803261083287127,0.0,-79.00894822013191,21533.203125,-67.20722485701114,11685.1806640625,-75.21806490975169,20935.05859375,1414542
0.36923957,5.830065,-3.0650527,1.9450787281132804,0.0,-77.59049348805894,20935.05859375,-66.80224352339026,11685.1806640625,-75.3949572757549,20721.435546875,1414582
0.3861159,5.785074,-3.0401475,1.9622629836906982,0.0,-77.3752830518695,21276.85546875,-66.93219688308504,11685.1806640625,-75.08220058362218,20892.333984375,1414602
0.40514016,5.7369256,-3.013705,1.8556823449215953,0.0,-79.49506858714076,20764.16015625,-66.41856991058165,11663.818359375,-75.60030946840858,20764.16015625,1414622
0.4402318,5.7003803,-3.0011725,1.8379768421755398,0.0,-77.29693413818688,21063.232421875,-66.3938903364775,11663.818359375,-74.7938945029807,20935.05859375,1414642
0.48362467,5.6795144,-3.0020652,1.8734263112653273,0.0,-77.48989041808952,20806.884765625,-66.9737998766311,11642.4560546875,-75.00137744886055,20956.4208984375,1414662
0.5036247,5.672716,-3.004336,1.9800121040346117,0.0,-76.65452658965894,20935.05859375,-66.33991973612915,11599.7314453125,-72.65050219485319,20956.4208984375,1414682
0.5100244,5.659517,-2.9973137,1.909550957424864,0.0,-77.84216250756003,20593.26171875,-66.15281637116207,11642.4560546875,-73.81776190617252,20806.884765625,1414702
0.5178464,5.628665,-2.9784026,1.8918029445843731,0.0,-79.51667067981833,20849.609375,-65.93871863757707,11535.64453125,-73.63454893929749,21319.580078125,1414722
0.52819294,5.5796967,-2.9476624,1.8730607526488958,0.0,-79.41673363800541,21148.681640625,-66.809338750916,11663.818359375,-74.85699231639458,20977.783203125,1414762
0.5279681,5.536746,-2.9176342,1.7654417078539144,0.0,-76.61319325453219,20721.435546875,-66.56499413678544,11428.8330078125,-75.05897964657824,21063.232421875,1414782
0.52404964,5.497465,-2.8890097,1.873875365555699,0.0,-79.24304200186113,20785.5224609375,-66.38963616327368,11706.54296875,-75.62634898561248,21020.5078125,1414802
0.5266341,5.460853,-2.8642976,1.9268871277106545,0.0,-79.24415706562917,21319.580078125,-66.45735855923954,11642.4560546875,-74.64974187437227,20999.1455078125,1414842
0.53048706,5.423785,-2.8396487,1.8917207495039166,0.0,-77.47701144280654,20935.05859375,-66.57481153255455,11685.1806640625,-75.68346149937719,21170.0439453125,1414862
0.5314474,5.3876376,-2.8148315,1.8916612211514914,0.0,-78.15655094135111,20742.7978515625,-66.77754000166031,11642.4560546875,-75.71497991400564,20806.884765625,1414882
0.5311868,5.3580537,-2.7942312,1.5625518231783557,0.0,-79.51163764613804,21383.6669921875,-66.75633572061531,11663.818359375,-74.40923815766314,20593.26171875,1414902
0.5315008,5.330737,-2.7753587,1.8910352275925093,0.0,-79.65597716573045,21041.8701171875,-67.45150276591166,11621.09375,-75.57252711068429,20764.16015625,1414922
0.5355857,5.3009715,-2.7557013,1.9273973005747893,0.0,-78.83938481135056,20828.2470703125,-67.06495574286383,11685.1806640625,-77.05585398072228,20956.4208984375,1414942
0.5385477,5.262867,-2.7299688,1.9094741208395607,0.0,-79.73703023381489,20913.6962890625,-67.1915626541248,11706.54296875,-76.40991942913102,20935.05859375,1414962
0.5367906,5.2249575,-2.703316,2.0331788815931704,0.0,-79.13168188814711,21020.5078125,-67.21451750981447,11749.267578125,-76.39808137679329,20956.4208984375,1414982
0.5380005,5.1922855,-2.6809354,1.873374730872274,0.0,-79.77807141927876,21105.95703125,-66.86743910693654,11621.09375,-75.19201522463518,21020.5078125,1415002
0.5435015,5.1545177,-2.6558378,1.783703342147048,0.0,-80.08935446024307,20806.884765625,-67.50857917459994,11492.919921875,-75.71632274107539,20379.638671875,1415022
0.55570984,5.1097665,-2.626861,1.962997005775714,0.0,-81.0882624324703,20529.1748046875,-67.56636353747892,11685.1806640625,-75.53650393160167,20977.783203125,1415042
0.5670233,5.0677857,-2.5994077,2.0331707924687317,0.0,-78.65692044546333,20806.884765625,-67.55372306796174,11706.54296875,-75.86138123624683,20742.7978515625,1415062
0.57426757,5.0282235,-2.5729,1.9091925759412445,0.0,-79.18860256299236,20614.6240234375,-68.45227200540604,11706.54296875,-77.18676821812052,20935.05859375,1415082
0.5780338,4.9883676,-2.545677,1.8918068171631188,0.0,-78.52275246633474,21084.5947265625,-67.61754851114372,11621.09375,-76.224139874195,20785.5224609375,1415102
0.5801329,4.948967,-2.5184789,1.9629111548301046,0.0,-81.29975689403753,19653.3203125,-67.85242922850748,11642.4560546875,-76.35666851967058,20593.26171875,1415122
0.5800325,4.912685,-2.493153,1.8731962293357685,0.0,-81.30790333821828,20849.609375,-68.83508171679625,11642.4560546875,-77.47768751561765,20678.7109375,1415142
0.58325106,4.881716,-2.4717286,1.9269804908993615,0.0,-80.9061822652389,21191.40625,-68.47312582005006,11663.818359375,-76.54215368052685,20571.8994140625,1415162
0.58650666,4.8594966,-2.4563637,1.8198638716645537,0.0,-78.79158997115329,20742.7978515625,-68.74098154711588,11663.818359375,-77.11457394515556,20913.6962890625,1415182
0.5885924,4.842598,-2.4446406,1.927112280609045,0.0,-83.4462836659759,21105.95703125,-69.50140029334615,11642.4560546875,-77.53701746347784,20742.7978515625,1415202
0.58552194,4.8245997,-2.4318967,1.9979070743112475,0.0,-80.65473979125713,21234.130859375,-71.50133876178177,11813.3544921875,-79.26025780828641,21234.130859375,1415222
0.58474994,4.8009405,-2.4152083,1.837497278962248,0.0,-80.58361391280818,21041.8701171875,-70.4507654251072,11791.9921875,-79.14270458925019,21041.8701171875,1415242
0.5861837,4.775384,-2.3972344,1.9274895001237533,0.0,-79.7760068301899,20635.986328125,-70.5282502739343,11642.4560546875,-77.90532616839353,20614.6240234375,1415262
0.59166896,4.748688,-2.3784888,1.962659699815861,0.0,-81.98185293271075,20742.7978515625,-70.53057161445581,11791.9921875,-77.43677308304557,20764.16015625,1415282
0.6007197,4.723497,-2.360784,1.9090965127482185,0.0,-80.7014397784883,20529.1748046875,-70.7911738336699,11685.1806640625,-78.88937500935134,20870.9716796875,1415302
0.60687375,4.695304,-2.3408709,1.9271905881650393,0.0,-82.84366954344378,20550.537109375,-70.41969996774458,11599.7314453125,-79.93832395256776,20977.783203125,1415322
0.6087273,4.664498,-2.3190534,1.8917230153738185,0.0,-85.59309759767277,21405.029296875,-71.53386256026594,11706.54296875,-81.42087700406734,21063.232421875,1415342
0.60755485,4.6306944,-2.2951012,1.8912496304038793,0.0,-85.64962777511059,20785.5224609375,-74.50861909337868,11813.3544921875,-80.04674260101795,20828.2470703125,1415382
0.60764897,4.59648,-2.270899,1.8555663428180216,0.0,-82.16089598797771,21298.2177734375,-72.94022581106285,11193.84765625,-85.08082850364644,20187.3779296875,1415402
0.60530776,4.5679274,-2.2508004,1.8914237167348278,0.0,-84.49753927550483,22238.1591796875,-73.14411169988811,11813.3544921875,-80.7824988202783,20870.9716796875,1415442
0.60360134,4.534073,-2.2269528,1.9269637222005058,0.0,-86.15200441648392,20037.841796875,-75.78718760974662,11813.3544921875,-85.26837891916657,21661.376953125,1415462
0.6025994,4.4986997,-2.202013,1.8376276436559036,0.0,-89.87422105181984,21105.95703125,-72.06361253128973,11834.716796875,-83.82129978225778,20123.291015625,1415482
0.5998846,4.4599385,-2.1747394,1.9095049702925109,0.0,-85.82725443564183,21426.3916015625,-74.12245632130073,11727.9052734375,-82.55788466551664,20272.8271484375,1415502
0.59918857,4.419259,-2.1460433,1.9449433522514363,0.0,-93.37970292581262,21960.44921875,-74.15592392980653,11663.818359375,-82.3362149911934,21533.203125,1415522
0.5994935,4.3743815,-2.1143765,1.90915244201077,0.0,-84.16448296542168,21020.5078125,-75.82752899442015,11599.7314453125,-80.03630790811398,21383.6669921875,1415542
0.59783244,4.3223486,-2.0777152,1.8916191746855515,0.0,-85.20857059203792,20635.986328125,-74.05746188555207,11834.716796875,-80.56318846898307,20956.4208984375,1415562
0.6068122,4.2568994,-2.031059,1.8736932560088728,0.0,-87.35579172840815,20721.435546875,-75.4658120023841,11193.84765625,-84.85814499037302,20849.609375,1415582
0.6095113,4.191964,-1.9849482,1.927035754551585,0.0,-87.42154927245753,20849.609375,-73.98830027063434,11386.1083984375,-83.2110706627135,20999.1455078125,1415602
0.576519,4.15429,-1.9600621,1.8377062610090078,0.0,-87.2647916454714,21810.9130859375,-75.2243507759153,11727.9052734375,-83.54358396203114,20999.1455078125,1415642
0.5550069,4.118283,-1.9358133,1.8914675586447474,0.0,-86.5361126280399,20272.8271484375,-74.6391080033993,11663.818359375,-80.67170707033826,21020.5078125,1415662
0.5431139,4.0831213,-1.9117793,1.9449799180894967,0.0,-87.16670553440153,19439.697265625,-73.41512802779599,11599.7314453125,-83.69323471927451,20870.9716796875,1415682
0.53308266,4.039568,-1.8817604,1.8915636461232124,0.0,-88.88786658045117,21063.232421875,-74.17387698259293,11599.7314453125,-85.79229191862817,21105.95703125,1415702
0.5277594,3.9841802,-1.8429705,1.8913412066348076,0.0,-86.07732650223465,21020.5078125,-74.33536559646532,11642.4560546875,-83.56472141932825,21148.681640625,1415722
0.5199203,3.9307294,-1.8058214,1.9450364242839249,0.0,-86.31957308545904,21063.232421875,-74.7641209629324,11215.2099609375,-86.2095890083964,21041.8701171875,1415762
0.5097355,3.870051,-1.7639674,1.9094912666326402,0.0,-86.48469548992233,20529.1748046875,-74.71340741945593,11685.1806640625,-81.62252859409386,20785.5224609375,1415782
0.5034743,3.814654,-1.7253308,1.855484633881479,0.0,-84.77968719330248,20465.087890625,-74.72537346866129,11599.7314453125,-86.0799925388329,20977.783203125,1415802
0.49996343,3.7740066,-1.6967958,1.909146525646621,0.0,-87.4202757998628,22729.4921875,-75.78075485154116,11236.572265625,-83.95222156572159,19845.5810546875,1415822
0.49640268,3.7424247,-1.6747785,1.9271620706550154,0.0,-87.50707823599217,21234.130859375,-75.59375390620623,11685.1806640625,-83.2236973815747,20806.884765625,1415842
0.48836824,3.7055995,-1.649693,1.8916362491936067,0.0,-86.87479714488738,19888.3056640625,-75.51017214260285,11621.09375,-84.84206651889905,18905.6396484375,1415862
0.4815532,3.6658196,-1.6221288,1.8554973071646328,0.0,-89.57988131294249,20892.333984375,-77.78324959458628,11557.0068359375,-84.4252267179143,21084.5947265625,1415882
0.4751032,3.6272037,-1.5952804,1.8913958670625397,0.0,-88.65998550001959,19204.7119140625,-76.00025386912674,11791.9921875,-84.97726605977319,53448.486328125,1415902
0.4644379,3.5924141,-1.5719659,1.9626576779528726,0.0,-85.29194407157897,20144.6533203125,-75.1485790744895,11621.09375,-85.07123338005613,21362.3046875,1415922
0.45887545,3.5561612,-1.546447,1.8915479700208937,0.0,-85.61319812600361,20529.1748046875,-74.29027934500333,11642.4560546875,-84.82253777130126,21276.85546875,1415942
0.46144235,3.5071802,-1.5097802,1.8553258706345424,0.0,-85.60045589389988,21170.0439453125,-74.4153654153544,12133.7890625,-82.47678758207567,21319.580078125,1415962
0.46714965,3.4585075,-1.4727942,1.9269207840491076,0.0,-88.72156176025516,21234.130859375,-74.43305020314133,11578.369140625,-80.99721444043783,20785.5224609375,1415982
0.4602634,3.4146981,-1.4420875,1.891546429652759,0.0,-84.75056710506882,20870.9716796875,-74.08849688740143,11856.0791015625,-83.35080868901558,21148.681640625,1416002
0.44908994,3.3746276,-1.4151708,1.8734589561344075,0.0,-85.37472647858067,20913.6962890625,-72.62723512018805,11663.818359375,-80.19487159620982,20913.6962890625,1416042
0.4409225,3.3298297,-1.3837353,1.9269389796443983,0.0,-87.8531283381472,21063.232421875,-73.03465883330475,11727.9052734375,-80.79812941899077,21041.8701171875,1416062
0.43053582,3.2867935,-1.3544186,1.9451948647293364,0.0,-84.39666159362895,20401.0009765625,-72.78838612800642,11749.267578125,-81.22658330927146,20764.16015625,1416102
0.41754332,3.2522168,-1.3324687,1.9090831891482063,0.0,-83.69248926452285,20401.0009765625,-72.92550847609024,11621.09375,-80.35994391888401,21020.5078125,1416142
0.40375826,3.2138917,-1.3079529,1.9273627674839413,0.0,-84.6355190955102,20721.435546875,-73.01201480194482,11642.4560546875,-81.70988554361573,20806.884765625,1416162
0.39368472,3.1771688,-1.2834607,1.8736283491138943,0.0,-83.80710122570406,20913.6962890625,-72.8508520302486,11279.296875,-79.09500495399219,21426.3916015625,1416182
0.38874212,3.1521955,-1.266137,1.8733360742789271,0.0,-85.00985657593758,20230.1025390625,-73.1134908138725,11791.9921875,-79.97835027144191,20529.1748046875,1416202
0.38464728,3.1387873,-1.257401,1.9626236147247165,0.0,-84.08005302848363,21041.8701171875,-72.86078154401069,11706.54296875,-82.44173034250224,21127.3193359375,1416222
0.3796814,3.1164198,-1.2420849,1.945306685904224,0.0,-85.58900347419952,19738.76953125,-73.14242397581002,11557.0068359375,-79.09604886849225,20913.6962890625,1416242
0.37216842,3.0920002,-1.2263306,1.8734556606013428,0.0,-85.48072434583622,19567.87109375,-73.1053668458169,11685.1806640625,-81.00149295536454,20977.783203125,1416262
0.3693714,3.080855,-1.2189084,1.9091530015601696,0.0,-86.57111063445528,20956.4208984375,-73.14560754404394,11791.9921875,-82.88069600125469,20272.8271484375,1416282
0.36835626,3.067948,-1.2094034,1.980388964615289,0.0,-85.40085227770987,20678.7109375,-72.66255966844952,11535.64453125,-83.732756693563,20721.435546875,1416302
0.36665267,3.053857,-1.1993281,1.9451729210247717,0.0,-81.74628931485876,19781.494140625,-72.37104005065297,11727.9052734375,-80.2986698011803,20657.3486328125,1416322
0.36538944,3.0528584,-1.199082,1.9091674903521225,0.0,-85.84990685221656,20315.5517578125,-73.09535929102526,11727.9052734375,-80.67872882324943,20721.435546875,1416362
0.35465753,3.0357862,-1.1903573,1.9453132636206378,0.0,-86.75037121176153,19375.6103515625,-72.78820383694294,11898.8037109375,-85.0437738945543,19567.87109375,1416402
0.34194866,3.0179327,-1.1818033,1.9094570982511971,0.0,-88.57539529065502,21041.8701171875,-71.34695779632317,11706.54296875,-79.42862052797936,20742.7978515625,1416422
0.33210415,2.997985,-1.1704242,1.9091148448700934,0.0,-83.76881310064377,21490.478515625,-73.38430832302895,11791.9921875,-80.87071304691803,19567.87109375,1416442
0.32384166,2.9603047,-1.1443905,1.9451726637235478,0.0,-84.87709757871512,20935.05859375,-73.59448949559793,11813.3544921875,-83.21542002750931,21234.130859375,1416482
0.3138699,2.9177997,-1.1151401,1.9273840766974946,0.0,-87.01218122493597,20935.05859375,-73.23947157510777,11727.9052734375,-80.6227947601985,20657.3486328125,1416502
0.29746333,2.871737,-1.0858268,1.927008400027067,0.0,-84.94119832745957,20678.7109375,-73.61361414028916,11471.5576171875,-82.2699961534118,20678.7109375,1416522
0.2765782,2.8322806,-1.0635067,1.9981164164151874,0.0,-86.54173101296107,20913.6962890625,-74.08109369024386,11642.4560546875,-80.05790141205536,21020.5078125,1416542
0.25337815,2.7962015,-1.0446572,1.8915881937517889,0.0,-82.3608230408184,20593.26171875,-72.4096107407978,11813.3544921875,-84.8281440092666,21276.85546875,1416562
0.23671557,2.7662492,-1.0279543,1.8911158427415025,0.0,-86.29188815866227,20422.36328125,-73.87637059356642,11770.6298828125,-80.65356315242593,22238.1591796875,1416602
0.21405713,2.7313495,-1.0098207,1.9270696175443698,0.0,-83.73864184646244,21383.6669921875,-73.8855674667482,11663.818359375,-81.06526101445873,20913.6962890625,1416622
0.20583539,2.7083344,-0.9949858,1.8554916802661678,0.0,-83.93507674329331,20507.8125,-73.86715385080669,11663.818359375,-80.56688821133957,20956.4208984375,1416662
0.19827178,2.686484,-0.98072326,1.9625542915310545,0.0,-86.69439513252244,22323.6083984375,-73.31395615952357,11663.818359375,-80.55093827583357,20700.0732421875,1416682
0.19188718,2.6709604,-0.9710283,1.980494341472577,0.0,-85.18033095758443,20849.609375,-72.84028937474883,11856.0791015625,-80.49504524988203,20806.884765625,1416702
0.18842284,2.6666107,-0.96905833,1.9451938916633218,0.0,-85.0593274837994,20892.333984375,-73.12035631335709,11428.8330078125,-82.25137068779118,21020.5078125,1416722
0.17679833,2.6539302,-0.9639616,1.9093995419859289,0.0,-86.89505790073447,21127.3193359375,-73.32396091843668,11193.84765625,-82.98475228222975,20742.7978515625,1416742
0.15773313,2.634027,-0.95639306,1.9446648249217429,0.0,-85.94419312358632,20465.087890625,-72.68748808570278,11557.0068359375,-77.99620061246605,21063.232421875,1416762
0.1449921,2.6109104,-0.94352794,1.9982088985937811,0.0,-85.83743420399072,20742.7978515625,-72.70114361656015,11727.9052734375,-82.22779980179683,21041.8701171875,1416782
0.13393612,2.5926843,-0.9337905,1.9274345697688924,0.0,-88.14721132641523,20721.435546875,-71.5697734230688,11557.0068359375,-82.17341971415257,20336.9140625,1416802
0.12583223,2.5681806,-0.9177799,1.9451278823153872,0.0,-85.67727629858913,72631.8359375,-73.15914425157558,11621.09375,-82.03133828425678,20806.884765625,1416822
0.11943337,2.54855,-0.90489525,1.9091140208330095,0.0,-84.88997157980485,20870.9716796875,-72.36870163137213,11770.6298828125,-81.41175351814461,20080.56640625,1416842
0.11667381,2.5345528,-0.8949234,1.9273780668155036,0.0,-86.23005471427392,21276.85546875,-72.6772171312395,11685.1806640625,-81.95191449063327,20764.16015625,1416882
0.11346117,2.522045,-0.8863212,1.927206023711843,0.0,-86.83075801330588,20700.0732421875,-72.5360307079711,11621.09375,-81.27433914739272,20550.537109375,1416902
0.10483301,2.5097911,-0.8803842,1.9447734754248978,0.0,-84.42387188216392,20443.7255859375,-72.70246739318311,11599.7314453125,-82.80672301088165,21020.5078125,1416922
0.09943365,2.5046463,-0.8787395,1.9449506077001448,0.0,-84.11435074613097,20700.0732421875,-71.79800565903318,11642.4560546875,-83.26058433930146,21362.3046875,1416942
0.09769976,2.5051625,-0.8799531,1.8555775911177639,0.0,-86.60899430692513,21575.927734375,-73.0206989153733,11663.818359375,-83.30939889510563,20614.6240234375,1416982
0.09656413,2.5055037,-0.88075036,1.9804478320875687,0.0,-91.94031166726803,71115.1123046875,-72.76002291464445,11557.0068359375,-83.2590461665491,20849.609375,1417022
0.09525641,2.5045464,-0.8805848,1.9452916787169185,0.0,-84.99697357383022,20913.6962890625,-73.5254543957402,11727.9052734375,-81.2162950886662,20806.884765625,1417042
0.081467606,2.4952004,-0.8793998,1.9449847471374508,0.0,-83.85053243429286,20977.783203125,-73.47713979715724,11749.267578125,-79.70429327497311,20401.0009765625,1417062
0.06810006,2.484365,-0.87686765,1.9269756044712973,0.0,-85.69109037714013,10189.8193359375,-73.95340236123644,11685.1806640625,-81.29696248637251,21490.478515625,1417082
0.06191795,2.4781184,-0.8747078,1.9272733399016808,0.0,-84.0476558959609,20785.5224609375,-72.99431347306086,11749.267578125,-83.93998131833064,20892.333984375,1417102
0.058058508,2.4711595,-0.87091315,1.92737179652227,0.0,-84.75560467552353,21469.1162109375,-73.48821300319773,11706.54296875,-81.83129299434697,20764.16015625,1417122
0.054195378,2.4641993,-0.86712444,1.8734745421815202,0.0,-87.07685485260828,20870.9716796875,-73.36060346805233,11749.267578125,-82.69950100829786,21084.5947265625,1417142
0.052916013,2.463231,-0.8669511,1.9271565291879562,0.0,-82.53594552893321,21105.95703125,-73.393893005194,11727.9052734375,-83.26732308427088,19866.943359375,1417222
0.045168325,2.4588013,-0.8670468,1.9269698128567745,0.0,-88.82333139246272,21127.3193359375,-72.88977672343553,11663.818359375,-81.07016424806704,20700.0732421875,1417242
0.037088923,2.4517584,-0.86519986,1.980494117022785,0.0,-85.35010658769495,21383.6669921875,-72.42254301650217,11727.9052734375,-81.18979820027393,20828.2470703125,1417262
0.029419202,2.4432354,-0.861967,1.9273700666119624,0.0,-85.408139518556,20657.3486328125,-72.90697453084192,11621.09375,-78.33718687632751,21212.7685546875,1417282
0.017296761,2.4279153,-0.8553962,1.855488820985638,0.0,-83.97640975058188,20742.7978515625,-74.76279330034917,11535.64453125,-81.44491505713417,20742.7978515625,1417302
0.0015117135,2.4068673,-0.8461068,1.9447571961444425,0.0,-83.92905585745032,21276.85546875,-73.47785514419229,11706.54296875,-82.0290490017158,20678.7109375,1417322
-0.007601696,2.396026,-0.8418071,2.0159590559651344,0.0,-85.16557165794771,20828.2470703125,-72.90532740660771,11642.4560546875,-83.44714974659732,20977.783203125,1417342
-0.012279101,2.3920028,-0.8408192,1.9448820977318433,0.0,-85.27656033766888,21832.275390625,-73.47405320949531,11621.09375,-79.57524763230975,20956.4208984375,1417382
-0.013583595,2.3910391,-0.8406667,1.9269221639115606,0.0,-83.90678042974086,20977.783203125,-73.59892011329377,11791.9921875,-82.98787449635866,20785.5224609375,1417402
-0.014719803,2.3913956,-0.8414565,1.909556083022233,0.0,-86.02784982599661,21170.0439453125,-73.18189898972369,11642.4560546875,-79.23072305342387,20550.537109375,1417442
-0.016594717,2.3906143,-0.84169936,1.944793113650467,0.0,-84.26979745734798,20870.9716796875,-73.61949644036125,11663.818359375,-81.37867167421624,20956.4208984375,1417482
-0.02201749,2.385465,-0.84014803,1.909469832932154,0.0,-85.1794303806978,20465.087890625,-74.30794428146426,11642.4560546875,-82.53972538041616,20379.638671875,1417502
-0.03694925,2.3764355,-0.83989555,1.9273815349244872,0.0,-82.80555630522754,21212.7685546875,-73.50989238156558,11727.9052734375,-83.80355881497118,21105.95703125,1417522
-0.056433175,2.3647344,-0.8395879,1.909264964929709,0.0,-83.55220232538798,20870.9716796875,-73.43540386566835,11663.818359375,-79.67886004080852,20849.609375,1417542
-0.06756997,2.357272,-0.83879745,1.944871502969264,0.0,-86.09856425153725,21063.232421875,-72.74774782077726,11663.818359375,-81.73003651446965,20828.2470703125,1417562
-0.07268919,2.3547757,-0.8391423,1.9450864934306542,0.0,-88.42559058250858,125567.626953125,-73.09103774185026,11834.716796875,-83.25041775830633,20742.7978515625,1417582
-0.07442837,2.3553312,-0.8403307,1.9273890958314952,0.0,-86.10850783636747,20764.16015625,-72.90489021943472,11706.54296875,-81.03483824024363,20806.884765625,1417602
-0.07616693,2.3558886,-0.8415192,1.891291540836297,0.0,-82.69236658975848,20892.333984375,-72.89980383811367,11621.09375,-80.96400188340503,20635.986328125,1417622
-0.07747723,2.3549335,-0.8413629,1.9628019032375774,0.0,-85.30935848400821,21041.8701171875,-71.97969613194337,11685.1806640625,-81.67423088540593,21063.232421875,1417662
-0.07878806,2.3539793,-0.841205,1.9449021396993185,0.0,-83.48188134007422,21041.8701171875,-73.32130320546246,11386.1083984375,-82.77648356950411,21319.580078125,1417702
-0.08067241,2.3532143,-0.84143406,1.9983082008029802,0.0,-85.70845316067049,20828.2470703125,-71.91909447158406,11749.267578125,-81.61043518850315,21020.5078125,1417742
-0.08181122,2.3535905,-0.84221065,1.855478137073316,0.0,-83.29959867838858,20892.333984375,-72.4044275150412,11706.54296875,-81.42393354311422,20913.6962890625,1417782
-0.08162744,2.3549118,-0.8431455,1.9803289121574297,0.0,-84.6816178468326,20571.8994140625,-72.69252910713735,11727.9052734375,-79.30876585252408,20785.5224609375,1417802
-0.08276449,2.3552997,-0.84391904,1.9451924460232912,0.0,-84.19701184106401,20977.783203125,-72.65465025242004,11642.4560546875,-80.26967973106478,21084.5947265625,1417842
-0.08409693,2.3543758,-0.8437609,2.0160635976409154,0.0,-84.71509805342954,19781.494140625,-70.59429739684002,11514.2822265625,-80.1891586192157,20849.609375,1417902
-0.08659667,2.3538737,-0.84438396,1.909525263888189,0.0,-82.4368445273052,21191.40625,-71.16608050165874,11621.09375,-79.64110339474925,20935.05859375,1417922
-0.089099586,2.3533769,-0.8449983,1.85534455142633,0.0,-89.48805192210958,21383.6669921875,-71.22901402166909,11578.369140625,-81.60963831389255,21020.5078125,1417942
-0.09023863,2.3537889,-0.8457563,1.909372283635663,0.0,-86.23981280873913,20721.435546875,-69.65995182576029,11642.4560546875,-78.60459021949129,21127.3193359375,1418002
-0.0912084,2.355544,-0.8474498,1.9270845602042517,0.0,-81.5997596352321,20529.1748046875,-71.71192639868758,11685.1806640625,-79.2839762746855,20849.609375,1418022
-0.09180465,2.3599608,-0.8510126,1.9980350859084595,0.0,-83.14574482421465,20849.609375,-71.20708371345471,11685.1806640625,-79.68752951128084,20999.1455078125,1418042
-0.09511375,2.3625839,-0.85423565,1.9094756781912787,0.0,-82.6073688118447,20764.16015625,-70.63471653361869,11621.09375,-80.26386413323218,21148.681640625,1418062
-0.09920104,2.3641136,-0.8568871,1.9630363531484527,0.0,-83.95152061536294,21105.95703125,-71.28819009325771,11791.9921875,-80.870939406163,21105.95703125,1418082
-0.10211878,2.365213,-0.8587701,1.9091634129090869,0.0,-82.4887943517302,21084.5947265625,-71.01995229888372,11621.09375,-80.44713464021757,21127.3193359375,1418102
-0.10191668,2.3665428,-0.8596889,1.9448833625706416,0.0,-83.37042661790667,21661.376953125,-71.06635485020934,11642.4560546875,-79.28844578893853,21212.7685546875,1418122
-0.097813904,2.3692067,-0.8602,1.998253775851608,0.0,-82.98139732926785,20721.435546875,-71.41591357816453,11834.716796875,-77.37877917456936,20849.609375,1418142
-0.094101466,2.3734195,-0.8620231,1.9094814323444675,0.0,-81.54229076458043,21105.95703125,-71.04873667433972,11663.818359375,-80.18733968398561,20935.05859375,1418162
-0.09389384,2.3747504,-0.8629395,1.9803510681833845,0.0,-83.37500951153928,20977.783203125,-71.17484163702449,11642.4560546875,-79.56555424150505,20806.884765625,1418202
-0.09503747,2.375195,-0.8636717,1.8736782118469943,0.0,-81.48756087179969,20913.6962890625,-70.4505086255802,11706.54296875,-80.31463495159099,20870.9716796875,1418242
-0.096780635,2.3758752,-0.8647872,1.8911815587724838,0.0,-83.0254838097295,21105.95703125,-70.61558460356727,11685.1806640625,-80.42329652273872,22259.521484375,1418262
-0.09792513,2.376322,-0.86551666,1.9628776472270588,0.0,-88.19983761245018,21041.8701171875,-70.47177075080089,11578.369140625,-79.5802578560201,21234.130859375,1418322
-0.1002433,2.3772256,-0.8669927,1.99805013081783,0.0,-81.74649046730794,20828.2470703125,-70.28821036297342,11642.4560546875,-78.85285623249477,20806.884765625,1418362
-0.0974729,2.3789654,-0.867337,1.8555900873825146,0.0,-81.54541793094577,20785.5224609375,-70.37294709840607,11663.818359375,-78.54647338845794,20828.2470703125,1418402
-0.09413027,2.3804817,-0.8673183,1.9269273249845926,0.0,-82.95612307322854,20999.1455078125,-70.9458550636044,11364.74609375,-77.59223592416116,20785.5224609375,1418422
-0.09274448,2.38135,-0.8674934,1.9981316767729973,0.0,-80.01021723621415,20700.0732421875,-70.00209757801224,11578.369140625,-78.71116239606623,20956.4208984375,1418442
-0.093891226,2.3818033,-0.8682153,1.9093913844387198,0.0,-80.55218530357376,21020.5078125,-70.11751410856513,11984.2529296875,-78.08688529755284,20956.4208984375,1418482
-0.095037885,2.3822606,-0.8689347,1.9452876578802545,0.0,-81.90745312593646,21469.1162109375,-70.1098923068315,11663.818359375,-79.36347214266416,20828.2470703125,1418542
-0.09618516,2.3827188,-0.86965257,1.9269974697776284,0.0,-84.23337907019656,20251.46484375,-70.23307058833419,11663.818359375,-78.23849701867307,20892.333984375,1418582
-0.0973345,2.38318,-0.87036544,1.9449624926917215,0.0,-82.53855163254002,20742.7978515625,-70.74092212529798,11920.166015625,-76.78014804272524,21148.681640625,1418642
-0.09848461,2.3836424,-0.87107605,1.92716559415139,0.0,-82.44371610952271,21020.5078125,-70.25371344986473,11642.4560546875,-79.066527037057,20742.7978515625,1418682
-0.09963473,2.3841043,-0.87178713,1.8374421529849148,0.0,-81.74604969026836,21298.2177734375,-70.16776924527346,11685.1806640625,-77.4358851731517,20935.05859375,1418722
-0.1019665,2.3850389,-0.8732218,1.9453019126296898,0.0,-80.84769060051272,21127.3193359375,-70.21843229214424,11663.818359375,-80.85797399744997,21746.826171875,1418782
-0.10332879,2.3841708,-0.87301147,1.8911383803520958,0.0,-82.34771102532474,21490.478515625,-70.42341877581377,11727.9052734375,-78.34936707661821,20742.7978515625,1418822
-0.10448413,2.3846352,-0.8737122,1.9095290152713322,0.0,-82.97465985642444,21063.232421875,-70.29340826895181,11663.818359375,-78.97518429505756,20935.05859375,1418862
-0.10564059,2.3851006,-0.8744105,1.9625669284291525,0.0,-82.52868379023192,21490.478515625,-70.1934652793601,11706.54296875,-77.8500409377345,20571.8994140625,1418902
-0.106769145,2.3855555,-0.87509024,1.9625745973406816,0.0,-82.17754845343727,20529.1748046875,-70.29164064644203,11685.1806640625,-79.4473360433299,21020.5078125,1418982
-0.107143946,2.3871233,-0.8763498,1.8736862788242354,0.0,-80.70195877832084,20764.16015625,-70.5868294036362,11642.4560546875,-79.06715122355976,20870.9716796875,1419022
-0.10830153,2.3875892,-0.8770461,1.9270817084775858,0.0,-82.76468945599346,21554.5654296875,-70.21686476636339,11642.4560546875,-78.3455173510918,21340.9423828125,1419062
-0.109459765,2.3880537,-0.8777422,1.9273833251148684,0.0,-81.24814319192299,21041.8701171875,-70.32372366530068,11642.4560546875,-78.33613510883308,20892.333984375,1419102
-0.11061853,2.3885195,-0.8784364,1.9981985327646123,0.0,-84.2964129277081,19717.4072265625,-70.45448405803613,11706.54296875,-79.00443038371834,21105.95703125,1419142
-0.1117775,2.3889842,-0.879131,1.8735510822730175,0.0,-82.66919112886016,21212.7685546875,-69.34774751285272,11685.1806640625,-80.75842332344831,20336.9140625,1419182
-0.112937115,2.3894491,-0.87982446,1.9448757331250575,0.0,-82.71760900795942,21020.5078125,-70.35856949162624,11663.818359375,-78.25787384413539,20956.4208984375,1419222
-0.11409688,2.3899128,-0.8805184,1.8736998001511287,0.0,-83.34925936781462,20977.783203125,-70.83095487282878,11599.7314453125,-78.25391691936909,20742.7978515625,1419262
-0.11525653,2.390377,-0.8812123,1.9804392948704055,0.0,-82.17342169909861,20208.740234375,-70.16180779433373,11685.1806640625,-77.5726855386176,20742.7978515625,1419302
-0.11641713,2.3908415,-0.8819043,1.9093783887472795,0.0,-81.24878974279163,20892.333984375,-70.64646528732969,11621.09375,-80.23238370352158,20614.6240234375,1419342
-0.11757833,2.391306,-0.88259536,1.927049505930125,0.0,-82.33749558635662,20465.087890625,-70.76340325093302,11813.3544921875,-79.92368041580464,20187.3779296875,1419382
-0.11873913,2.3917706,-0.8832871,1.9450534635833174,0.0,-85.16993923925313,20870.9716796875,-70.683833819632,11663.818359375,-78.91910344103212,20913.6962890625,1419422
-0.11989925,2.3922348,-0.8839801,1.9980222574203022,0.0,-81.9910372748731,21746.826171875,-70.77981775074029,11727.9052734375,-79.66078422308789,21105.95703125,1419462
-0.12105972,2.3927007,-0.8846714,1.9451249642946677,0.0,-81.388317922992,20593.26171875,-70.91261851049474,11642.4560546875,-77.28909544742007,20678.7109375,1419502
-0.122219905,2.393166,-0.88536346,1.998128127822187,0.0,-84.69605035367925,21981.8115234375,-70.38319920756533,11642.4560546875,-80.40720021104633,20465.087890625,1419542
-0.12260054,2.394733,-0.8866228,1.9092989798129705,0.0,-81.30751126937297,20849.609375,-70.83106868801836,11621.09375,-80.41872845747612,20721.435546875,1419582
-0.12376079,2.395198,-0.88731503,1.9805581959872118,0.0,-82.73289131356934,20935.05859375,-70.64181423616172,11621.09375,-78.01261053118299,20465.087890625,1419622
-0.12492096,2.3956633,-0.8880074,1.9091118362302626,0.0,-84.55940963335225,20828.2470703125,-70.43410540541286,11535.64453125,-78.58604266358692,20999.1455078125,1419682
-0.12608112,2.3961287,-0.8886995,1.8553091748215937,0.0,-81.62284593573462,20870.9716796875,-70.71033789834918,11663.818359375,-79.5583539569955,21020.5078125,1419742
-0.12724142,2.3965948,-0.8893909,1.998327896225619,0.0,-83.08421103298144,20935.05859375,-70.31445661576116,11642.4560546875,-79.5762671771883,21084.5947265625,1419782
-0.12840185,2.3970613,-0.8900818,1.909215029034195,0.0,-83.9243128268744,20700.0732421875,-70.652249921827,11727.9052734375,-80.48066279869059,20806.884765625,1419822
-0.12956287,2.397529,-0.8907711,1.9804907156373606,0.0,-83.67475582542511,21020.5078125,-70.09947172068425,11813.3544921875,-79.3498160091161,20913.6962890625,1419862
-0.13072477,2.3979983,-0.8914575,1.891293180271866,0.0,-83.47984825294341,21063.232421875,-70.33645524820435,11791.9921875,-80.07962863255287,20913.6962890625,1419902
-0.13188674,2.3984692,-0.8921429,1.9451317894986109,0.0,-83.69467052309608,20742.7978515625,-70.73919680971179,11578.369140625,-80.30759350814725,20614.6240234375,1419942
-0.13302031,2.398928,-0.8928115,1.9629735312132923,0.0,-82.41488306318149,20593.26171875,-70.67488405619126,11685.1806640625,-79.37646729496636,20465.087890625,1420022
-0.1341825,2.3993988,-0.89349663,1.9090967077046677,0.0,-86.09824624964857,20785.5224609375,-70.74869091246684,11642.4560546875,-81.35647879553653,21170.0439453125,1420062
-0.1353443,2.3998685,-0.89418304,1.9452263125999523,0.0,-81.86873021486826,20785.5224609375,-70.82206784458269,11642.4560546875,-78.55865501416959,20550.537109375,1420102
-0.13650656,2.400339,-0.8948683,1.9625519777652625,0.0,-85.00343103534632,21234.130859375,-70.84565083944229,11642.4560546875,-82.27280934923425,21490.478515625,1420142
-0.13766932,2.4008088,-0.895553,1.945164519518131,0.0,-82.51816430754828,20657.3486328125,-70.4893719487266,11621.09375,-77.8687428257386,20593.26171875,1420182
-0.13883217,2.4012797,-0.8962369,1.9625783198106883,0.0,-84.87577508679591,21682.7392578125,-70.58673521938879,11599.7314453125,-78.95267494010079,20913.6962890625,1420222
-0.13999476,2.4017525,-0.89691997,1.9094729665371095,0.0,-80.18810206659751,21127.3193359375,-70.75486953713681,11663.818359375,-76.71429713571005,20977.783203125,1420262
-0.14115651,2.4022255,-0.8976042,1.944715652436205,0.0,-83.14188621616228,21575.927734375,-70.84401718642917,11770.6298828125,-78.74613878488813,21105.95703125,1420302
-0.14231844,2.4026992,-0.8982877,1.8917181674013674,0.0,-83.44760906601974,21597.2900390625,-70.46779116374785,11514.2822265625,-79.07461272457489,20849.609375,1420342
-0.14347972,2.4031723,-0.8989727,1.9625420463310315,0.0,-84.04086570328006,20913.6962890625,-70.84980078195221,11791.9921875,-80.46902018869153,21298.2177734375,1420382
-0.14464083,2.403645,-0.8996582,1.9451216068964898,0.0,-83.45874082671635,20849.609375,-70.35494791305734,11706.54296875,-80.69993792314668,20657.3486328125,1420422
-0.14580211,2.4041178,-0.9003434,1.980305627558362,0.0,-82.45257572079029,20935.05859375,-70.87227441078628,11621.09375,-81.00487557814573,20785.5224609375,1420462
-0.14696355,2.404591,-0.90102804,1.873607433025206,0.0,-84.2324472969955,21041.8701171875,-70.74502041871925,11706.54296875,-80.31646248427106,20849.609375,1420502
-0.1481248,2.405064,-0.90171313,1.9270706233558887,0.0,-80.61494874968595,20913.6962890625,-70.6484705715137,11599.7314453125,-80.7151881992925,20742.7978515625,1420542
-0.14928609,2.4055376,-0.9023979,1.8736296152572947,0.0,-80.48198194565343,20892.333984375,-71.00349127803058,11685.1806640625,-81.36061140201092,20764.16015625,1420582
-0.15044734,2.4060118,-0.90308213,1.9092440239029675,0.0,-82.26616097579274,20977.783203125,-71.14072684145404,11407.470703125,-78.89683171303676,20764.16015625,1420622
-0.15160824,2.4064865,-0.90376663,1.873624522028027,0.0,-82.45662318070444,21148.681640625,-69.91629822385713,11856.0791015625,-80.20127842006424,20849.609375,1420662
-0.15276822,2.4069605,-0.90445334,1.9981920821981412,0.0,-84.41850610605597,20294.189453125,-70.94368059474812,11642.4560546875,-82.53606635229832,21981.8115234375,1420702
-0.15392826,2.407435,-0.9051394,1.8735650667271455,0.0,-82.17429664078252,21319.580078125,-71.03571818496427,11599.7314453125,-82.47521658403429,21362.3046875,1420742
-0.15505981,2.4078984,-0.90580803,1.8555497975705233,0.0,-83.51635739187753,20828.2470703125,-71.06165709971768,11578.369140625,-80.45013301388468,20999.1455078125,1420822
-0.1562197,2.4083745,-0.9064935,1.998194431140613,0.0,-83.84153315936986,21340.9423828125,-71.02833285297497,11535.64453125,-77.22830048048911,20785.5224609375,1420862
-0.1565935,2.4099498,-0.90774375,1.9449180351268187,0.0,-84.05225956062824,20892.333984375,-71.05332084122793,11813.3544921875,-77.5754673568591,20764.16015625,1420902
-0.15775222,2.4104261,-0.90843093,1.998274562724383,0.0,-85.82935151107456,21533.203125,-70.74455912321761,11599.7314453125,-79.73058668701698,20892.333984375,1420942
-0.15812491,2.412002,-0.9096812,1.8734024505807156,0.0,-84.10056159361261,20550.537109375,-71.41911206270811,11685.1806640625,-78.85623914118831,20507.8125,1420982
-0.15925518,2.4124682,-0.9103502,1.9271424373002823,0.0,-82.37328197318752,20635.986328125,-70.56688074554484,11834.716796875,-78.64126541596438,20806.884765625,1421062
-0.16041407,2.412947,-0.91103536,1.9806694974309522,0.0,-85.0913672377604,20913.6962890625,-70.54328817382395,11599.7314453125,-79.37206619994845,20849.609375,1421102
-0.16157287,2.4134257,-0.91172063,1.891365359517385,0.0,-83.73887268387988,21170.0439453125,-71.23548412265622,11685.1806640625,-81.16848741585568,20571.8994140625,1421142
-0.1627314,2.413905,-0.91240615,1.9630206589585089,0.0,-84.32097530857348,21234.130859375,-70.76278719331806,11599.7314453125,-79.6905173529133,20999.1455078125,1421182
-0.16388986,2.414384,-0.9130918,1.962634839290409,0.0,-82.61969024091192,20999.1455078125,-71.48802072911508,11663.818359375,-80.58283615228075,20465.087890625,1421222
-0.1650484,2.4148626,-0.91377753,1.9630231417335462,0.0,-82.127167110728,20657.3486328125,-70.22984092179202,11749.267578125,-83.81527445647501,20166.015625,1421262
-0.16620764,2.4153423,-0.91446143,1.9091057423324578,0.0,-84.05281568552519,20892.333984375,-70.06202789795013,11749.267578125,-78.86312303592634,20614.6240234375,1421302
-0.16736713,2.4158218,-0.91514516,1.9629505664900506,0.0,-83.13892654123576,20977.783203125,-70.65630313844436,11599.7314453125,-79.94780221822558,20806.884765625,1421342
-0.16852695,2.4163017,-0.915828,1.927011944231196,0.0,-82.11859119733518,21170.0439453125,-70.90643243576922,11791.9921875,-77.9198512163895,21426.3916015625,1421382
-0.16968662,2.4167812,-0.9165113,1.94521319497801,0.0,-84.85287629575068,21533.203125,-70.79974237432165,11685.1806640625,-81.05288147891775,21682.7392578125,1421422
